Date,Open,High,Low,Close,Volume,Dividends,Stock Splits
1993-08-12 00:00:00-04:00,3.0245310187860346,3.0245310187860346,2.8550529875609554,2.9854207038879395,13086600,0.0,0.0
1993-08-13 00:00:00-04:00,2.972384736344621,2.972384736344621,2.8941640853881836,2.8941640853881836,1277800,0.0,0.0
1993-08-16 00:00:00-04:00,2.8941623376948495,2.9202358722686768,2.881125570407936,2.9202358722686768,559000,0.0,0.0
1993-08-17 00:00:00-04:00,2.9202355957031254,2.9463091278076172,2.9071988296508793,2.933272361755371,545600,0.0,0.0
1993-08-18 00:00:00-04:00,2.9332723617553715,2.9332723617553715,2.9332723617553715,2.933272361755371,469200,0.0,0.0
1993-08-19 00:00:00-04:00,2.933272274371186,2.933272274371186,2.8811252117156982,2.8811252117156982,409400,0.0,0.0
1993-08-20 00:00:00-04:00,2.8941633262976403,2.933273641517879,2.8941633262976403,2.9072000980377197,540800,0.0,0.0
1993-08-23 00:00:00-04:00,2.907199104981763,2.933272639555591,2.8941623376948495,2.9202358722686768,335600,0.0,0.0
1993-08-24 00:00:00-04:00,2.920236696755833,2.959347009658813,2.920236696755833,2.9593470096588135,234400,0.0,0.0
1993-08-25 00:00:00-04:00,2.933272639555591,2.933272639555591,2.9202358722686768,2.9202358722686768,102600,0.0,0.0
1993-08-26 00:00:00-04:00,2.9202368457244474,2.9854207038879395,2.9202368457244474,2.9854207038879395,180400,0.0,0.0
1993-08-27 00:00:00-04:00,2.9854203536447166,2.9854203536447166,2.9332732732317086,2.946310043334961,119600,0.0,0.0
1993-08-30 00:00:00-04:00,2.9332732732317086,2.9723835835414647,2.9332732732317086,2.946310043334961,71400,0.0,0.0
1993-08-31 00:00:00-04:00,2.946308471845544,3.011492287594339,2.946308471845544,2.99845552444458,147000,0.0,0.0
1993-09-01 00:00:00-04:00,3.0114942471533364,3.0245310187860346,2.9854207038879395,2.9854207038879395,141600,0.0,0.0
1993-09-02 00:00:00-04:00,3.0245299339294434,3.0245299339294434,2.998456400016259,3.0245299339294434,217600,0.0,0.0
1993-09-03 00:00:00-04:00,3.0114945020431128,3.089715138459817,3.0114945020431128,3.050604820251465,178800,0.0,0.0
1993-09-07 00:00:00-04:00,3.0375670575081033,3.0897141314567405,3.0375670575081033,3.063640594482422,167600,0.0,0.0
1993-09-08 00:00:00-04:00,3.089713768712406,3.102750535668998,3.0245299339294434,3.0245299339294434,276200,0.0,0.0
1993-09-09 00:00:00-04:00,3.02453127477923,3.1027519111959343,3.02453127477923,3.050604820251465,74400,0.0,0.0
1993-09-10 00:00:00-04:00,3.0375677022066983,3.1809721860018643,3.0375677022066983,3.1548986434936523,245000,0.0,0.0
1993-09-13 00:00:00-04:00,3.1157867540915807,3.1288235187530518,3.1027499894301096,3.1288235187530518,251200,0.0,0.0
1993-09-14 00:00:00-04:00,3.076676368713379,3.089713132987588,3.037566075890751,3.076676368713379,127000,0.0,0.0
1993-09-15 00:00:00-04:00,3.076676368713379,3.076676368713379,3.037566075890751,3.076676368713379,162400,0.0,0.0
1993-09-16 00:00:00-04:00,3.1027519702911377,3.1027519702911377,3.063641651337888,3.1027519702911377,88800,0.0,0.0
1993-09-17 00:00:00-04:00,3.089714360929624,3.1418614387512207,3.0766775914742244,3.1418614387512207,113000,0.0,0.0
1993-09-20 00:00:00-04:00,3.111404427027298,3.137661004470566,3.0982761383056636,3.098276138305664,15400,0.105,0.0
1993-09-21 00:00:00-04:00,3.1245319893591517,3.1245319893591517,3.0851471323504227,3.111403703689575,286000,0.0,0.0
1993-09-22 00:00:00-04:00,3.098273995531154,3.137658834457397,3.0851457158890727,3.1376588344573975,54800,0.0,0.0
1993-09-23 00:00:00-04:00,3.1245319893591517,3.1245319893591517,3.0851471323504227,3.111403703689575,51000,0.0,0.0
1993-09-24 00:00:00-04:00,3.098275398317709,3.163916826248169,3.098275398317709,3.163916826248169,265000,0.0,0.0
1993-09-27 00:00:00-04:00,3.1639158630751045,3.30832696055986,3.1639158630751045,3.295198678970337,675400,0.0,0.0
1993-09-28 00:00:00-04:00,3.2820734712812634,3.3214583529366384,3.255816883511013,3.3083300590515137,360800,0.0,0.0
1993-09-29 00:00:00-04:00,3.3083300590515132,3.3870998223622637,3.3083300590515132,3.3083300590515137,823200,0.0,0.0
1993-09-30 00:00:00-04:00,3.29520036322046,3.308328651520143,3.2558154983214105,3.2689437866210938,138000,0.0,0.0
1993-10-01 00:00:00-04:00,3.2689437866210938,3.308328651520143,3.2689437866210938,3.2689437866210938,31600,0.0,0.0
1993-10-04 00:00:00-04:00,3.255815052595295,3.255815052595295,3.177045333580893,3.2033019065856934,27600,0.0,0.0
1993-10-05 00:00:00-04:00,3.2033019065856934,3.2426867660928944,3.190173620083293,3.2033019065856934,87600,0.0,0.0
1993-10-06 00:00:00-04:00,3.177043914794922,3.268941879272461,3.177043914794922,3.2558135986328125,327600,0.0,0.0
1993-10-07 00:00:00-04:00,3.2295589217220444,3.308328651520143,3.2295589217220444,3.2689437866210938,40400,0.0,0.0
1993-10-08 00:00:00-04:00,3.2952008430105053,3.6759212591352255,3.2952008430105053,3.597151517868042,1242600,0.0,0.0
1993-10-11 00:00:00-04:00,3.5708913803100586,3.62340448884403,3.5708913803100586,3.5708913803100586,885200,0.0,0.0
1993-10-12 00:00:00-04:00,3.5708930095036826,3.833458671967189,3.5708930095036826,3.7809455394744873,708200,0.0,0.0
1993-10-13 00:00:00-04:00,3.8072052807875085,3.8072052807875085,3.7284355163574223,3.728435516357422,55600,0.0,0.0
1993-10-14 00:00:00-04:00,3.7284355163574223,3.7284355163574223,3.7284355163574223,3.728435516357422,55000,0.0,0.0
1993-10-15 00:00:00-04:00,3.728434736975308,3.8597176502490864,3.728434736975308,3.807204484939575,200600,0.0,0.0
1993-10-18 00:00:00-04:00,3.7940745353698735,3.8465876777279338,3.7284331074222976,3.794074535369873,47200,0.0,0.0
1993-10-19 00:00:00-04:00,3.7678206980228426,3.7678206980228426,3.6759226322174072,3.6759226322174072,173400,0.0,0.0
1993-10-20 00:00:00-04:00,3.675920014740319,3.6890483005072485,3.584022014371811,3.6627917289733887,141600,0.0,0.0
1993-10-21 00:00:00-04:00,3.636536369289177,3.636536369289177,3.6102797890055007,3.623408079147339,32200,0.0,0.0
1993-10-22 00:00:00-04:00,3.6102811566420963,3.728435812677656,3.6102811566420963,3.6759226322174072,161000,0.0,0.0
1993-10-25 00:00:00-04:00,3.662792930500113,3.7021778007205444,3.5971514801327276,3.6496646404266357,48000,0.0,0.0
1993-10-26 00:00:00-04:00,3.597150582668966,3.597150582668966,3.5577657222747803,3.5577657222747803,27000,0.0,0.0
1993-10-27 00:00:00-04:00,3.5183804035186768,3.5315086886064333,3.5052521184309207,3.5183804035186768,122400,0.0,0.0
1993-10-28 00:00:00-04:00,3.518378271776087,3.5708913803100586,3.465865163242116,3.5708913803100586,75400,0.0,0.0
1993-10-29 00:00:00-04:00,3.5971507819550994,3.63653564453125,3.5708942069043323,3.63653564453125,224400,0.0,0.0
1993-11-01 00:00:00-05:00,3.6234080602796817,3.649664640426636,3.610279770206205,3.6496646404266357,24400,0.0,0.0
1993-11-02 00:00:00-05:00,3.6234073570058665,3.6496639320566335,3.610279069480483,3.63653564453125,68800,0.0,0.0
1993-11-03 00:00:00-05:00,3.6365377468722206,3.6759226322174072,3.6234094517571585,3.6759226322174072,233600,0.0,0.0
1993-11-04 00:00:00-05:00,3.6627912839253747,3.6627912839253747,3.5446367263793945,3.5446367263793945,267400,0.0,0.0
1993-11-05 00:00:00-05:00,3.544638319838819,3.6759212205735903,3.544638319838819,3.6496646404266357,333200,0.0,0.0
1993-11-08 00:00:00-05:00,3.675920439929497,3.7678184509277344,3.649663865358572,3.7678184509277344,164600,0.0,0.0
1993-11-09 00:00:00-05:00,3.8072033127841216,3.8334598873550467,3.7678184509277344,3.7678184509277344,192800,0.0,0.0
1993-11-10 00:00:00-05:00,3.7415616689844335,3.7415616689844335,3.702176809310913,3.702176809310913,6800,0.0,0.0
1993-11-11 00:00:00-05:00,3.6759212205735903,3.6759212205735903,3.610279770206205,3.6496646404266357,95800,0.0,0.0
1993-11-12 00:00:00-05:00,3.675920014740319,3.675920014740319,3.6496634432064594,3.6627917289733887,70400,0.0,0.0
1993-11-15 00:00:00-05:00,3.636536369289177,3.636536369289177,3.5183817580126333,3.623408079147339,138000,0.0,0.0
1993-11-16 00:00:00-05:00,3.610278869467028,3.610278869467028,3.5446374354767185,3.5577657222747803,12200,0.0,0.0
1993-11-17 00:00:00-05:00,3.5315084674965744,3.544636751762361,3.4264821933702825,3.4527387619018555,190800,0.0,0.0
1993-11-18 00:00:00-05:00,3.413356410132514,3.4264847040176387,3.268945177396138,3.3083300590515137,310600,0.0,0.0
1993-11-19 00:00:00-05:00,3.3083300590515132,3.3214583529366384,3.268945177396138,3.3083300590515137,180200,0.0,0.0
1993-11-22 00:00:00-05:00,3.295198678970337,3.295198678970337,3.2820703973808136,3.295198678970337,52200,0.0,0.0
1993-11-23 00:00:00-05:00,3.29520036322046,3.308328651520143,3.2558154983214105,3.2689437866210938,163200,0.0,0.0
1993-11-24 00:00:00-05:00,3.2426872100217277,3.29520036322046,3.2295589217220444,3.2689437866210938,289200,0.0,0.0
1993-11-26 00:00:00-05:00,3.268941879272461,3.268941879272461,3.2558135986328125,3.2558135986328125,19000,0.0,0.0
1993-11-29 00:00:00-05:00,3.2820701599121094,3.3083267211914062,3.242685317993164,3.2558135986328125,96400,0.0,0.0
1993-11-30 00:00:00-05:00,3.242686903476715,3.4133546352386475,3.242686903476715,3.4133546352386475,162600,0.0,0.0
1993-12-01 00:00:00-05:00,3.3870993225942017,3.3870993225942017,3.2820729870098853,3.321457862854004,117600,0.0,0.0
1993-12-02 00:00:00-05:00,3.331584930419922,3.331584930419922,3.2916059112548828,3.331584930419922,28200,0.235,0.0
1993-12-03 00:00:00-05:00,3.304931879043579,3.304931879043579,3.2649528643777295,3.304931879043579,34800,0.0,0.0
1993-12-06 00:00:00-05:00,3.2649521333762848,3.344910144805908,3.2649521333762848,3.344910144805908,191800,0.0,0.0
1993-12-07 00:00:00-05:00,3.3449128279610285,3.35823917388916,3.3049337901766336,3.35823917388916,22600,0.0,0.0
1993-12-08 00:00:00-05:00,3.358237231931379,3.358237231931379,3.304931879043579,3.304931879043579,27000,0.0,0.0
1993-12-09 00:00:00-05:00,3.3049309971820877,3.344910001180258,3.3049309971820877,3.3182573318481445,52400,0.0,0.0
1993-12-10 00:00:00-05:00,3.3449112701416017,3.3449112701416017,3.3049322509765626,3.331584930419922,146000,0.0,0.0
1993-12-13 00:00:00-05:00,3.3449112701416017,3.3449112701416017,3.3049322509765626,3.331584930419922,257200,0.0,0.0
1993-12-14 00:00:00-05:00,3.331584339382268,3.331584339382268,3.171668291091919,3.171668291091919,168800,0.0,0.0
1993-12-15 00:00:00-05:00,3.14501582038018,3.304931879043579,3.1050368057143305,3.304931879043579,409600,0.0,0.0
1993-12-16 00:00:00-05:00,3.3049337901766336,3.4381972494579496,3.3049337901766336,3.35823917388916,119800,0.0,0.0
1993-12-17 00:00:00-05:00,3.384890289306641,3.384890289306641,3.331584930419922,3.331584930419922,59400,0.0,0.0
1993-12-20 00:00:00-05:00,3.331584930419922,3.358237609863281,3.318258590698242,3.331584930419922,54600,0.0,0.0
1993-12-21 00:00:00-05:00,3.3582366036205755,3.3582366036205755,3.2516259177913507,3.2782785892486572,239000,0.0,0.0
1993-12-22 00:00:00-05:00,3.304931879043579,3.3182582172655293,3.304931879043579,3.304931879043579,16600,0.0,0.0
1993-12-23 00:00:00-05:00,3.3182582172655293,3.358237231931379,3.304931879043579,3.304931879043579,51000,0.0,0.0
1993-12-27 00:00:00-05:00,3.304931879043579,3.304931879043579,3.304931879043579,3.304931879043579,50000,0.0,0.0
1993-12-28 00:00:00-05:00,3.331585725148519,3.3982174396514893,3.331585725148519,3.3982174396514893,239000,0.0,0.0
1993-12-29 00:00:00-05:00,3.3848909690917246,3.398217311489723,3.3582382842957266,3.3715646266937256,394600,0.0,0.0
1993-12-30 00:00:00-05:00,3.35823917388916,3.35823917388916,3.3049337901766336,3.35823917388916,160000,0.0,0.0
1993-12-31 00:00:00-05:00,3.371564753850301,3.3982174396514893,3.3182593822479247,3.3982174396514893,56000,0.0,0.0
1994-01-03 00:00:00-05:00,3.3715625454167855,3.3715625454167855,3.251625537872315,3.2516255378723145,82200,0.0,0.0
1994-01-04 00:00:00-05:00,3.2782810342456647,3.3049337255809954,3.2782810342456647,3.29160737991333,269000,0.0,0.0
1994-01-05 00:00:00-05:00,3.2916049788395565,3.2916049788395565,3.1849942912658054,3.1983206272125244,48000,0.0,0.0
1994-01-06 00:00:00-05:00,3.1983224717144187,3.1983224717144187,3.171669784450132,3.1849961280822754,56200,0.0,0.0
1994-01-07 00:00:00-05:00,3.1716677925803447,3.1716677925803447,3.051730775213861,3.078383445739746,235600,0.0,0.0
1994-01-10 00:00:00-05:00,3.0783842288214585,3.105036906127272,3.0783842288214585,3.0917105674743652,136400,0.0,0.0
1994-01-11 00:00:00-05:00,3.0917107019668975,3.158342398129977,3.0783843627342815,3.118363380432129,89200,0.0,0.0
1994-01-12 00:00:00-05:00,3.145015616376861,3.1983209658069773,3.145015616376861,3.171668291091919,130400,0.0,0.0
1994-01-13 00:00:00-05:00,3.1849942912658054,3.1983206272125244,3.1849942912658054,3.1983206272125244,67400,0.0,0.0
1994-01-14 00:00:00-05:00,3.211647303164506,3.211647303164506,3.171668291091919,3.171668291091919,45800,0.0,0.0
1994-01-17 00:00:00-05:00,3.198321276697619,3.198321276697619,3.0917105674743652,3.0917105674743652,7000,0.0,0.0
1994-01-18 00:00:00-05:00,3.051730941689533,3.091709949659265,3.0250782697097116,3.0650572776794434,228400,0.0,0.0
1994-01-19 00:00:00-05:00,3.038405212862738,3.0917105674743652,3.038405212862738,3.0917105674743652,124800,0.0,0.0
1994-01-20 00:00:00-05:00,3.118363684796272,3.145016365862907,3.105037344262955,3.13169002532959,430200,0.0,0.0
1994-01-21 00:00:00-05:00,3.1183647495482614,3.131691094631801,3.105038404464722,3.1050384044647217,765000,0.0,0.0
1994-01-24 00:00:00-05:00,3.105038404464722,3.1183647495482614,3.0917120593811824,3.1050384044647217,376000,0.0,0.0
1994-01-25 00:00:00-05:00,3.1050362856491756,3.1050362856491756,3.0250782697097116,3.0650572776794434,353000,0.0,0.0
1994-01-26 00:00:00-05:00,3.0384046056996223,3.091709949659265,3.0384046056996223,3.0650572776794434,183400,0.0,0.0
1994-01-27 00:00:00-05:00,3.0783857142976427,3.105038404464722,3.051733024130564,3.1050384044647217,264000,0.0,0.0
1994-01-28 00:00:00-05:00,3.1050362856491756,3.1050362856491756,3.065057277679444,3.0650572776794434,213600,0.0,0.0
1994-01-31 00:00:00-05:00,3.0917120593811824,3.105038404464722,3.0783857142976427,3.1050384044647217,270800,0.0,0.0
1994-02-01 00:00:00-05:00,3.0917120593811824,3.1183647495482614,3.0783857142976427,3.1050384044647217,279000,0.0,0.0
1994-02-02 00:00:00-05:00,3.1050370411995134,3.1183633804321294,3.1050370411995134,3.118363380432129,184800,0.0,0.0
1994-02-03 00:00:00-05:00,3.105038404464722,3.1183647495482614,3.0917120593811824,3.1050384044647217,114600,0.0,0.0
1994-02-04 00:00:00-05:00,3.131689619289215,3.131689619289215,3.0517315864562993,3.051731586456299,136600,0.0,0.0
1994-02-07 00:00:00-05:00,3.038405212862738,3.0917105674743652,3.038405212862738,3.0917105674743652,32200,0.0,0.0
1994-02-08 00:00:00-05:00,3.0917105674743652,3.0917105674743652,3.051731551515645,3.0917105674743652,114400,0.0,0.0
1994-02-09 00:00:00-05:00,3.0917120593811824,3.1183647495482614,3.065059369214103,3.1050384044647217,283400,0.0,0.0
1994-02-10 00:00:00-05:00,3.1050370411995134,3.1450160588973612,3.1050370411995134,3.118363380432129,297800,0.0,0.0
1994-02-11 00:00:00-05:00,3.118364409921558,3.1849961280822754,3.118364409921558,3.1849961280822754,90800,0.0,0.0
1994-02-14 00:00:00-05:00,3.15834219115121,3.2782792363848006,3.15834219115121,3.2649528980255127,305000,0.0,0.0
1994-02-15 00:00:00-05:00,3.2649542029502463,3.2649542029502463,3.2383015155792236,3.2383015155792236,173600,0.0,0.0
1994-02-16 00:00:00-05:00,3.238300221306937,3.2649528980255127,3.238300221306937,3.2649528980255127,63400,0.0,0.0
1994-02-17 00:00:00-05:00,3.291606696446737,3.3982174396514893,3.291606696446737,3.3982174396514893,309200,0.0,0.0
1994-02-18 00:00:00-05:00,3.4115421486637305,3.4915001677730366,3.4115421486637305,3.451521158218384,282000,0.0,0.0
1994-02-22 00:00:00-05:00,3.478174545711145,3.5714589205003326,3.478174545711145,3.5448062419891357,115200,0.0,0.0
1994-02-23 00:00:00-05:00,3.5181535634779397,3.544806241989136,3.491500884966743,3.5448062419891357,192800,0.0,0.0
1994-02-24 00:00:00-05:00,3.518154099583626,3.518154099583626,3.411543369293213,3.411543369293213,170000,0.0,0.0
1994-02-25 00:00:00-05:00,3.438194202541841,3.438194202541841,3.4115415343050826,3.424867868423462,144000,0.0,0.0
1994-02-28 00:00:00-05:00,3.411541492766754,3.5048258304595943,3.411541492766754,3.5048258304595947,125000,0.0,0.0
1994-03-01 00:00:00-05:00,3.4915015048907634,3.4915015048907634,3.4248697967821613,3.478175163269043,227400,0.0,0.0
1994-03-02 00:00:00-05:00,3.4515223931521177,3.4648487344384193,3.411543369293213,3.411543369293213,175000,0.0,0.0
1994-03-03 00:00:00-05:00,3.371564345434308,3.411543369293213,3.3582380041480064,3.411543369293213,63600,0.0,0.0
1994-03-04 00:00:00-05:00,3.411543369293213,3.411543369293213,3.3848906867206097,3.411543369293213,6600,0.0,0.0
1994-03-07 00:00:00-05:00,3.4115430255268895,3.4381957054138184,3.398216685583425,3.4381957054138184,72600,0.0,0.0
1994-03-08 00:00:00-05:00,3.438196051865816,3.478175075724721,3.411543369293213,3.411543369293213,38200,0.0,0.0
1994-03-09 00:00:00-05:00,3.3982154857589904,3.3982154857589904,3.3049311390910963,3.344910144805908,33200,0.0,0.0
1994-03-10 00:00:00-05:00,3.358239294037105,3.43819737246656,3.358239294037105,3.384891986846924,13000,0.0,0.0
1994-03-11 00:00:00-05:00,3.4115437825520836,3.4115437825520836,3.344912068049113,3.3982174396514893,55600,0.0,0.0
1994-03-14 00:00:00-05:00,3.39821588076078,3.4648475646972656,3.331584196824294,3.4648475646972656,65000,0.0,0.0
1994-03-15 00:00:00-05:00,3.438196051865816,3.438196051865816,3.371564345434308,3.411543369293213,117800,0.0,0.0
1994-03-16 00:00:00-05:00,3.4248701254526774,3.4248701254526774,3.3848910967508954,3.3982174396514893,19800,0.0,0.0
1994-03-17 00:00:00-05:00,3.39821711353872,3.4915015048907634,3.39821711353872,3.478175163269043,202800,0.0,0.0
1994-03-18 00:00:00-05:00,3.4914999008178715,3.518152571816481,3.438194558820652,3.491499900817871,117200,0.0,0.0
1994-03-21 00:00:00-05:00,3.489335677095952,3.543433904647827,3.4622865633200144,3.543433904647827,250000,0.24,0.0
1994-03-22 00:00:00-05:00,3.543435155428373,3.543435155428373,3.516386032104492,3.516386032104492,151000,0.0,0.0
1994-03-23 00:00:00-05:00,3.543434018052919,3.6110568046569824,3.543434018052919,3.6110568046569824,66600,0.0,0.0
1994-03-24 00:00:00-05:00,3.6110568046569824,3.6110568046569824,3.5569585753737316,3.6110568046569824,75200,0.0,0.0
1994-03-25 00:00:00-05:00,3.584007690015357,3.6110568046569824,3.584007690015357,3.6110568046569824,9600,0.0,0.0
1994-03-28 00:00:00-05:00,3.5975321321997025,3.5975321321997025,3.5163847908718897,3.543433904647827,73000,0.0,0.0
1994-03-29 00:00:00-05:00,3.5434359626770022,3.5434359626770022,3.354092056274414,3.381141185760498,295800,0.0,0.0
1994-03-30 00:00:00-05:00,3.367615116424248,3.367615116424248,3.218844970718759,3.299992322921753,358000,0.0,0.0
1994-03-31 00:00:00-05:00,3.313516962083049,3.3270415211119597,3.245894166938497,3.2594187259674072,189000,0.0,0.0
1994-04-04 00:00:00-04:00,3.232369688378663,3.2458942477442636,3.0835995353570507,3.2188451290130615,491000,0.0,0.0
1994-04-05 00:00:00-04:00,3.2458932399749756,3.2458932399749756,3.191795019308726,3.2458932399749756,110800,0.0,0.0
1994-04-06 00:00:00-04:00,3.2594199800115873,3.435239315032959,3.2594199800115873,3.435239315032959,53200,0.0,0.0
1994-04-07 00:00:00-04:00,3.462288074923637,3.597533702850342,3.462288074923637,3.597533702850342,97400,0.0,0.0
1994-04-08 00:00:00-04:00,3.59753275288682,3.59753275288682,3.475811719894409,3.475811719894409,23000,0.0,0.0
1994-04-11 00:00:00-04:00,3.502861763301649,3.597533702850342,3.489337200508978,3.597533702850342,121600,0.0,0.0
1994-04-12 00:00:00-04:00,3.5840075753117335,3.62458124597564,3.543433904647827,3.543433904647827,207000,0.0,0.0
1994-04-13 00:00:00-04:00,3.51638602832007,3.51638602832007,3.408189535140991,3.408189535140991,58000,0.0,0.0
1994-04-14 00:00:00-04:00,3.435239444732666,3.46228857421875,3.381141185760498,3.381141185760498,49800,0.0,0.0
1994-04-15 00:00:00-04:00,3.381141058103306,3.448763879265372,3.381141058103306,3.435239315032959,293800,0.0,0.0
1994-04-18 00:00:00-04:00,3.4081894196569915,3.4622876644134517,3.4081894196569915,3.462287664413452,9600,0.0,0.0
1994-04-19 00:00:00-04:00,3.4622876644134517,3.489336786791682,3.4217139808461066,3.462287664413452,33600,0.0,0.0
1994-04-20 00:00:00-04:00,3.435239315032959,3.435239315032959,3.4081901865681323,3.435239315032959,91600,0.0,0.0
1994-04-21 00:00:00-04:00,3.435239315032959,3.448763879265372,3.435239315032959,3.435239315032959,61000,0.0,0.0
1994-04-22 00:00:00-04:00,3.4352390457602113,3.4487636089324956,3.4217144825879267,3.448763608932495,19800,0.0,0.0
1994-04-25 00:00:00-04:00,3.421714303137242,3.5299108028411865,3.421714303137242,3.5299108028411865,33400,0.0,0.0
1994-04-26 00:00:00-04:00,3.5434349439319037,3.5434349439319037,3.502861261367798,3.502861261367798,6200,0.0,0.0
1994-04-28 00:00:00-04:00,3.5028602339839208,3.543433904647827,3.489335677095952,3.543433904647827,353000,0.0,0.0
1994-04-29 00:00:00-04:00,3.543433904647827,3.543433904647827,3.5163847908718897,3.543433904647827,244400,0.0,0.0
1994-05-02 00:00:00-04:00,3.543435155428373,3.543435155428373,3.516386032104492,3.516386032104492,21200,0.0,0.0
1994-05-03 00:00:00-04:00,3.489336700513096,3.502861261367798,3.475812139658394,3.502861261367798,28000,0.0,0.0
1994-05-04 00:00:00-04:00,3.502862486728402,3.5163870523142258,3.46228878997093,3.489337921142578,27000,0.0,0.0
1994-05-05 00:00:00-04:00,3.5163870523142258,3.5163870523142258,3.475813355556754,3.489337921142578,8400,0.0,0.0
1994-05-06 00:00:00-04:00,3.489337921142578,3.5163870523142258,3.475813355556754,3.489337921142578,30000,0.0,0.0
1994-05-09 00:00:00-04:00,3.489335677095952,3.556958461535796,3.489335677095952,3.543433904647827,270400,0.0,0.0
1994-05-10 00:00:00-04:00,3.5569582011673475,3.705728316045069,3.5434336452693724,3.6922037601470947,77000,0.0,0.0
1994-05-11 00:00:00-04:00,3.69220645393399,3.75982928276062,3.69220645393399,3.75982928276062,393400,0.0,0.0
1994-05-12 00:00:00-04:00,3.786877423631675,3.800401985858931,3.759828299177163,3.773352861404419,227000,0.0,0.0
1994-05-13 00:00:00-04:00,3.7733544590634382,3.800403594970703,3.7733544590634382,3.800403594970703,92600,0.0,0.0
1994-05-16 00:00:00-04:00,3.7868769168853764,3.800401477302824,3.7868769168853764,3.786876916885376,29400,0.0,0.0
1994-05-17 00:00:00-04:00,3.7868784481007265,3.800403013986801,3.7463047504425044,3.746304750442505,180200,0.0,0.0
1994-05-18 00:00:00-04:00,3.8143588788267495,3.841800309609676,3.6908724403035813,3.7869174480438232,141800,0.2475,0.0
1994-05-19 00:00:00-04:00,3.759474433520261,3.759474433520261,3.7320330142974854,3.7320330142974854,41200,0.0,0.0
1994-05-20 00:00:00-04:00,3.7045915950747097,3.759474433520261,3.690870885463322,3.7320330142974854,53600,0.0,0.0
1994-05-23 00:00:00-04:00,3.704592381080572,3.7594752311706547,3.677150956035531,3.7594752311706543,30600,0.0,0.0
1994-05-24 00:00:00-04:00,3.7320345864779707,3.7869174480438232,3.7183138710865076,3.7869174480438232,69800,0.0,0.0
1994-05-25 00:00:00-04:00,3.8006362915039062,3.8280777087710827,3.77319487423673,3.8006362915039062,11600,0.0,0.0
1994-05-26 00:00:00-04:00,3.8006373687382164,3.8006373687382164,3.7594752311706547,3.7594752311706543,55600,0.0,0.0
1994-05-27 00:00:00-04:00,3.745753456969554,3.8006362915039062,3.745753456969554,3.8006362915039062,65000,0.0,0.0
1994-05-31 00:00:00-04:00,3.800635744024206,3.800635744024206,3.704590797424316,3.7045907974243164,76800,0.0,0.0
1994-06-01 00:00:00-04:00,3.7320330142974854,3.7869158527430367,3.7320330142974854,3.7320330142974854,78400,0.0,0.0
1994-06-02 00:00:00-04:00,3.7594750317660246,3.7869164553555574,3.7457543199712577,3.773195743560791,11800,0.0,0.0
1994-06-03 00:00:00-04:00,3.8006373687382164,3.814358081260737,3.7594752311706547,3.7594752311706543,25400,0.0,0.0
1994-06-06 00:00:00-04:00,3.732032748335966,3.8006362915039062,3.732032748335966,3.8006362915039062,133800,0.0,0.0
1994-06-07 00:00:00-04:00,3.8280783099787574,3.8417990207672115,3.8006368884018484,3.841799020767212,21400,0.0,0.0
1994-06-08 00:00:00-04:00,3.841801101355244,3.841801101355244,3.814359664916992,3.814359664916992,47200,0.0,0.0
1994-06-09 00:00:00-04:00,3.7869174480438232,3.8006381634352864,3.759476017260897,3.7869174480438232,27000,0.0,0.0
1994-06-10 00:00:00-04:00,3.759474433520261,3.7869158527430367,3.7320330142974854,3.7320330142974854,12800,0.0,0.0
1994-06-13 00:00:00-04:00,3.7045917915682076,3.7320332122464905,3.6771503708899242,3.7183125019073486,53200,0.0,0.0
1994-06-14 00:00:00-04:00,3.7183123046860977,3.7320330142974854,3.677150175851934,3.7320330142974854,22000,0.0,0.0
1994-06-15 00:00:00-04:00,3.7594736240528244,3.7594736240528244,3.704590797424316,3.7045907974243164,16800,0.0,0.0
1994-06-16 00:00:00-04:00,3.7320338061256133,3.7594752311706547,3.7183130936030926,3.7594752311706543,53400,0.0,0.0
1994-06-17 00:00:00-04:00,3.7594745504811793,3.7594745504811793,3.690871000289917,3.690871000289917,182000,0.0,0.0
1994-06-20 00:00:00-04:00,3.676389664527507,3.676389664527507,3.551058198691342,3.5789096355438232,140400,0.2475,0.0
1994-06-21 00:00:00-04:00,3.606761072396304,3.606761072396304,3.5649839171175826,3.5789096355438232,7200,0.0,0.0
1994-06-22 00:00:00-04:00,3.6067591511286223,3.620684862136841,3.5649820181039664,3.620684862136841,43600,0.0,0.0
1994-06-23 00:00:00-04:00,3.6206876800720953,3.6206876800720953,3.4675047397613525,3.4675047397613525,32000,0.0,0.0
1994-06-24 00:00:00-04:00,3.4675046705430552,3.4675046705430552,3.4535789489746094,3.4535789489746094,73600,0.0,0.0
1994-06-27 00:00:00-04:00,3.4535773672708654,3.4535773672708654,3.4118002216990404,3.4257259368896484,20800,0.0,0.0
1994-06-28 00:00:00-04:00,3.4257258718664,3.4326887293295427,3.3560972972349687,3.370023012161255,300600,0.0,0.0
1994-06-29 00:00:00-04:00,3.3700238207976025,3.383949539065361,3.342172384262085,3.342172384262085,140200,0.0,0.0
1994-06-30 00:00:00-04:00,3.3421717571611165,3.3839489041256305,3.3143203258514404,3.3143203258514404,132200,0.0,0.0
1994-07-01 00:00:00-04:00,3.3421731386028357,3.3978760242462163,3.3421731386028357,3.397876024246216,103600,0.0,0.0
1994-07-05 00:00:00-04:00,3.411801745657061,3.481430352711287,3.3700245814245258,3.397876024246216,95400,0.0,0.0
1994-07-06 00:00:00-04:00,3.383948727087541,3.383948727087541,3.244691577824679,3.370023012161255,112600,0.0,0.0
1994-07-07 00:00:00-04:00,3.3421716457459985,3.4257259368896484,3.3421716457459985,3.4257259368896484,122200,0.0,0.0
1994-07-08 00:00:00-04:00,3.397875287754815,3.4396524429321285,3.397875287754815,3.439652442932129,103600,0.0,0.0
1994-07-11 00:00:00-04:00,3.4535781613245664,3.4535781613245664,3.411801006147253,3.439652442932129,40600,0.0,0.0
1994-07-12 00:00:00-04:00,3.4118002216990404,3.4257259368896484,3.4118002216990404,3.4257259368896484,23800,0.0,0.0
1994-07-13 00:00:00-04:00,3.4257259368896484,3.4257259368896484,3.397874506508432,3.4257259368896484,105800,0.0,0.0
1994-07-14 00:00:00-04:00,3.439653732473888,3.509282350540161,3.439653732473888,3.509282350540161,92000,0.0,0.0
1994-07-15 00:00:00-04:00,3.5092810434126203,3.5928353539700635,3.5092810434126203,3.5789096355438232,77200,0.0,0.0
1994-07-18 00:00:00-04:00,3.564983938622662,3.564983938622662,3.5371325016021724,3.537132501602173,136200,0.0,0.0
1994-07-19 00:00:00-04:00,3.50927988941451,3.50927988941451,3.481428461720744,3.495354175567627,128000,0.0,0.0
1994-07-20 00:00:00-04:00,3.4814291000366215,3.509280532836914,3.4814291000366215,3.481429100036621,140800,0.0,0.0
1994-07-21 00:00:00-04:00,3.4883924657732592,3.5928353539700635,3.4814296065601393,3.5789096355438232,6885000,0.0,0.0
1994-07-22 00:00:00-04:00,3.5928353756431517,3.5928353756431517,3.523206783091928,3.537132501602173,746200,0.0,0.0
1994-07-25 00:00:00-04:00,3.551057563271633,3.6067604270092275,3.5232061314028362,3.592834711074829,509600,0.0,0.0
1994-07-26 00:00:00-04:00,3.5928347110748287,3.6903147226156188,3.5876125675994293,3.592834711074829,1134200,0.0,0.0
1994-07-27 00:00:00-04:00,3.5928324106577283,3.6206838246938347,3.564980996621622,3.6067581176757812,69800,0.0,0.0
1994-07-28 00:00:00-04:00,3.5928347110748287,3.6067604270092275,3.5371318473372346,3.592834711074829,196000,0.0,0.0
1994-07-29 00:00:00-04:00,3.606759780235873,3.6624626339846893,3.606759780235873,3.6485369205474854,407400,0.0,0.0
1994-08-01 00:00:00-04:00,3.648538227675026,3.676389664527507,3.5789096355438232,3.5789096355438232,92600,0.0,0.0
1994-08-02 00:00:00-04:00,3.5649838447570805,3.62068671733141,3.5649838447570805,3.56498384475708,34400,0.0,0.0
1994-08-03 00:00:00-04:00,3.620686003341976,3.6346117187394453,3.5232059955596924,3.5232059955596924,56400,0.0,0.0
1994-08-04 00:00:00-04:00,3.537132408469916,3.5649838447570805,3.4814295358955865,3.56498384475708,110600,0.0,0.0
1994-08-05 00:00:00-04:00,3.5649844898897056,3.5789102105533375,3.5232073278988105,3.551058769226074,292000,0.0,0.0
1994-08-08 00:00:00-04:00,3.5928347110748287,3.5928347110748287,3.551057563271633,3.592834711074829,277000,0.0,0.0
1994-08-09 00:00:00-04:00,3.5789096355438232,3.620686790822545,3.5649839171175826,3.5789096355438232,154600,0.0,0.0
1994-08-10 00:00:00-04:00,3.6067589937042004,3.6346104145050053,3.6067589937042004,3.634610414505005,131400,0.0,0.0
1994-08-11 00:00:00-04:00,3.634612509248785,3.634612509248785,3.5789096355438232,3.5789096355438232,25000,0.0,0.0
1994-08-12 00:00:00-04:00,3.5789067036396753,3.6067581176757817,3.5789067036396753,3.6067581176757812,96800,0.0,0.0
1994-08-15 00:00:00-04:00,3.6067591511286223,3.620684862136841,3.592833440120404,3.620684862136841,78200,0.0,0.0
1994-08-16 00:00:00-04:00,3.620685493673077,3.6485369205474854,3.5928340667986687,3.6485369205474854,74000,0.0,0.0
1994-08-17 00:00:00-04:00,3.6485369205474854,3.6485369205474854,3.606759780235873,3.6485369205474854,132400,0.0,0.0
1994-08-18 00:00:00-04:00,3.648535238729941,3.6624609457479944,3.5928324106577283,3.6067581176757812,122000,0.0,0.0
1994-08-19 00:00:00-04:00,3.62068671733141,3.6346124354749922,3.5232066903263335,3.56498384475708,141000,0.0,0.0
1994-08-22 00:00:00-04:00,3.564980996621622,3.6067581176757817,3.564980996621622,3.6067581176757812,17400,0.0,0.0
1994-08-23 00:00:00-04:00,3.5928353756431517,3.5928353756431517,3.5371325016021724,3.537132501602173,111800,0.0,0.0
1994-08-24 00:00:00-04:00,3.5371318473372346,3.6067604270092275,3.5371318473372346,3.592834711074829,75200,0.0,0.0
1994-08-25 00:00:00-04:00,3.5789089951404303,3.6624632907468215,3.551057563271633,3.592834711074829,103600,0.0,0.0
1994-08-26 00:00:00-04:00,3.5789089951404303,3.620686142943626,3.5789089951404303,3.592834711074829,26800,0.0,0.0
1994-08-29 00:00:00-04:00,3.620685493673077,3.6485369205474854,3.5649826399242603,3.6485369205474854,88200,0.0,0.0
1994-08-30 00:00:00-04:00,3.6206880605445715,3.7042424004032926,3.6206880605445715,3.690316677093506,61200,0.0,0.0
1994-08-31 00:00:00-04:00,3.7042408910664646,3.732092326337641,3.6624637381597003,3.676389455795288,188200,0.0,0.0
1994-09-01 00:00:00-04:00,3.620684704104603,3.6485361249054074,3.620684704104603,3.634610414505005,18800,0.0,0.0
1994-09-02 00:00:00-04:00,3.634612703504671,3.662464141845703,3.620686984334155,3.662464141845703,25600,0.0,0.0
1994-09-06 00:00:00-04:00,3.662464141845703,3.662464141845703,3.634612703504671,3.662464141845703,23000,0.0,0.0
1994-09-07 00:00:00-04:00,3.6624637381597003,3.6763894557952885,3.6346123028885238,3.676389455795288,45600,0.0,0.0
1994-09-08 00:00:00-04:00,3.6763883474218937,3.6763883474218937,3.620685493673077,3.6485369205474854,97000,0.0,0.0
1994-09-09 00:00:00-04:00,3.662464141845703,3.690315580186735,3.648538422675187,3.662464141845703,157000,0.0,0.0
1994-09-12 00:00:00-04:00,3.6763894557952885,3.6763894557952885,3.6624637381597003,3.676389455795288,34000,0.0,0.0
1994-09-13 00:00:00-04:00,3.6763890066812204,3.6763890066812204,3.564983279206032,3.592834711074829,136800,0.0,0.0
1994-09-14 00:00:00-04:00,3.5649852449931796,3.578910968606434,3.481430903313652,3.509282350540161,243800,0.0,0.0
1994-09-15 00:00:00-04:00,3.5232073278988105,3.5789102105533375,3.5232073278988105,3.551058769226074,334200,0.0,0.0
1994-09-16 00:00:00-04:00,3.551058198691342,3.606761072396304,3.537132480265101,3.5789096355438232,120000,0.0,0.0
1994-09-19 00:00:00-04:00,3.606759780235873,3.6485369205474854,3.5649826399242603,3.6485369205474854,52000,0.0,0.0
1994-09-20 00:00:00-04:00,3.6485381536185746,3.6485381536185746,3.5649838447570805,3.56498384475708,21600,0.0,0.0
1994-09-21 00:00:00-04:00,3.564983279206032,3.620686142943626,3.564983279206032,3.592834711074829,34400,0.0,0.0
1994-09-22 00:00:00-04:00,3.5789096355438232,3.5928353539700635,3.5789096355438232,3.5789096355438232,112800,0.0,0.0
1994-09-23 00:00:00-04:00,3.5789089951404303,3.6067604270092275,3.564983279206032,3.592834711074829,44400,0.0,0.0
1994-09-26 00:00:00-04:00,3.619985745647761,3.634126314966698,3.591704607009888,3.5917046070098877,204800,0.245,0.0
1994-09-27 00:00:00-04:00,3.591705013835241,3.591705013835241,3.535142730152796,3.5634238719940186,209000,0.0,0.0
1994-09-28 00:00:00-04:00,3.5917032895335166,3.5917032895335166,3.5492815971374516,3.549281597137451,52200,0.0,0.0
1994-09-29 00:00:00-04:00,3.5634215320994262,3.5775620937347417,3.5492809704641113,3.577562093734741,134600,0.0,0.0
1994-09-30 00:00:00-04:00,3.6058451763288244,3.6058451763288244,3.5634234683720147,3.5917046070098877,252400,0.0,0.0
1994-10-03 00:00:00-04:00,3.591703496873379,3.6482657566666608,3.591703496873379,3.6199846267700195,141000,0.0,0.0
1994-10-04 00:00:00-04:00,3.605845215892004,3.61998578536609,3.2806121179880194,3.422017812728882,1754200,0.0,0.0
1994-10-05 00:00:00-04:00,3.4220182200272875,3.4502993623415628,3.379596506555875,3.3937370777130127,402800,0.0,0.0
1994-10-06 00:00:00-04:00,3.4078754313656536,3.450297117233276,3.3937348694097795,3.4502971172332764,192400,0.0,0.0
1994-10-07 00:00:00-04:00,3.4927186965942387,3.5068592581189115,3.4078753274462,3.4927186965942383,279800,0.0,0.0
1994-10-10 00:00:00-04:00,3.4927211153891777,3.5068616867065425,3.4644399727544473,3.506861686706543,161200,0.0,0.0
1994-10-11 00:00:00-04:00,3.506861588311574,3.5634238719940186,3.506861588311574,3.5634238719940186,342200,0.0,0.0
1994-10-12 00:00:00-04:00,3.549283816562436,3.563424389536788,3.4502998057419694,3.478580951690674,346600,0.0,0.0
1994-10-13 00:00:00-04:00,3.50686085759377,3.50686085759377,3.4502985856970962,3.4644391536712646,165000,0.0,0.0
1994-10-14 00:00:00-04:00,3.436158382202968,3.464439521151141,3.3937366737807095,3.422017812728882,31400,0.0,0.0
1994-10-17 00:00:00-04:00,3.450297117233276,3.478578241145024,3.450297117233276,3.4502971172332764,32200,0.0,0.0
1994-10-18 00:00:00-04:00,3.4502998057419694,3.5068620976393787,3.4502998057419694,3.478580951690674,202600,0.0,0.0
1994-10-19 00:00:00-04:00,3.4927211153891777,3.5210022580239078,3.4927211153891777,3.506861686706543,328400,0.0,0.0
1994-10-20 00:00:00-04:00,3.5068610087934746,3.5351421459611636,3.5068610087934746,3.5210015773773193,268600,0.0,0.0
1994-10-21 00:00:00-04:00,3.4927215246650265,3.5068620976393787,3.4785809516906743,3.478580951690674,373200,0.0,0.0
1994-10-24 00:00:00-04:00,3.4927186965942387,3.5068592581189115,3.4785781350695655,3.4927186965942383,104000,0.0,0.0
1994-10-25 00:00:00-04:00,3.4785809516906743,3.4927215246650265,3.4502998057419694,3.478580951690674,87400,0.0,0.0
1994-10-26 00:00:00-04:00,3.478579721645433,3.4927202896196015,3.4644391536712646,3.4644391536712646,730800,0.0,0.0
1994-10-27 00:00:00-04:00,3.4644391536712646,3.478579721645433,3.4644391536712646,3.4644391536712646,10400,0.0,0.0
1994-10-28 00:00:00-04:00,3.478578241145024,3.5068593650567723,3.436156555277402,3.4502971172332764,277800,0.0,0.0
1994-10-31 00:00:00-05:00,3.4220162535312286,3.4220162535312286,3.3654540014067456,3.379594564437866,157800,0.0,0.0
1994-11-01 00:00:00-05:00,3.379596087273131,3.379596087273131,3.280612101453416,3.3230338096618652,379600,0.0,0.0
1994-11-02 00:00:00-05:00,3.3230335335446215,3.3513146700003205,3.308892965316772,3.3088929653167725,6000,0.0,0.0
1994-11-03 00:00:00-05:00,3.337171794016124,3.337171794016124,3.2240473264223573,3.2664690017700195,89200,0.0,0.0
1994-11-04 00:00:00-05:00,3.2664690017700195,3.2664690017700195,3.2240473264223573,3.2664690017700195,101000,0.0,0.0
1994-11-07 00:00:00-05:00,3.26646991190703,3.294751036685446,3.2523293495178223,3.2523293495178223,54200,0.0,0.0
1994-11-08 00:00:00-05:00,3.2523295452501055,3.2523295452501055,3.2381889820098877,3.2381889820098877,579000,0.0,0.0
1994-11-09 00:00:00-05:00,3.2523294587492417,3.2523294587492417,3.2099077701568604,3.2099077701568604,47600,0.0,0.0
1994-11-10 00:00:00-05:00,3.1957690013306483,3.1957690013306483,3.167487859725952,3.167487859725952,517400,0.0,0.0
1994-11-11 00:00:00-05:00,3.1533453024185456,3.1533453024185456,3.0685019310530244,3.139204740524292,123400,0.0,0.0
1994-11-14 00:00:00-05:00,3.167487859725952,3.167487859725952,3.1392067181212564,3.167487859725952,101600,0.0,0.0
1994-11-15 00:00:00-05:00,3.181626426207053,3.181626426207053,3.1109236167357848,3.139204740524292,321000,0.0,0.0
1994-11-16 00:00:00-05:00,3.1109228134155273,3.1392039299011234,3.1109228134155273,3.1109228134155273,152600,0.0,0.0
1994-11-17 00:00:00-05:00,3.1109238333172264,3.1250643961959415,3.054361581802368,3.054361581802368,96200,0.0,0.0
1994-11-18 00:00:00-05:00,3.054361581802368,3.054361581802368,2.9977993302875094,3.054361581802368,288800,0.0,0.0
1994-11-21 00:00:00-05:00,3.0826435913549406,3.0826435913549406,3.0260813236236572,3.0260813236236572,210600,0.0,0.0
1994-11-22 00:00:00-05:00,3.0260803019942872,3.040220864153139,2.9129558047234725,2.927096366882324,370800,0.0,0.0
1994-11-23 00:00:00-05:00,2.9129563686459563,3.1250648420910503,2.9129563686459563,3.0402214527130127,267600,0.0,0.0
1994-11-25 00:00:00-05:00,3.040221574109629,3.0826432704925537,3.040221574109629,3.0826432704925537,189400,0.0,0.0
1994-11-28 00:00:00-05:00,3.054361581802368,3.0826427075597973,3.0260804560449386,3.054361581802368,172200,0.0,0.0
1994-11-29 00:00:00-05:00,3.040221018923653,3.054361581802368,3.040221018923653,3.054361581802368,90400,0.0,0.0
1994-11-30 00:00:00-05:00,3.0543599634126584,3.068500518798828,3.0402194080264886,3.068500518798828,51800,0.0,0.0
1994-12-01 00:00:00-05:00,3.0402214527130127,3.0543620176093524,3.026080887816673,3.0402214527130127,342000,0.0,0.0
1994-12-02 00:00:00-05:00,3.0402194080264886,3.068500518798828,3.026078852640319,3.068500518798828,327200,0.0,0.0
1994-12-05 00:00:00-05:00,3.0685021446810827,3.1109238333172264,3.0260804560449386,3.054361581802368,224800,0.0,0.0
1994-12-06 00:00:00-05:00,3.0543627875191826,3.0826439244406565,2.9553788082940238,2.9695193767547607,177800,0.0,0.0
1994-12-07 00:00:00-05:00,2.9978001897580158,3.0260813236236572,2.983659622825195,3.0260813236236572,119000,0.0,0.0
1994-12-08 00:00:00-05:00,3.0543599634126584,3.0826410741849974,3.0543599634126584,3.068500518798828,160400,0.0,0.0
1994-12-09 00:00:00-05:00,3.068502205904289,3.1533455848693843,3.068502205904289,3.1533455848693848,133600,0.0,0.0
1994-12-12 00:00:00-05:00,3.209908525149028,3.2381896575291953,3.195767958958944,3.2240490913391113,290800,0.0,0.0
1994-12-13 00:00:00-05:00,3.2240473264223573,3.2664690017700195,3.2240473264223573,3.2664690017700195,178800,0.0,0.0
1994-12-14 00:00:00-05:00,3.26646991190703,3.280610474296238,3.2240482247394064,3.2523293495178223,69200,0.0,0.0
1994-12-15 00:00:00-05:00,3.2523303011716425,3.3371737003326416,3.2523303011716425,3.3371737003326416,218400,0.0,0.0
1994-12-16 00:00:00-05:00,3.365454321580309,3.4220165790858608,3.365454321580309,3.4078760147094727,147600,0.0,0.0
1994-12-19 00:00:00-05:00,3.4078775158634893,3.436158657073975,3.393736945258247,3.4361586570739746,40400,0.0,0.0
1994-12-20 00:00:00-05:00,3.4644399334987,3.4644399334987,3.3937370777130127,3.3937370777130127,121800,0.0,0.0
1994-12-21 00:00:00-05:00,3.4078756032613766,3.422016165930511,3.3371727899157047,3.351313352584839,612400,0.0,0.0
1994-12-22 00:00:00-05:00,3.3654540014067456,3.393735127468987,3.3513134383756245,3.379594564437866,37000,0.0,0.0
1994-12-23 00:00:00-05:00,3.3675057419174386,3.4394609928131104,3.3531146917383046,3.4394609928131104,38200,0.26,0.0
1994-12-27 00:00:00-05:00,3.439461552490622,3.439461552490622,3.381897342407097,3.3962883949279785,196400,0.0,0.0
1994-12-28 00:00:00-05:00,3.396288961811639,3.396288961811639,3.3531157970428467,3.3531157970428467,108800,0.0,0.0
1994-12-29 00:00:00-05:00,3.353114922150321,3.3675059733183486,3.2523775639741315,3.3099417686462402,82000,0.0,0.0
1994-12-30 00:00:00-05:00,3.2811616063117985,3.453854322433472,3.252379486958186,3.4538543224334717,383200,0.0,0.0
1995-01-03 00:00:00-05:00,3.4538531815033613,3.4538531815033613,3.3531157970428467,3.3531157970428467,170400,0.0,0.0
1995-01-04 00:00:00-05:00,3.338724742119916,3.3531157970428467,3.309942632274055,3.3531157970428467,153400,0.0,0.0
1995-01-05 00:00:00-05:00,3.3531156039870944,3.3531156039870944,3.237987171232173,3.252378225326538,101600,0.0,0.0
1995-01-06 00:00:00-05:00,3.2811595342044746,3.309941635381707,3.266768483615859,3.295550584793091,87000,0.0,0.0
1995-01-09 00:00:00-05:00,3.324333495798364,3.338724549892729,3.2523782253265376,3.252378225326538,43800,0.0,0.0
1995-01-10 00:00:00-05:00,3.2523787188948248,3.2955518877297116,3.2523787188948248,3.281160831451416,22600,0.0,0.0
1995-01-11 00:00:00-05:00,3.2955513876096334,3.3099424417039987,3.237987171232173,3.252378225326538,135600,0.0,0.0
1995-01-12 00:00:00-05:00,3.2379885869366785,3.2379885869366785,3.2235975265502934,3.223597526550293,52000,0.0,0.0
1995-01-13 00:00:00-05:00,3.2235975265502934,3.2379885869366785,3.194815405777523,3.223597526550293,104600,0.0,0.0
1995-01-16 00:00:00-05:00,3.2523782932920153,3.266769347687113,3.1804230213165283,3.1804230213165283,185200,0.0,0.0
1995-01-17 00:00:00-05:00,3.1948141161600745,3.2379872798919673,3.180423061582777,3.2379872798919678,26000,0.0,0.0
1995-01-18 00:00:00-05:00,3.266770707709449,3.266770707709449,3.2235975265502934,3.223597526550293,34800,0.0,0.0
1995-01-19 00:00:00-05:00,3.2235955934266785,3.2235955934266785,3.19481348991394,3.1948134899139404,465000,0.0,0.0
1995-01-20 00:00:00-05:00,3.2235945961692116,3.2235945961692116,3.1660304069519043,3.1660304069519043,279000,0.0,0.0
1995-01-23 00:00:00-05:00,3.1948148669483505,3.1948148669483505,3.0796864032745357,3.079686403274536,30400,0.0,0.0
1995-01-24 00:00:00-05:00,3.108465572656025,3.180420794245285,3.108465572656025,3.122856616973877,246200,0.0,0.0
1995-01-25 00:00:00-05:00,3.1228586324939025,3.1516407397058277,3.094076525281977,3.1084675788879395,87000,0.0,0.0
1995-01-26 00:00:00-05:00,3.108467448034952,3.108467448034952,3.09407639503479,3.09407639503479,380600,0.0,0.0
1995-01-27 00:00:00-05:00,3.10846757888794,3.10846757888794,3.094076525281977,3.1084675788879395,76000,0.0,0.0
1995-01-30 00:00:00-05:00,3.1084685191929893,3.1084685191929893,3.050904287356082,3.079686403274536,51200,0.0,0.0
1995-01-31 00:00:00-05:00,3.079683881410411,3.079683881410411,3.0652928352355957,3.0652928352355957,42400,0.0,0.0
1995-02-01 00:00:00-05:00,3.094074927585226,3.094074927585226,3.050901789060781,3.0652928352355957,77600,0.0,0.0
1995-02-02 00:00:00-05:00,3.07968518644009,3.094076238713175,3.0365120296208366,3.050903081893921,83000,0.0,0.0
1995-02-03 00:00:00-05:00,3.036512197800053,3.036512197800053,2.878210614028486,2.964556932449341,1265000,0.0,0.0
1995-02-06 00:00:00-05:00,2.9501664638519287,2.9501664638519287,2.921384352009471,2.9501664638519287,509400,0.0,0.0
1995-02-07 00:00:00-05:00,2.9501659021927757,3.036512221281345,2.9501659021927757,2.9933390617370605,756800,0.0,0.0
1995-02-08 00:00:00-05:00,2.9933376043615207,3.094074927585226,2.9933376043615207,3.0652928352355957,884000,0.0,0.0
1995-02-09 00:00:00-05:00,3.0796854716760143,3.10846757888794,3.0796854716760143,3.1084675788879395,319200,0.0,0.0
1995-02-10 00:00:00-05:00,3.137249708175659,3.1948139230045705,3.1084676007612035,3.137249708175659,245200,0.0,0.0
1995-02-13 00:00:00-05:00,3.1372476612917293,3.151638705609581,3.0796834840203213,3.122856616973877,107400,0.0,0.0
1995-02-14 00:00:00-05:00,3.1228582311320947,3.19481348991394,3.1228582311320947,3.1948134899139404,344400,0.0,0.0
1995-02-15 00:00:00-05:00,3.1948125015605577,3.1948125015605577,3.1660304069519043,3.1660304069519043,309000,0.0,0.0
1995-02-16 00:00:00-05:00,3.1804228469177533,3.1804228469177533,3.094076525281977,3.1084675788879395,91400,0.0,0.0
1995-02-17 00:00:00-05:00,3.0940770763921512,3.0940770763921512,3.022121795545822,3.036512851715088,126000,0.0,0.0
1995-02-21 00:00:00-05:00,3.0365123322250644,3.166031815590115,3.0365123322250644,3.137249708175659,322000,0.0,0.0
1995-02-22 00:00:00-05:00,3.1660304069519043,3.1660304069519043,3.1372483123432504,3.1660304069519043,772800,0.0,0.0
1995-02-23 00:00:00-05:00,3.151640761882887,3.166031815590115,3.1084676007612035,3.137249708175659,444600,0.0,0.0
1995-02-24 00:00:00-05:00,3.122856616973877,3.1372476612917293,3.122856616973877,3.122856616973877,26600,0.0,0.0
1995-02-27 00:00:00-05:00,3.1228586324939025,3.1516407397058277,3.10846757888794,3.1084675788879395,232200,0.0,0.0
1995-02-28 00:00:00-05:00,3.094074528338173,3.1372476612917293,3.094074528338173,3.122856616973877,257000,0.0,0.0
1995-03-01 00:00:00-05:00,3.1228586324939025,3.1228586324939025,3.10846757888794,3.1084675788879395,183400,0.0,0.0
1995-03-02 00:00:00-05:00,3.1084676007612035,3.151640761882887,3.1084676007612035,3.137249708175659,55600,0.0,0.0
1995-03-03 00:00:00-05:00,3.137249686099865,3.137249686099865,3.10846757888794,3.1084675788879395,167000,0.0,0.0
1995-03-06 00:00:00-05:00,3.1228586324939025,3.1228586324939025,3.094076525281977,3.1084675788879395,27200,0.0,0.0
1995-03-07 00:00:00-05:00,3.1084685191929893,3.1084685191929893,3.050904287356082,3.079686403274536,43600,0.0,0.0
1995-03-08 00:00:00-05:00,3.079683881410411,3.094074927585226,3.0652928352355957,3.0652928352355957,30200,0.0,0.0
1995-03-09 00:00:00-05:00,3.0652941341670057,3.094076238713175,3.050903081893921,3.050903081893921,112600,0.0,0.0
1995-03-10 00:00:00-05:00,3.065294703798431,3.065294703798431,3.007730484008789,3.007730484008789,32000,0.0,0.0
1995-03-13 00:00:00-05:00,3.022122383117676,3.079686618986584,3.022122383117676,3.022122383117676,152800,0.0,0.0
1995-03-14 00:00:00-05:00,3.03651259390361,3.03651259390361,3.007730484008789,3.007730484008789,70800,0.0,0.0
1995-03-15 00:00:00-05:00,3.007730484008789,3.0221215389561995,2.9933394290613786,3.007730484008789,104800,0.0,0.0
1995-03-16 00:00:00-05:00,2.9933394290613786,3.007730484008789,2.978948374113968,3.007730484008789,290600,0.0,0.0
1995-03-17 00:00:00-05:00,3.0077295015399583,3.0365116020331637,2.978947401046753,2.978947401046753,150400,0.0,0.0
1995-03-20 00:00:00-05:00,2.9933384512933556,2.9933384512933556,2.9501653005535475,2.978947401046753,309600,0.0,0.0
1995-03-21 00:00:00-05:00,2.9789486270380245,3.0652949640536193,2.9789486270380245,3.036512851715088,309400,0.0,0.0
1995-03-22 00:00:00-05:00,3.0652924397024695,3.122856616973877,3.0652924397024695,3.122856616973877,252800,0.0,0.0
1995-03-23 00:00:00-05:00,3.137249686099865,3.137249686099865,3.094076525281977,3.1084675788879395,133600,0.0,0.0
1995-03-24 00:00:00-05:00,3.094074927585226,3.108465973760041,3.0652928352355957,3.0652928352355957,80400,0.0,0.0
1995-03-27 00:00:00-05:00,3.096406230472383,3.1110811415172757,3.0523814973377044,3.0817313194274902,378200,0.2575,0.0
1995-03-28 00:00:00-05:00,3.0670547496813994,3.0817296527899227,3.052379846572876,3.052379846572876,36800,0.0,0.0
1995-03-29 00:00:00-05:00,3.052379846572876,3.0817296527899227,3.052379846572876,3.052379846572876,312200,0.0,0.0
1995-03-30 00:00:00-05:00,3.0377049434643526,3.052379846572876,3.023030040355829,3.052379846572876,154600,0.0,0.0
1995-03-31 00:00:00-05:00,3.052379846572876,3.052379846572876,3.0377049434643526,3.052379846572876,476600,0.0,0.0
1995-04-03 00:00:00-04:00,3.0670547496813994,3.1110794590069695,3.052379846572876,3.052379846572876,91800,0.0,0.0
1995-04-04 00:00:00-04:00,3.067056163227389,3.0964059829711914,3.0523812533554873,3.0964059829711914,206800,0.0,0.0
1995-04-05 00:00:00-04:00,3.096406230472383,3.1110811415172757,3.0523814973377044,3.0817313194274902,110200,0.0,0.0
1995-04-06 00:00:00-04:00,3.081730379574541,3.0964052861439435,3.008355846727528,3.037705659866333,313800,0.0,0.0
1995-04-07 00:00:00-04:00,3.052379846572876,3.0670547496813994,3.0083551372473054,3.052379846572876,110200,0.0,0.0
1995-04-10 00:00:00-04:00,3.0377049434643526,3.052379846572876,3.023030040355829,3.052379846572876,241600,0.0,0.0
1995-04-11 00:00:00-04:00,3.0523798488876195,3.0523798488876195,3.0083551395286636,3.0230300426483154,52400,0.0,0.0
1995-04-12 00:00:00-04:00,3.0230310139397685,3.0230310139397685,2.979006290435791,2.979006290435791,118600,0.0,0.0
1995-04-13 00:00:00-04:00,3.0083551418547536,3.0377049481167515,2.993680238723755,2.993680238723755,111600,0.0,0.0
1995-04-17 00:00:00-04:00,3.0230307625561226,3.0377056691704727,3.0083558559417725,3.0083558559417725,69200,0.0,0.0
1995-04-18 00:00:00-04:00,3.0377056691704727,3.052380575784823,2.964331136098722,3.0083558559417725,97800,0.0,0.0
1995-04-19 00:00:00-04:00,3.0377059217744273,3.0377059217744273,2.949656474766473,2.979006290435791,283000,0.0,0.0
1995-04-20 00:00:00-04:00,2.9790063083171843,2.9790063083171843,2.9203066766262054,2.93498158454895,160600,0.0,0.0
1995-04-21 00:00:00-04:00,2.9203066766262054,2.93498158454895,2.9203066766262054,2.93498158454895,335600,0.0,0.0
1995-04-24 00:00:00-04:00,2.934981322870022,3.0083558559417725,2.934981322870022,3.0083558559417725,61800,0.0,0.0
1995-04-25 00:00:00-04:00,2.993681853158133,3.0817313194274902,2.993681853158133,3.0817313194274902,149800,0.0,0.0
1995-04-26 00:00:00-04:00,3.0964059829711914,3.0964059829711914,3.0523812533554873,3.0964059829711914,49200,0.0,0.0
1995-04-27 00:00:00-04:00,3.1110794510952267,3.1551041603088383,3.1110794510952267,3.155104160308838,45400,0.0,0.0
1995-04-28 00:00:00-04:00,3.1697797864396993,3.1697797864396993,3.1404299736022945,3.140429973602295,41000,0.0,0.0
1995-05-01 00:00:00-04:00,3.1551041603088383,3.1551041603088383,3.1257543541664305,3.155104160308838,55400,0.0,0.0
1995-05-02 00:00:00-04:00,3.155105622458797,3.155105622458797,3.0964059829711914,3.0964059829711914,34800,0.0,0.0
1995-05-03 00:00:00-04:00,3.111080892843093,3.111080892843093,3.0964059829711914,3.0964059829711914,133200,0.0,0.0
1995-05-04 00:00:00-04:00,3.0964052370928843,3.228479394125282,3.0964052370928843,3.199129581451416,522800,0.0,0.0
1995-05-05 00:00:00-04:00,3.1991290939228416,3.272503614425659,3.1551043816211513,3.272503614425659,205600,0.0,0.0
1995-05-08 00:00:00-04:00,3.272503840240613,3.3605532709197328,3.272503840240613,3.3312034606933594,89600,0.0,0.0
1995-05-09 00:00:00-04:00,3.3605530241261357,3.4045777362325915,3.31652831201968,3.375227928161621,591200,0.0,0.0
1995-05-10 00:00:00-04:00,3.375228623039702,3.4779529724365625,3.375228623039702,3.4339282512664795,895200,0.0,0.0
1995-05-11 00:00:00-04:00,3.4339277805953192,3.4339277805953192,3.3899030654594817,3.4045779705047607,142800,0.0,0.0
1995-05-12 00:00:00-04:00,3.3899021148681645,3.3899021148681645,3.375227213937999,3.389902114868164,112000,0.0,0.0
1995-05-15 00:00:00-04:00,3.3899030654594817,3.4045779705047607,3.3752281604142027,3.4045779705047607,20600,0.0,0.0
1995-05-16 00:00:00-04:00,3.41925311088562,3.433928016940923,3.404578204830317,3.41925311088562,69400,0.0,0.0
1995-05-17 00:00:00-04:00,3.41925287555004,3.41925287555004,3.3899030654594817,3.4045779705047607,294000,0.0,0.0
1995-05-18 00:00:00-04:00,3.3899021148681645,3.419251916728495,3.360552313007834,3.389902114868164,109000,0.0,0.0
1995-05-19 00:00:00-04:00,3.389902834288418,3.389902834288418,3.345878122154802,3.360553026199341,128000,0.0,0.0
1995-05-22 00:00:00-04:00,3.389903298775014,3.433928016940923,3.389903298775014,3.41925311088562,119000,0.0,0.0
1995-05-23 00:00:00-04:00,3.43392681765866,3.43392681765866,3.3899021148681645,3.389902114868164,73400,0.0,0.0
1995-05-24 00:00:00-04:00,3.3899021148681645,3.4045770157983295,3.3899021148681645,3.389902114868164,268600,0.0,0.0
1995-05-25 00:00:00-04:00,3.4045777362325915,3.4045777362325915,3.3605530241261357,3.375227928161621,637200,0.0,0.0
1995-05-26 00:00:00-04:00,3.389902832197106,3.389902832197106,3.34587812009065,3.375227928161621,92600,0.0,0.0
1995-05-30 00:00:00-04:00,3.360553026199341,3.3752279302438795,3.360553026199341,3.360553026199341,33400,0.0,0.0
1995-05-31 00:00:00-04:00,3.3752279302438795,3.389902834288418,3.345878122154802,3.360553026199341,186000,0.0,0.0
1995-06-01 00:00:00-04:00,3.3458785806091047,3.433928016940923,3.3458785806091047,3.41925311088562,127600,0.0,0.0
1995-06-02 00:00:00-04:00,3.419253344209785,3.4779529724365625,3.4045784371530905,3.4339282512664795,248000,0.0,0.0
1995-06-05 00:00:00-04:00,3.44860407985559,3.492628812789917,3.44860407985559,3.492628812789917,79800,0.0,0.0
1995-06-06 00:00:00-04:00,3.463277812748519,3.5073025307071863,3.463277812748519,3.477952718734741,87600,0.0,0.0
1995-06-07 00:00:00-04:00,3.4926273883399315,3.4926273883399315,3.4339277683678318,3.463277578353882,40800,0.0,0.0
1995-06-08 00:00:00-04:00,3.448603868484497,3.4632787785631542,3.4192540483271823,3.448603868484497,34200,0.0,0.0
1995-06-09 00:00:00-04:00,3.4632766195189904,3.4632766195189904,3.375227213937999,3.389902114868164,146200,0.0,0.0
1995-06-12 00:00:00-04:00,3.389902834288418,3.389902834288418,3.345878122154802,3.360553026199341,241400,0.0,0.0
1995-06-13 00:00:00-04:00,3.3752286538743137,3.3752286538743137,3.345878839492798,3.345878839492798,73000,0.0,0.0
1995-06-14 00:00:00-04:00,3.360553026199341,3.3752279302438795,3.345878122154802,3.360553026199341,149600,0.0,0.0
1995-06-15 00:00:00-04:00,3.3899030654594817,3.41925287555004,3.3752281604142027,3.4045779705047607,67400,0.0,0.0
1995-06-16 00:00:00-04:00,3.4632787785631542,3.477953688641812,3.448603868484497,3.448603868484497,57000,0.0,0.0
1995-06-19 00:00:00-04:00,3.4632778290515294,3.4926276411621355,3.41925311088562,3.41925311088562,271200,0.0,0.0
1995-06-20 00:00:00-04:00,3.3899030654594817,3.4339277805953192,3.316528540233086,3.4045779705047607,313000,0.0,0.0
1995-06-21 00:00:00-04:00,3.4339277805953192,3.4339277805953192,3.3605532553689232,3.4045779705047607,122000,0.0,0.0
1995-06-22 00:00:00-04:00,3.4045779862592926,3.4045779862592926,3.316528555580173,3.3312034606933594,438200,0.0,0.0
1995-06-23 00:00:00-04:00,3.3165292739868164,3.3312041822787934,3.3018543656948394,3.3165292739868164,281800,0.0,0.0
1995-06-26 00:00:00-04:00,3.301853895187378,3.3165288013882104,3.2578291765848792,3.301853895187378,64800,0.0,0.0
1995-06-27 00:00:00-04:00,3.3165300084011897,3.3165300084011897,3.287180185317993,3.287180185317993,508200,0.0,0.0
1995-06-28 00:00:00-04:00,3.3039249753298825,3.3039249753298825,3.244125428265088,3.2740252017974854,329400,0.2575,0.0
1995-06-29 00:00:00-04:00,3.274024019638697,3.274024019638697,3.2142244941658444,3.2291743755340576,195600,0.0,0.0
1995-06-30 00:00:00-04:00,3.229172428627185,3.333821535110473,3.229172428627185,3.3338215351104736,431800,0.0,0.0
1995-07-03 00:00:00-04:00,3.3487729220920137,3.363722801208496,3.3487729220920137,3.363722801208496,60200,0.0,0.0
1995-07-05 00:00:00-04:00,3.3487713336944585,3.3786710777453015,3.3338214616690367,3.348771333694458,37600,0.0,0.0
1995-07-06 00:00:00-04:00,3.3338220327702155,3.4235212802886963,3.318872158183802,3.4235212802886963,91600,0.0,0.0
1995-07-07 00:00:00-04:00,3.453421753010851,3.5132212638854976,3.453421753010851,3.513221263885498,164000,0.0,0.0
1995-07-10 00:00:00-04:00,3.5132212638854976,3.5281711416041595,3.498271386166836,3.513221263885498,35600,0.0,0.0
1995-07-11 00:00:00-04:00,3.528171300888061,3.5431211792816546,3.513221422494468,3.5281713008880615,90800,0.0,0.0
1995-07-12 00:00:00-04:00,3.5281716962403893,3.5431215763092045,3.513221816171574,3.543121576309204,72400,0.0,0.0
1995-07-13 00:00:00-04:00,3.5431221239736392,3.5730218887329106,3.513222359214368,3.57302188873291,149600,0.0,0.0
1995-07-14 00:00:00-04:00,3.5431211792816546,3.5431211792816546,3.4982715441008745,3.5281713008880615,24200,0.0,0.0
1995-07-17 00:00:00-04:00,3.5431221239736392,3.5879717711125463,3.4982724768347326,3.57302188873291,148400,0.0,0.0
1995-07-18 00:00:00-04:00,3.573021336446835,3.573021336446835,3.5431215763092045,3.543121576309204,54000,0.0,0.0
1995-07-19 00:00:00-04:00,3.5281710583230725,3.5281710583230725,3.4235219167626423,3.438471794128418,168600,0.0,0.0
1995-07-20 00:00:00-04:00,3.438471794128418,3.4683715488599693,3.438471794128418,3.438471794128418,333600,0.0,0.0
1995-07-21 00:00:00-04:00,3.438471794128418,3.4683715488599693,3.438471794128418,3.438471794128418,61800,0.0,0.0
1995-07-24 00:00:00-04:00,3.4235227840803404,3.4534225463867188,3.4235227840803404,3.4534225463867188,31400,0.0,0.0
1995-07-25 00:00:00-04:00,3.4534216714941937,3.4534216714941937,3.4085720393968666,3.438471794128418,92200,0.0,0.0
1995-07-26 00:00:00-04:00,3.4384720305265004,3.5431211792816546,3.4085722737393134,3.5281713008880615,80000,0.0,0.0
1995-07-27 00:00:00-04:00,3.528171300888061,3.5431211792816546,3.4683717873136874,3.5281713008880615,166400,0.0,0.0
1995-07-28 00:00:00-04:00,3.528171300888061,3.528171300888061,3.513221422494468,3.5281713008880615,121000,0.0,0.0
1995-07-31 00:00:00-04:00,3.528171300888061,3.528171300888061,3.4982715441008745,3.5281713008880615,76600,0.0,0.0
1995-08-01 00:00:00-04:00,3.5281716962403893,3.5431215763092045,3.4833220560339435,3.543121576309204,61000,0.0,0.0
1995-08-02 00:00:00-04:00,3.5431215763092045,3.55807145637802,3.5431215763092045,3.543121576309204,82800,0.0,0.0
1995-08-03 00:00:00-04:00,3.5730207747601446,3.5730207747601446,3.5132212638854976,3.513221263885498,152400,0.0,0.0
1995-08-04 00:00:00-04:00,3.528171300888061,3.528171300888061,3.4982715441008745,3.5281713008880615,18000,0.0,0.0
1995-08-07 00:00:00-04:00,3.528171300888061,3.5431211792816546,3.4982715441008745,3.5281713008880615,220200,0.0,0.0
1995-08-08 00:00:00-04:00,3.5431211792816546,3.558071057675248,3.513221422494468,3.5281713008880615,199000,0.0,0.0
1995-08-09 00:00:00-04:00,3.5281711416041595,3.5431210193228213,3.5132212638854976,3.513221263885498,381600,0.0,0.0
1995-08-10 00:00:00-04:00,3.5281716962403893,3.5431215763092045,3.4982719361027588,3.543121576309204,457000,0.0,0.0
1995-08-11 00:00:00-04:00,3.5730209360688416,3.5730209360688416,3.513221422494468,3.5281713008880615,91000,0.0,0.0
1995-08-14 00:00:00-04:00,3.5281716962403893,3.55807145637802,3.5281716962403893,3.543121576309204,170000,0.0,0.0
1995-08-15 00:00:00-04:00,3.5431211792816546,3.558071057675248,3.528171300888061,3.5281713008880615,64800,0.0,0.0
1995-08-16 00:00:00-04:00,3.5281711416041595,3.5431210193228213,3.498271386166836,3.513221263885498,118800,0.0,0.0
1995-08-17 00:00:00-04:00,3.513221180957297,3.5281710583230725,3.438471794128418,3.438471794128418,309200,0.0,0.0
1995-08-18 00:00:00-04:00,3.4534225463867188,3.4683724275399084,3.4384726652335296,3.4534225463867188,63000,0.0,0.0
1995-08-21 00:00:00-04:00,3.4534225463867188,3.4683724275399084,3.4384726652335296,3.4534225463867188,129600,0.0,0.0
1995-08-22 00:00:00-04:00,3.453421831130981,3.453421831130981,3.3487726847330728,3.408572196960449,275200,0.0,0.0
1995-08-23 00:00:00-04:00,3.4085721969604488,3.453421831130981,3.4085721969604488,3.408572196960449,51600,0.0,0.0
1995-08-24 00:00:00-04:00,3.408572902927151,3.4683724275399084,3.408572902927151,3.4534225463867188,63200,0.0,0.0
1995-08-25 00:00:00-04:00,3.468371868133545,3.468371868133545,3.4384721106496348,3.468371868133545,20200,0.0,0.0
1995-08-28 00:00:00-04:00,3.4683720257149235,3.4982717845572937,3.4683720257149235,3.4833219051361084,73400,0.0,0.0
1995-08-29 00:00:00-04:00,3.4982706839296998,3.558070182800293,3.4982706839296998,3.558070182800293,187000,0.0,0.0
1995-08-30 00:00:00-04:00,3.528171300888061,3.558071057675248,3.528171300888061,3.5281713008880615,23200,0.0,0.0
1995-08-31 00:00:00-04:00,3.5431211792816546,3.558071057675248,3.4683717873136874,3.5281713008880615,310400,0.0,0.0
1995-09-01 00:00:00-04:00,3.528171300888061,3.528171300888061,3.483321665707281,3.5281713008880615,48600,0.0,0.0
1995-09-05 00:00:00-04:00,3.513221422494468,3.5730209360688416,3.513221422494468,3.5281713008880615,149800,0.0,0.0
1995-09-06 00:00:00-04:00,3.528171300888061,3.5730209360688416,3.4982715441008745,3.5281713008880615,315400,0.0,0.0
1995-09-07 00:00:00-04:00,3.5281716962403893,3.5431215763092045,3.4982719361027588,3.543121576309204,67600,0.0,0.0
1995-09-08 00:00:00-04:00,3.5431211792816546,3.5431211792816546,3.528171300888061,3.5281713008880615,65000,0.0,0.0
1995-09-11 00:00:00-04:00,3.558072006353275,3.5879717711125463,3.5431221239736392,3.57302188873291,157400,0.0,0.0
1995-09-12 00:00:00-04:00,3.58796993223559,3.58796993223559,3.5431203080826448,3.558070182800293,179000,0.0,0.0
1995-09-13 00:00:00-04:00,3.5580704281438935,3.6029200553894047,3.5580704281438935,3.6029200553894043,134800,0.0,0.0
1995-09-14 00:00:00-04:00,3.6178713567921372,3.662721001711048,3.6178713567921372,3.647771120071411,137200,0.0,0.0
1995-09-15 00:00:00-04:00,3.617870958839975,3.707570238811214,3.617870958839975,3.677670478820801,117000,0.0,0.0
1995-09-18 00:00:00-04:00,3.677670883350685,3.677670883350685,3.632821238431774,3.647771120071411,45200,0.0,0.0
1995-09-19 00:00:00-04:00,3.6477718812873565,3.7225213050842285,3.632821996527982,3.7225213050842285,97800,0.0,0.0
1995-09-20 00:00:00-04:00,3.7225200367359976,3.7225200367359976,3.6776703977391785,3.692620277404785,265400,0.0,0.0
1995-09-21 00:00:00-04:00,3.69262153556548,3.7225213050842285,3.677671650806105,3.7225213050842285,61600,0.0,0.0
1995-09-22 00:00:00-04:00,3.69262153556548,3.7225213050842285,3.69262153556548,3.7225213050842285,65000,0.0,0.0
1995-09-25 00:00:00-04:00,3.7225213050842285,3.737471189843603,3.707571420324854,3.7225213050842285,98800,0.0,0.0
1995-09-26 00:00:00-04:00,3.7225193195343023,3.7374691963195805,3.7225193195343023,3.73746919631958,15400,0.0,0.0
1995-09-27 00:00:00-04:00,3.7544929981231685,3.7544929981231685,3.693691492080688,3.6936914920806885,127400,0.2575,0.0
1995-09-28 00:00:00-04:00,3.693691254639235,3.70889163017273,3.6784908791057402,3.7088916301727295,256200,0.0,0.0
1995-09-29 00:00:00-04:00,3.708891868591308,3.7240922451019283,3.6176896095275874,3.6632907390594482,46400,0.0,0.0
1995-10-02 00:00:00-04:00,3.6632917088295334,3.6632917088295334,3.5872898061567215,3.602490186691284,28000,0.0,0.0
1995-10-03 00:00:00-04:00,3.6024897118746226,3.6024897118746226,3.556888576281273,3.587289333343506,97200,0.0,0.0
1995-10-04 00:00:00-04:00,3.572089425622159,3.6024901866912837,3.572089425622159,3.602490186691284,122600,0.0,0.0
1995-10-05 00:00:00-04:00,3.556888103485107,3.663290739059448,3.556888103485107,3.6632907390594482,47800,0.0,0.0
1995-10-06 00:00:00-04:00,3.648091781237894,3.6936929285033675,3.648091781237894,3.678492546081543,42000,0.0,0.0
1995-10-09 00:00:00-04:00,3.648090602970924,3.648090602970924,3.57208871540903,3.617689847946167,120800,0.0,0.0
1995-10-10 00:00:00-04:00,3.6024892330169673,3.6024892330169673,3.556888103485107,3.5568881034851074,208400,0.0,0.0
1995-10-11 00:00:00-04:00,3.5264873504638667,3.6024892330169673,3.5264873504638667,3.5568881034851074,104400,0.0,0.0
1995-10-12 00:00:00-04:00,3.541687726974487,3.556888103485107,3.5264873504638667,3.5568881034851074,86800,0.0,0.0
1995-10-13 00:00:00-04:00,3.556888103485107,3.556888103485107,3.5264873504638667,3.5568881034851074,87600,0.0,0.0
1995-10-16 00:00:00-04:00,3.556889546328578,3.556889546328578,3.511288398298724,3.526488780975342,137200,0.0,0.0
1995-10-17 00:00:00-04:00,3.5264873504638667,3.556888103485107,3.5264873504638667,3.5568881034851074,57000,0.0,0.0
1995-10-18 00:00:00-04:00,3.5568897940895776,3.5568897940895776,3.5112886428833012,3.511288642883301,119000,0.0,0.0
1995-10-19 00:00:00-04:00,3.5112886428833012,3.5112886428833012,3.4960882591478755,3.511288642883301,32000,0.0,0.0
1995-10-20 00:00:00-04:00,3.5112869739532466,3.5112869739532466,3.450485467910766,3.480886220932007,344600,0.0,0.0
1995-10-23 00:00:00-04:00,3.4504871442254665,3.465687528120733,3.420086376434934,3.4352867603302,139000,0.0,0.0
1995-10-24 00:00:00-04:00,3.4504864215850835,3.4504864215850835,3.4200856601614262,3.450486421585083,182000,0.0,0.0
1995-10-25 00:00:00-04:00,3.4504864215850835,3.4504864215850835,3.4352860408732546,3.450486421585083,94800,0.0,0.0
1995-10-26 00:00:00-04:00,3.4504864215850835,3.465686802296912,3.4200856601614262,3.450486421585083,126400,0.0,0.0
1995-10-27 00:00:00-04:00,3.4504864215850835,3.4504864215850835,3.4200856601614262,3.450486421585083,91600,0.0,0.0
1995-10-30 00:00:00-05:00,3.450484986835056,3.450484986835056,3.420084238052368,3.420084238052368,70600,0.0,0.0
1995-10-31 00:00:00-05:00,3.420084238052368,3.450484986835056,3.4048838636610244,3.420084238052368,156800,0.0,0.0
1995-11-01 00:00:00-05:00,3.420086376434934,3.4504871442254665,3.420086376434934,3.4352867603302,87800,0.0,0.0
1995-11-02 00:00:00-05:00,3.4504864215850835,3.465686802296912,3.4352860408732546,3.450486421585083,63000,0.0,0.0
1995-11-03 00:00:00-05:00,3.4504864215850835,3.4504864215850835,3.4352860408732546,3.450486421585083,28800,0.0,0.0
1995-11-06 00:00:00-05:00,3.4352853319474628,3.4504857095224515,3.404884576797485,3.4048845767974854,93600,0.0,0.0
1995-11-07 00:00:00-05:00,3.404884576797485,3.404884576797485,3.3744838216475075,3.4048845767974854,61800,0.0,0.0
1995-11-08 00:00:00-05:00,3.4200849543724736,3.4200849543724736,3.389684199222496,3.4048845767974854,81200,0.0,0.0
1995-11-09 00:00:00-05:00,3.404884576797485,3.404884576797485,3.389684199222496,3.4048845767974854,56600,0.0,0.0
1995-11-10 00:00:00-05:00,3.3744838216475075,3.4200849543724736,3.3744838216475075,3.4048845767974854,144000,0.0,0.0
1995-11-13 00:00:00-05:00,3.4048859925396675,3.4504871442254665,3.4048859925396675,3.4352867603302,25800,0.0,0.0
1995-11-14 00:00:00-05:00,3.4352867242061733,3.5112886428833012,3.4352867242061733,3.511288642883301,66200,0.0,0.0
1995-11-15 00:00:00-05:00,3.4808862209320064,3.587288856506347,3.4808862209320064,3.5568881034851074,83000,0.0,0.0
1995-11-16 00:00:00-05:00,3.587290546924771,3.587290546924771,3.541689395904541,3.541689395904541,32800,0.0,0.0
1995-11-17 00:00:00-05:00,3.5416879603842726,3.6176898479461665,3.5416879603842726,3.617689847946167,104200,0.0,0.0
1995-11-20 00:00:00-05:00,3.6176905672258464,3.6176905672258464,3.5872898061567215,3.602490186691284,60200,0.0,0.0
1995-11-21 00:00:00-05:00,3.6024901866912837,3.610090376958565,3.5872898061567215,3.602490186691284,120200,0.0,0.0
1995-11-22 00:00:00-05:00,3.617690084369612,3.648090841381121,3.602489705863857,3.632890462875366,98400,0.0,0.0
1995-11-24 00:00:00-05:00,3.6328902254585453,3.6328902254585453,3.6176898479461665,3.617689847946167,8200,0.0,0.0
1995-11-27 00:00:00-05:00,3.632891614096505,3.724093914031982,3.6176912307739255,3.7240939140319824,136200,0.0,0.0
1995-11-28 00:00:00-05:00,3.724093914031982,3.7392942973545615,3.7088935307094024,3.7240939140319824,104400,0.0,0.0
1995-11-29 00:00:00-05:00,3.708893310925192,3.708893310925192,3.648091781237894,3.678492546081543,206400,0.0,0.0
1995-11-30 00:00:00-05:00,3.6632918975045605,3.7696945667266846,3.648091516187114,3.7696945667266846,314000,0.0,0.0
1995-12-01 00:00:00-05:00,3.7544934749603276,3.7544934749603276,3.7392930965191926,3.754493474960327,145200,0.0,0.0
1995-12-04 00:00:00-05:00,3.739293804091792,3.7696945667266846,3.739293804091792,3.7696945667266846,137600,0.0,0.0
1995-12-05 00:00:00-05:00,3.7696945667266846,3.7848949480441307,3.739293804091792,3.7696945667266846,202400,0.0,0.0
1995-12-06 00:00:00-05:00,3.7848951646259854,3.845696693374997,3.7696947824387324,3.830496311187744,247400,0.0,0.0
1995-12-07 00:00:00-05:00,3.8304941625709077,3.860894909892899,3.8152937889099117,3.815293788909912,27000,0.0,0.0
1995-12-08 00:00:00-05:00,3.8304941625709077,3.8304941625709077,3.800093415248916,3.815293788909912,99600,0.0,0.0
1995-12-11 00:00:00-05:00,3.8456962033814075,3.8760969638824463,3.830495823130888,3.8760969638824463,50400,0.0,0.0
1995-12-12 00:00:00-05:00,3.845695495605469,3.8760962505114414,3.8304951181524833,3.8456954956054688,43600,0.0,0.0
1995-12-13 00:00:00-05:00,3.815295929000491,3.8608970755622503,3.815295929000491,3.830496311187744,38600,0.0,0.0
1995-12-14 00:00:00-05:00,3.830496311187744,3.8608970755622503,3.7696947824387324,3.830496311187744,1044200,0.0,0.0
1995-12-15 00:00:00-05:00,3.845695739746094,3.845695739746094,3.7696938476562503,3.8000946044921875,191400,0.0,0.0
1995-12-18 00:00:00-05:00,3.7696945667266846,3.7848949480441307,3.7240934227743456,3.7696945667266846,60600,0.0,0.0
1995-12-19 00:00:00-05:00,3.7392919206049333,3.8304941625709077,3.7392919206049333,3.815293788909912,180600,0.0,0.0
1995-12-20 00:00:00-05:00,3.815295929000491,3.830496311187744,3.815295929000491,3.830496311187744,250400,0.0,0.0
1995-12-21 00:00:00-05:00,3.815294988724867,3.830495367166002,3.7544934749603276,3.754493474960327,201200,0.0,0.0
1995-12-22 00:00:00-05:00,3.7544932346267395,3.7848939895629883,3.7544932346267395,3.7848939895629883,152200,0.0,0.0
1995-12-26 00:00:00-05:00,3.769693612094864,3.7848939895629883,3.7544932346267395,3.7848939895629883,27600,0.0,0.0
1995-12-27 00:00:00-05:00,3.7960515022277836,3.842533765520369,3.7650633266993934,3.796051502227783,139800,0.295,0.0
1995-12-28 00:00:00-05:00,3.81154465675354,3.81154465675354,3.7805564888124543,3.81154465675354,105400,0.0,0.0
1995-12-29 00:00:00-05:00,3.842533765520369,3.842533765520369,3.7340751511710035,3.796051502227783,214800,0.0,0.0
1996-01-02 00:00:00-05:00,3.7960515022277836,3.8270396777561735,3.7650633266993934,3.796051502227783,172800,0.0,0.0
1996-01-03 00:00:00-05:00,3.7960504496245964,3.7960504496245964,3.7340741157531743,3.734074115753174,134000,0.0,0.0
1996-01-04 00:00:00-05:00,3.7340742329419667,3.7340742329419667,3.6256156452631543,3.6566038131713867,846400,0.0,0.0
1996-01-05 00:00:00-05:00,3.6566035238086667,3.6720976065366697,3.501662696528639,3.625615358352661,588200,0.0,0.0
1996-01-08 00:00:00-05:00,3.6256160283910814,3.6256160283910814,3.5946278572082515,3.594627857208252,86000,0.0,0.0
1996-01-09 00:00:00-05:00,3.5791335576593624,3.610121726989746,3.532651303663786,3.610121726989746,780800,0.0,0.0
1996-01-10 00:00:00-05:00,3.6101219427996667,3.6256160283910814,3.563639686025422,3.594627857208252,1480000,0.0,0.0
1996-01-11 00:00:00-05:00,3.594628221848432,3.6875927448272705,3.594628221848432,3.6875927448272705,405600,0.0,0.0
1996-01-12 00:00:00-05:00,3.687592786550522,3.734075048565865,3.6411105245351796,3.718580961227417,317600,0.0,0.0
1996-01-15 00:00:00-05:00,3.7185789037633827,3.780555218826106,3.703084824997702,3.765061140060425,182000,0.0,0.0
1996-01-16 00:00:00-05:00,3.7495683168960827,3.7650624008501987,3.6566038131713863,3.6566038131713867,216000,0.0,0.0
1996-01-17 00:00:00-05:00,3.6720976065366697,3.6720976065366697,3.6101212756246586,3.625615358352661,260800,0.0,0.0
1996-01-18 00:00:00-05:00,3.641110483337851,3.70308683199041,3.641110483337851,3.6875927448272705,418000,0.0,0.0
1996-01-19 00:00:00-05:00,3.703085973243083,3.7495682239532475,3.6875918896730284,3.749568223953247,297200,0.0,0.0
1996-01-22 00:00:00-05:00,3.7340741157531743,3.74956819922103,3.703085948817463,3.734074115753174,200800,0.0,0.0
1996-01-23 00:00:00-05:00,3.687592786550522,3.7185809612274174,3.687592786550522,3.718580961227417,650800,0.0,0.0
1996-01-24 00:00:00-05:00,3.71858091915355,3.71858091915355,3.6875927448272705,3.6875927448272705,168800,0.0,0.0
1996-01-25 00:00:00-05:00,3.7030868738889695,3.7495691359043124,3.687592786550522,3.718580961227417,356400,0.0,0.0
1996-01-26 00:00:00-05:00,3.74956819922103,3.74956819922103,3.7185800322853186,3.734074115753174,560400,0.0,0.0
1996-01-29 00:00:00-05:00,3.7340741157531743,3.74956819922103,3.7185800322853186,3.734074115753174,428800,0.0,0.0
1996-01-30 00:00:00-05:00,3.734075601960792,3.780557870864868,3.734075601960792,3.780557870864868,217200,0.0,0.0
1996-01-31 00:00:00-05:00,3.7805564888124543,3.827038740724083,3.7805564888124543,3.81154465675354,175400,0.0,0.0
1996-02-01 00:00:00-05:00,3.7960492975917868,3.7960492975917868,3.7650611400604252,3.765061140060425,72400,0.0,0.0
1996-02-02 00:00:00-05:00,3.7495682239532475,3.811544558233466,3.7340741403831927,3.749568223953247,95200,0.0,0.0
1996-02-05 00:00:00-05:00,3.7805564888124543,3.81154465675354,3.7495683208713686,3.81154465675354,144800,0.0,0.0
1996-02-06 00:00:00-05:00,3.8115455899919786,3.8115455899919786,3.7495692389351984,3.796051502227783,266200,0.0,0.0
1996-02-07 00:00:00-05:00,3.811544918338297,3.8270390033721924,3.811544918338297,3.8270390033721924,136000,0.0,0.0
1996-02-08 00:00:00-05:00,3.8270390033721924,3.8425330884060878,3.811544918338297,3.8270390033721924,258600,0.0,0.0
1996-02-09 00:00:00-05:00,3.8425326347351074,3.8425326347351074,3.8270385515305305,3.8425326347351074,63000,0.0,0.0
1996-02-12 00:00:00-05:00,3.842532447814941,3.935496942520141,3.8270383653640745,3.873520612716675,359400,0.0,0.0
1996-02-13 00:00:00-05:00,3.904509804465554,4.02846249667081,3.8890157179398974,3.920003890991211,161600,0.0,0.0
1996-02-14 00:00:00-05:00,3.9509893433992254,4.028459722681563,3.9509893433992254,3.997471570968628,226600,0.0,0.0
1996-02-15 00:00:00-05:00,3.997474869713187,4.012968958355486,3.9354985151439905,3.966486692428589,143200,0.0,0.0
1996-02-16 00:00:00-05:00,3.9664857619467413,3.9819798469543457,3.9664857619467413,3.9819798469543457,76000,0.0,0.0
1996-02-20 00:00:00-05:00,3.9509909152984624,3.9664849973192404,3.935496833277684,3.950990915298462,122400,0.0,0.0
1996-02-21 00:00:00-05:00,3.9509887348009842,3.966482808270792,3.920000587861369,3.9354946613311768,39200,0.0,0.0
1996-02-22 00:00:00-05:00,3.966485133684014,3.9974732987909203,3.858026555809842,3.889014720916748,201000,0.0,0.0
1996-02-23 00:00:00-05:00,3.9045087776184078,3.9045087776184078,3.8735206127166744,3.873520612716675,336000,0.0,0.0
1996-02-26 00:00:00-05:00,3.8890137701858714,3.8890137701858714,3.7495670612947443,3.765061140060425,210000,0.0,0.0
1996-02-27 00:00:00-05:00,3.7805566295744883,3.90450930595398,3.7805566295744883,3.9045093059539795,103600,0.0,0.0
1996-02-28 00:00:00-05:00,3.904506514391561,3.9509887348009842,3.8425302205123297,3.9354946613311768,130600,0.0,0.0
1996-02-29 00:00:00-05:00,3.9509887348009842,3.966482808270792,3.9354946613311768,3.9354946613311768,239600,0.0,0.0
1996-03-01 00:00:00-05:00,3.966486692428589,3.997474869713187,3.9354985151439905,3.966486692428589,156800,0.0,0.0
1996-03-04 00:00:00-05:00,3.966486692428589,3.966486692428589,3.9200044265016913,3.966486692428589,112600,0.0,0.0
1996-03-05 00:00:00-05:00,3.9664843938525576,4.012966632843018,3.958737354020814,4.012966632843018,46200,0.0,0.0
1996-03-06 00:00:00-05:00,4.012966745253299,4.090437145740814,4.012966745253299,4.0749430656433105,404800,0.0,0.0
1996-03-07 00:00:00-05:00,4.074943646063073,4.152414057585184,4.05944956375865,4.136919975280762,412000,0.0,0.0
1996-03-08 00:00:00-05:00,4.1369197635508295,4.198896089596535,4.028461192970846,4.152413845062256,334200,0.0,0.0
1996-03-11 00:00:00-05:00,4.152413845062256,4.167907926573682,4.090437519016551,4.152413845062256,348600,0.0,0.0
1996-03-12 00:00:00-05:00,4.152413791283629,4.152413791283629,4.10593154735135,4.121425628662109,221000,0.0,0.0
1996-03-13 00:00:00-05:00,4.105930956265398,4.121425035345645,4.059448719024658,4.059448719024658,762800,0.0,0.0
1996-03-14 00:00:00-05:00,3.935497977516868,3.966486150568182,3.9200038909912114,3.920003890991211,468400,0.0,0.0
1996-03-15 00:00:00-05:00,3.920003050757993,3.920003050757993,3.7805563019167994,3.8425326347351074,216200,0.0,0.0
1996-03-18 00:00:00-05:00,3.8735183674519456,3.9354946613311768,3.8425302205123297,3.9354946613311768,144000,0.0,0.0
1996-03-19 00:00:00-05:00,3.981980781070888,4.012968958355486,3.9354985151439905,3.966486692428589,70000,0.0,0.0
1996-03-20 00:00:00-05:00,3.966486692428589,4.028463046997786,3.966486692428589,3.966486692428589,141200,0.0,0.0
1996-03-21 00:00:00-05:00,3.9974732912503756,4.028461456298828,3.981979208726149,4.028461456298828,145400,0.0,0.0
1996-03-22 00:00:00-05:00,4.04395479216999,4.04395479216999,3.9974725531795308,4.012966632843018,80400,0.0,0.0
1996-03-25 00:00:00-05:00,4.074942798104905,4.074942798104905,4.012966481783917,4.059448719024658,91800,0.0,0.0
1996-03-26 00:00:00-05:00,4.0904370888896375,4.121425248653953,4.043954849243164,4.043954849243164,292600,0.0,0.0
1996-03-27 00:00:00-05:00,4.071095780765309,4.102654662786746,4.023757457733154,4.023757457733154,206800,0.295,0.0
1996-03-28 00:00:00-05:00,4.023757457733154,4.039536898743872,3.992198575711718,4.023757457733154,133800,0.0,0.0
1996-03-29 00:00:00-05:00,4.023758397102356,4.023758397102356,3.9133022842407224,3.9448611736297607,338800,0.0,0.0
1996-04-01 00:00:00-05:00,3.976422071456909,3.976422071456909,3.9606426187923978,3.976422071456909,122600,0.0,0.0
1996-04-02 00:00:00-05:00,3.9606426187923978,3.976422071456909,3.9448631661278863,3.976422071456909,93200,0.0,0.0
1996-04-03 00:00:00-05:00,3.976422351339589,3.992201805114746,3.976422351339589,3.992201805114746,66400,0.0,0.0
1996-04-04 00:00:00-05:00,3.9922015241214206,3.9922015241214206,3.976422071456909,3.976422071456909,98800,0.0,0.0
1996-04-08 00:00:00-04:00,3.9764200630187987,3.9764200630187987,3.9133022842407224,3.9448611736297607,292800,0.0,0.0
1996-04-09 00:00:00-04:00,3.9448631661278863,3.9922015241214206,3.9448631661278863,3.976422071456909,124600,0.0,0.0
1996-04-10 00:00:00-04:00,4.007980976785932,4.007980976785932,3.9448631661278863,3.976422071456909,145400,0.0,0.0
1996-04-11 00:00:00-04:00,4.007981258889903,4.007981258889903,3.9606428975644317,3.992201805114746,93600,0.0,0.0
1996-04-12 00:00:00-04:00,4.02375620464946,4.071094512939453,4.02375620464946,4.071094512939453,295000,0.0,0.0
1996-04-15 00:00:00-04:00,4.102654401860182,4.118433841867336,4.055316081838718,4.086874961853027,71800,0.0,0.0
1996-04-16 00:00:00-04:00,4.0553162977269395,4.149992942810059,4.0553162977269395,4.149992942810059,89000,0.0,0.0
1996-04-17 00:00:00-04:00,4.134213281874491,4.181551601895954,4.039536641831564,4.086874961853027,197600,0.0,0.0
1996-04-18 00:00:00-04:00,4.086876964203699,4.1342153074184145,4.086876964203699,4.118435859680176,44000,0.0,0.0
1996-04-19 00:00:00-04:00,4.134212970733643,4.149992409553237,4.118433531914048,4.134212970733643,62400,0.0,0.0
1996-04-22 00:00:00-04:00,4.149992996996099,4.19733132015575,4.134213555942882,4.165772438049316,84000,0.0,0.0
1996-04-23 00:00:00-04:00,4.165774638836201,4.165774638836201,4.071097942499014,4.102656841278076,66400,0.0,0.0
1996-04-24 00:00:00-04:00,4.102654401860182,4.118433841867336,4.071095521845873,4.086874961853027,18600,0.0,0.0
1996-04-25 00:00:00-04:00,4.086877391888545,4.102656841278076,4.071097942499014,4.102656841278076,68400,0.0,0.0
1996-04-26 00:00:00-04:00,4.102654401860182,4.102654401860182,4.055316081838718,4.086874961853027,65800,0.0,0.0
1996-04-29 00:00:00-04:00,4.086877391888545,4.118436290667607,4.071097942499014,4.102656841278076,120400,0.0,0.0
1996-04-30 00:00:00-04:00,4.102653385132783,4.102653385132783,4.0395356407461245,4.071094512939453,132200,0.0,0.0
1996-05-01 00:00:00-04:00,4.071097942499014,4.102656841278076,4.055318493109483,4.102656841278076,164600,0.0,0.0
1996-05-02 00:00:00-04:00,4.071095521845873,4.086874961853027,4.055316081838718,4.086874961853027,44400,0.0,0.0
1996-05-03 00:00:00-04:00,4.102654401860182,4.118433841867336,4.071095521845873,4.086874961853027,62000,0.0,0.0
1996-05-06 00:00:00-04:00,4.071094512939453,4.086873949036118,4.0395356407461245,4.071094512939453,146400,0.0,0.0
1996-05-07 00:00:00-04:00,4.071093788297158,4.071093788297158,3.9132994554174227,4.007976055145264,825400,0.0,0.0
1996-05-08 00:00:00-04:00,4.007979489862919,4.055317830294371,4.007979489862919,4.039538383483887,90200,0.0,0.0
1996-05-09 00:00:00-04:00,4.055318493109483,4.102656841278076,4.055318493109483,4.102656841278076,81200,0.0,0.0
1996-05-10 00:00:00-04:00,4.134212970733643,4.134212970733643,4.086874654274861,4.134212970733643,87600,0.0,0.0
1996-05-13 00:00:00-04:00,4.149992409553237,4.181551287192425,4.102654093094454,4.134212970733643,129800,0.0,0.0
1996-05-14 00:00:00-04:00,4.149994511157274,4.149994511157274,4.039538383483887,4.039538383483887,256200,0.0,0.0
1996-05-15 00:00:00-04:00,4.055317830294371,4.0868767239153385,4.023758936673403,4.039538383483887,115800,0.0,0.0
1996-05-16 00:00:00-04:00,4.039537841796875,4.039537841796875,3.9448611736297607,3.9448611736297607,279400,0.0,0.0
1996-05-17 00:00:00-04:00,3.976422071456909,3.976422071456909,3.9448631661278863,3.976422071456909,127800,0.0,0.0
1996-05-20 00:00:00-04:00,3.9764181988172798,3.9764181988172798,3.944859324223492,3.9606387615203857,61800,0.0,0.0
1996-05-21 00:00:00-04:00,3.9764175989541664,3.9764175989541664,3.929079294204712,3.929079294204712,305200,0.0,0.0
1996-05-22 00:00:00-04:00,3.9290837134633745,3.9922015241214206,3.913304260798863,3.976422071456909,139000,0.0,0.0
1996-05-23 00:00:00-04:00,3.9922015241214206,3.9922015241214206,3.9448631661278863,3.976422071456909,153600,0.0,0.0
1996-05-24 00:00:00-04:00,3.9764200630187987,3.9764200630187987,3.9133022842407224,3.9448611736297607,109800,0.0,0.0
1996-05-28 00:00:00-04:00,3.929079294204712,3.9448587291211967,3.913299859288227,3.929079294204712,133800,0.0,0.0
1996-05-29 00:00:00-04:00,3.929080909298312,3.929080909298312,3.897522026492703,3.913301467895508,144800,0.0,0.0
1996-05-30 00:00:00-04:00,3.8975204243717423,3.929079294204712,3.8975204243717423,3.929079294204712,127800,0.0,0.0
1996-05-31 00:00:00-04:00,3.929080909298312,3.929080909298312,3.913301467895508,3.913301467895508,142200,0.0,0.0
1996-06-03 00:00:00-04:00,3.913301467895508,3.913301467895508,3.897522026492703,3.913301467895508,32200,0.0,0.0
1996-06-04 00:00:00-04:00,3.913301467895508,3.913301467895508,3.897522026492703,3.913301467895508,55600,0.0,0.0
1996-06-05 00:00:00-04:00,3.9133013706581266,4.023757457733154,3.897521929647408,4.023757457733154,291000,0.0,0.0
1996-06-06 00:00:00-04:00,4.007978016722436,4.039536898743872,3.944860252679563,4.023757457733154,376800,0.0,0.0
1996-06-07 00:00:00-04:00,4.023755488433237,4.023755488433237,3.99219662185729,4.007976055145264,58200,0.0,0.0
1996-06-10 00:00:00-04:00,3.992200043052435,4.039538383483887,3.992200043052435,4.039538383483887,176800,0.0,0.0
1996-06-11 00:00:00-04:00,4.0395356407461245,4.086873949036118,4.02375620464946,4.071094512939453,138200,0.0,0.0
1996-06-12 00:00:00-04:00,4.071097277104855,4.071097277104855,4.039538383483887,4.039538383483887,267000,0.0,0.0
1996-06-13 00:00:00-04:00,4.055318355560303,4.055318355560303,4.039538906705983,4.055318355560303,40800,0.0,0.0
1996-06-14 00:00:00-04:00,4.071095215455267,4.181551287192425,4.071095215455267,4.134212970733643,680600,0.0,0.0
1996-06-17 00:00:00-04:00,4.197331265351618,4.197331265351618,4.149992942810059,4.149992942810059,144800,0.0,0.0
1996-06-18 00:00:00-04:00,4.149992942810059,4.165772383657245,4.102654620268499,4.149992942810059,191000,0.0,0.0
1996-06-19 00:00:00-04:00,4.134213555942882,4.165772438049316,4.134213555942882,4.165772438049316,130400,0.0,0.0
1996-06-20 00:00:00-04:00,4.197331265351618,4.197331265351618,4.134213501962872,4.149992942810059,31200,0.0,0.0
1996-06-21 00:00:00-04:00,4.181551287192425,4.1973307260120185,4.118433531914048,4.134212970733643,129000,0.0,0.0
1996-06-24 00:00:00-04:00,4.149993997249963,4.181552886962891,4.134214552393499,4.181552886962891,83400,0.0,0.0
1996-06-25 00:00:00-04:00,4.181551567177648,4.213110446929932,4.134213247549221,4.213110446929932,933400,0.0,0.0
1996-06-26 00:00:00-04:00,4.25680370944919,4.3049939401222,4.224676889000517,4.2407402992248535,128600,0.295,0.0
1996-06-27 00:00:00-04:00,4.208611965179443,4.256802178521193,4.176485156284944,4.208611965179443,112200,0.0,0.0
1996-06-28 00:00:00-04:00,4.240740975499607,4.25680438828559,4.224677562713623,4.224677562713623,146600,0.0,0.0
1996-07-01 00:00:00-04:00,4.224676693610425,4.256803512573242,4.224676693610425,4.256803512573242,127000,0.0,0.0
1996-07-02 00:00:00-04:00,4.256801703449493,4.3049919114130715,4.256801703449493,4.288928508758545,199800,0.0,0.0
1996-07-03 00:00:00-04:00,4.3049919114130715,4.337118716722125,4.272865106104018,4.288928508758545,44000,0.0,0.0
1996-07-05 00:00:00-04:00,4.288928508758545,4.288928508758545,4.288928508758545,4.288928508758545,35800,0.0,0.0
1996-07-08 00:00:00-04:00,4.288930613295476,4.288930613295476,4.272867202758789,4.272867202758789,251800,0.0,0.0
1996-07-09 00:00:00-04:00,4.272867202758789,4.288930613295476,4.256803792222102,4.272867202758789,44800,0.0,0.0
1996-07-10 00:00:00-04:00,4.288928508758545,4.288928508758545,4.272865106104018,4.288928508758545,54400,0.0,0.0
1996-07-11 00:00:00-04:00,4.256801703449493,4.288928508758545,4.240738300794966,4.288928508758545,160200,0.0,0.0
1996-07-12 00:00:00-04:00,4.288932460700454,4.353186130523682,4.288932460700454,4.353186130523682,133800,0.0,0.0
1996-07-15 00:00:00-04:00,4.3371195793151855,4.385309796863132,4.32105617346587,4.3371195793151855,389000,0.0,0.0
1996-07-16 00:00:00-04:00,4.32105617346587,4.3531829851645005,4.288929361767239,4.3371195793151855,465200,0.0,0.0
1996-07-17 00:00:00-04:00,4.3371195793151855,4.369246391013816,4.32105617346587,4.3371195793151855,268000,0.0,0.0
1996-07-18 00:00:00-04:00,4.353186130523682,4.369249547979488,4.3049958781562605,4.353186130523682,127800,0.0,0.0
1996-07-19 00:00:00-04:00,4.353183076662176,4.369246482849121,4.33711967047523,4.369246482849121,31400,0.0,0.0
1996-07-22 00:00:00-04:00,4.369249547979488,4.369249547979488,4.337122713067875,4.353186130523682,62200,0.0,0.0
1996-07-23 00:00:00-04:00,4.3531829851645005,4.3531829851645005,4.32105617346587,4.3371195793151855,41600,0.0,0.0
1996-07-24 00:00:00-04:00,4.304992767616555,4.3371195793151855,4.272865955917924,4.3371195793151855,117400,0.0,0.0
1996-07-25 00:00:00-04:00,4.337122713067875,4.353186130523682,4.321059295612068,4.353186130523682,75000,0.0,0.0
1996-07-26 00:00:00-04:00,4.369246391013816,4.385309796863132,4.32105617346587,4.3371195793151855,45000,0.0,0.0
1996-07-29 00:00:00-04:00,4.33711967047523,4.401373295223012,4.321056264288285,4.369246482849121,87800,0.0,0.0
1996-07-30 00:00:00-04:00,4.369246585661594,4.369246585661594,4.321056365966797,4.321056365966797,65600,0.0,0.0
1996-07-31 00:00:00-04:00,4.32105617346587,4.3371195793151855,4.32105617346587,4.3371195793151855,71600,0.0,0.0
1996-08-01 00:00:00-04:00,4.35318241189251,4.417436026828193,4.35318241189251,4.385309219360352,39600,0.0,0.0
1996-08-02 00:00:00-04:00,4.4335026181041135,4.529883109802029,4.401375787538141,4.513819694519043,127800,0.0,0.0
1996-08-05 00:00:00-04:00,4.545946525085015,4.545946525085015,4.465629448670085,4.513819694519043,63400,0.0,0.0
1996-08-06 00:00:00-04:00,4.497755527496338,4.497755527496338,4.481692114898137,4.497755527496338,53600,0.0,0.0
1996-08-07 00:00:00-04:00,4.497754770367804,4.545945000050316,4.465627950579462,4.481691360473633,419000,0.0,0.0
1996-08-08 00:00:00-04:00,4.465624516621393,4.465624516621393,4.401370926454179,4.44956111907959,167800,0.0,0.0
1996-08-09 00:00:00-04:00,4.465626817183061,4.465626817183061,4.401373193914241,4.417436599731445,83600,0.0,0.0
1996-08-12 00:00:00-04:00,4.433497721537786,4.4977513117050005,4.401370926454179,4.44956111907959,159600,0.0,0.0
1996-08-13 00:00:00-04:00,4.449564736524074,4.497754968327584,4.401374504720565,4.465628147125244,95400,0.0,0.0
1996-08-14 00:00:00-04:00,4.481692114898137,4.497755527496338,4.465628702299935,4.497755527496338,92800,0.0,0.0
1996-08-15 00:00:00-04:00,4.4977513117050005,4.4977513117050005,4.433497721537786,4.44956111907959,92800,0.0,0.0
1996-08-16 00:00:00-04:00,4.449563218199688,4.449563218199688,4.401373002840125,4.433499813079834,114400,0.0,0.0
1996-08-19 00:00:00-04:00,4.449564736524074,4.465628147125244,4.4174379153217345,4.465628147125244,57000,0.0,0.0
1996-08-20 00:00:00-04:00,4.465628702299935,4.497755527496338,4.465628702299935,4.497755527496338,72600,0.0,0.0
1996-08-21 00:00:00-04:00,4.481692114898137,4.497755527496338,4.481692114898137,4.497755527496338,56000,0.0,0.0
1996-08-22 00:00:00-04:00,4.497755527496338,4.497755527496338,4.449565289701734,4.497755527496338,106000,0.0,0.0
1996-08-23 00:00:00-04:00,4.497755527496338,4.497755527496338,4.465628702299935,4.497755527496338,72800,0.0,0.0
1996-08-26 00:00:00-04:00,4.497754770367804,4.497754770367804,4.449564540685292,4.481691360473633,68400,0.0,0.0
1996-08-27 00:00:00-04:00,4.497755527496338,4.497755527496338,4.481692114898137,4.497755527496338,79800,0.0,0.0
1996-08-28 00:00:00-04:00,4.497755527496338,4.497755527496338,4.481692114898137,4.497755527496338,83800,0.0,0.0
1996-08-29 00:00:00-04:00,4.497756279236057,4.562009940368001,4.4816928639530715,4.513819694519043,307800,0.0,0.0
1996-08-30 00:00:00-04:00,4.545943260192871,4.578070067685401,4.529879856446606,4.545943260192871,172000,0.0,0.0
1996-09-03 00:00:00-04:00,4.5298835247546645,4.61020060852691,4.497756691245766,4.594137191772461,108200,0.0,0.0
1996-09-04 00:00:00-04:00,4.578072547912598,4.642326197707862,4.578072547912598,4.578072547912598,96400,0.0,0.0
1996-09-05 00:00:00-04:00,4.61019937281023,4.61019937281023,4.529882310566149,4.578072547912598,197600,0.0,0.0
1996-09-06 00:00:00-04:00,4.594133471431665,4.626260278924194,4.529879856446606,4.545943260192871,201000,0.0,0.0
1996-09-09 00:00:00-04:00,4.545945446256181,4.5780722691979205,4.545945446256181,4.562008857727051,301000,0.0,0.0
1996-09-10 00:00:00-04:00,4.562009135463781,4.578072547912598,4.545945723014966,4.578072547912598,180600,0.0,0.0
1996-09-11 00:00:00-04:00,4.59413568066879,4.59413568066879,4.545945446256181,4.562008857727051,107000,0.0,0.0
1996-09-12 00:00:00-04:00,4.562009135463781,4.578072547912598,4.562009135463781,4.578072547912598,99600,0.0,0.0
1996-09-13 00:00:00-04:00,4.578072547912598,4.578072547912598,4.562009135463781,4.578072547912598,80800,0.0,0.0
1996-09-16 00:00:00-04:00,4.578070067685401,4.578070067685401,4.529879856446606,4.545943260192871,114600,0.0,0.0
1996-09-17 00:00:00-04:00,4.545943260192871,4.562006663939136,4.545943260192871,4.545943260192871,97600,0.0,0.0
1996-09-18 00:00:00-04:00,4.5459434512659165,4.5459434512659165,4.529880046844482,4.529880046844482,250000,0.0,0.0
1996-09-19 00:00:00-04:00,4.5459434512659165,4.5459434512659165,4.513816642423048,4.529880046844482,215200,0.0,0.0
1996-09-20 00:00:00-04:00,4.529879856446606,4.545943260192871,4.529879856446606,4.545943260192871,218600,0.0,0.0
1996-09-23 00:00:00-04:00,4.545943260192871,4.562006663939136,4.545943260192871,4.545943260192871,92000,0.0,0.0
1996-09-24 00:00:00-04:00,4.562009135463781,4.578072547912598,4.529882310566149,4.578072547912598,903400,0.0,0.0
1996-09-25 00:00:00-04:00,4.606165545568028,4.622499465942383,4.589831625193673,4.622499465942383,553800,0.295,0.0
1996-09-26 00:00:00-04:00,4.606167575003395,4.638835430145264,4.606167575003395,4.638835430145264,89000,0.0,0.0
1996-09-27 00:00:00-04:00,4.638834608646861,4.655168533325195,4.638834608646861,4.655168533325195,112000,0.0,0.0
1996-09-30 00:00:00-04:00,4.655168533325195,4.687836382681863,4.638834608646861,4.655168533325195,299200,0.0,0.0
1996-10-01 00:00:00-04:00,4.6878354871149295,4.720503330230713,4.671501565557038,4.720503330230713,127600,0.0,0.0
1996-10-02 00:00:00-04:00,4.720505458552663,4.736839387474991,4.67150367178568,4.687837600708008,1054000,0.0,0.0
1996-10-03 00:00:00-04:00,4.687837508629109,4.736839294433594,4.655169651426118,4.736839294433594,79000,0.0,0.0
1996-10-04 00:00:00-04:00,4.75317110264138,4.769505023956299,4.736837181326462,4.769505023956299,100200,0.0,0.0
1996-10-07 00:00:00-04:00,4.769505094904388,4.769505094904388,4.704169408672821,4.720503330230713,89600,0.0,0.0
1996-10-08 00:00:00-04:00,4.753171173346496,4.753171173346496,4.704169408672821,4.720503330230713,104600,0.0,0.0
1996-10-09 00:00:00-04:00,4.720503598963682,4.769505366426973,4.720503598963682,4.753171443939209,110000,0.0,0.0
1996-10-10 00:00:00-04:00,4.736837521451445,4.753171443939209,4.720503598963682,4.753171443939209,155000,0.0,0.0
1996-10-11 00:00:00-04:00,4.769504010475288,4.818505764007568,4.769504010475288,4.818505764007568,366200,0.0,0.0
1996-10-14 00:00:00-04:00,4.834839681851662,4.8511735996957555,4.818505764007568,4.818505764007568,310600,0.0,0.0
1996-10-15 00:00:00-04:00,4.834839344024658,4.851173260727444,4.818505427321872,4.834839344024658,87400,0.0,0.0
1996-10-16 00:00:00-04:00,4.851174490563821,4.8838423322511195,4.834840569720172,4.867508411407471,193400,0.0,0.0
1996-10-17 00:00:00-04:00,4.85117699390271,4.88384485244751,4.85117699390271,4.88384485244751,89200,0.0,0.0
1996-10-18 00:00:00-04:00,4.88384485244751,4.90017878171991,4.85117699390271,4.88384485244751,55800,0.0,0.0
1996-10-21 00:00:00-04:00,4.883841715276442,4.883841715276442,4.834839958935875,4.8511738777160645,163600,0.0,0.0
1996-10-22 00:00:00-04:00,4.834843064630311,4.88384485244751,4.818509135357911,4.88384485244751,97200,0.0,0.0
1996-10-23 00:00:00-04:00,4.86751092317511,4.90017878171991,4.86751092317511,4.88384485244751,53800,0.0,0.0
1996-10-24 00:00:00-04:00,4.88384485244751,4.9165127109923095,4.86751092317511,4.88384485244751,259800,0.0,0.0
1996-10-25 00:00:00-04:00,4.86751092317511,4.88384485244751,4.86751092317511,4.88384485244751,46400,0.0,0.0
1996-10-28 00:00:00-05:00,4.883841715276442,4.90017563405663,4.8511738777160645,4.8511738777160645,311000,0.0,0.0
1996-10-29 00:00:00-05:00,4.86750717743023,4.86750717743023,4.818505427321872,4.834839344024658,181800,0.0,0.0
1996-10-30 00:00:00-05:00,4.818505427321872,4.86750717743023,4.818505427321872,4.834839344024658,133800,0.0,0.0
1996-10-31 00:00:00-05:00,4.834841462219654,4.867509309937354,4.785839690643103,4.802173614501953,286800,0.0,0.0
1996-11-01 00:00:00-05:00,4.818509135357911,4.88384485244751,4.802175206085511,4.88384485244751,251200,0.0,0.0
1996-11-04 00:00:00-05:00,4.8838423322511195,4.8838423322511195,4.8185066488765225,4.867508411407471,155200,0.0,0.0
1996-11-05 00:00:00-05:00,4.883843473868795,4.981847021839406,4.867509549207027,4.949179172515869,104000,0.0,0.0
1996-11-06 00:00:00-05:00,4.965513537006993,5.112518871984174,4.965513537006993,5.063517093658447,269400,0.0,0.0
1996-11-07 00:00:00-05:00,5.03084659576416,5.06351443080159,5.014512678245445,5.03084659576416,99800,0.0,0.0
1996-11-08 00:00:00-05:00,5.030849627412547,5.194188901029837,5.014515700050818,5.112519264221191,1007200,0.0,0.0
1996-11-11 00:00:00-05:00,5.145186292138069,5.194188066348908,5.112518442664177,5.128852367401123,121800,0.0,0.0
1996-11-12 00:00:00-05:00,5.145185870944329,5.210521564543622,5.145185870944329,5.194187641143799,123200,0.0,0.0
1996-11-13 00:00:00-05:00,5.161520871249112,5.210522651672363,5.145186944441362,5.210522651672363,178200,0.0,0.0
1996-11-14 00:00:00-05:00,5.210522651672363,5.210522651672363,5.194188724864613,5.210522651672363,77600,0.0,0.0
1996-11-15 00:00:00-05:00,5.194187906384468,5.243189679086208,5.1778539821505545,5.226855754852295,341800,0.0,0.0
1996-11-18 00:00:00-05:00,5.226856578480113,5.292192285711115,5.177854798056862,5.210522651672363,211800,0.0,0.0
1996-11-19 00:00:00-05:00,5.226856578480113,5.243190505287864,5.194188724864613,5.210522651672363,162200,0.0,0.0
1996-11-20 00:00:00-05:00,5.210520332372641,5.2268542519098595,5.161518573760986,5.161518573760986,70200,0.0,0.0
1996-11-21 00:00:00-05:00,5.12885073468655,5.210520332372641,5.12885073468655,5.161518573760986,58400,0.0,0.0
1996-11-22 00:00:00-05:00,5.12885073468655,5.194186412835423,5.112516815149331,5.161518573760986,108600,0.0,0.0
1996-11-25 00:00:00-05:00,5.145186944441362,5.226856578480113,5.145186944441362,5.210522651672363,102400,0.0,0.0
1996-11-26 00:00:00-05:00,5.194187906384468,5.259523603320122,5.194187906384468,5.226855754852295,635000,0.0,0.0
1996-11-27 00:00:00-05:00,5.2431878425456855,5.324857435108703,5.2431878425456855,5.292189598083496,433800,0.0,0.0
1996-11-29 00:00:00-05:00,5.275856701384453,5.275856701384453,5.210521014680001,5.243188858032227,23800,0.0,0.0
1996-12-02 00:00:00-05:00,5.226854596819196,5.373859882354736,5.226854596819196,5.373859882354736,154400,0.0,0.0
1996-12-03 00:00:00-05:00,5.390192866325378,5.520864208539327,5.3738589485486346,5.48819637298584,539800,0.0,0.0
1996-12-04 00:00:00-05:00,5.471864780747747,5.488198705466397,5.422863006591797,5.422863006591797,245200,0.0,0.0
1996-12-05 00:00:00-05:00,5.422863220446038,5.439197145808827,5.357527518994881,5.390195369720459,78400,0.0,0.0
1996-12-06 00:00:00-05:00,5.3575262317484595,5.439195838939747,5.3575262317484595,5.406527996063232,1081000,0.0,0.0
1996-12-09 00:00:00-05:00,5.406529689944068,5.618870735168457,5.406529689944068,5.618870735168457,341600,0.0,0.0
1996-12-10 00:00:00-05:00,5.586202276691403,5.602536201477051,5.553534427120109,5.602536201477051,950200,0.0,0.0
1996-12-11 00:00:00-05:00,5.569868351905757,5.635204051048346,5.488198727977519,5.602536201477051,814400,0.0,0.0
1996-12-12 00:00:00-05:00,5.618870126262698,5.618870126262698,5.586202276691403,5.602536201477051,984000,0.0,0.0
1996-12-13 00:00:00-05:00,5.602537854326086,5.602537854326086,5.5698699951171875,5.5698699951171875,921200,0.0,0.0
1996-12-16 00:00:00-05:00,5.586204118870977,5.586204118870977,5.406530886977466,5.471866607666016,283200,0.0,0.0
1996-12-17 00:00:00-05:00,5.455532677493878,5.471866607666016,5.390196956805329,5.471866607666016,282000,0.0,0.0
1996-12-18 00:00:00-05:00,5.439196953620577,5.602536201477051,5.439196953620577,5.602536201477051,141600,0.0,0.0
1996-12-19 00:00:00-05:00,5.65153694152832,5.68420478512097,5.618869097935671,5.65153694152832,419200,0.0,0.0
1996-12-20 00:00:00-05:00,5.52086820630384,5.602537854326086,5.455532487886043,5.5698699951171875,383800,0.0,0.0
1996-12-23 00:00:00-05:00,5.53720213590829,5.5698699951171875,5.504534276699391,5.5698699951171875,268800,0.0,0.0
1996-12-24 00:00:00-05:00,5.536711788741795,5.603019714355469,5.536711788741795,5.603019714355469,104200,0.3125,0.0
1996-12-26 00:00:00-05:00,5.6030222878527285,5.6030222878527285,5.503560353748834,5.553291320800781,150800,0.0,0.0
1996-12-27 00:00:00-05:00,5.503559446476333,5.619598350468305,5.486982460191767,5.58644437789917,726800,0.0,0.0
1996-12-30 00:00:00-05:00,5.603021924088641,5.603021924088641,5.437252044677734,5.437252044677734,1046400,0.0,0.0
1996-12-31 00:00:00-05:00,5.437250183567856,5.503558112635757,5.437250183567856,5.470404148101807,263600,0.0,0.0
1997-01-02 00:00:00-05:00,5.437250788762019,5.437250788762019,5.271480947641225,5.387519836425781,307200,0.0,0.0
1997-01-03 00:00:00-05:00,5.387521080854462,5.453829032618825,5.387521080854462,5.437252044677734,314400,0.0,0.0
1997-01-06 00:00:00-05:00,5.437252397679571,5.553291320800781,5.437252397679571,5.553291320800781,278000,0.0,0.0
1997-01-07 00:00:00-05:00,5.553290405330036,5.58644437789917,5.520136432760901,5.58644437789917,184600,0.0,0.0
1997-01-08 00:00:00-05:00,5.569868155086742,5.652753097870771,5.53671417797313,5.636176109313965,182400,0.0,0.0
1997-01-09 00:00:00-05:00,5.603024050506235,5.68590902166757,5.5698700620417005,5.669332027435303,160200,0.0,0.0
1997-01-10 00:00:00-05:00,5.603022857845004,5.685907811363421,5.603022857845004,5.652753829956055,201800,0.0,0.0
1997-01-13 00:00:00-05:00,5.685905456542969,5.702482440381286,5.6527514888663335,5.685905456542969,228000,0.0,0.0
1997-01-14 00:00:00-05:00,5.669328472704651,5.719059424219604,5.669328472704651,5.685905456542969,334600,0.0,0.0
1997-01-15 00:00:00-05:00,5.702484638015659,5.735638618469238,5.702484638015659,5.735638618469238,228000,0.0,0.0
1997-01-16 00:00:00-05:00,5.735636494001669,5.768790462175089,5.719059509914959,5.752213478088379,218600,0.0,0.0
1997-01-17 00:00:00-05:00,5.685907299188034,5.7024842883984945,5.520137407083427,5.619599342346191,1381400,0.0,0.0
1997-01-20 00:00:00-05:00,5.6030222878527285,5.6030222878527285,5.52013734276615,5.553291320800781,898000,0.0,0.0
1997-01-21 00:00:00-05:00,5.553293001084101,5.5698699951171875,5.536716007051014,5.5698699951171875,965600,0.0,0.0
1997-01-22 00:00:00-05:00,5.553291320800781,5.569868309818097,5.5367143317834655,5.553291320800781,609400,0.0,0.0
1997-01-23 00:00:00-05:00,5.569868533197277,5.569868533197277,5.520137564150873,5.536714553833008,654800,0.0,0.0
1997-01-24 00:00:00-05:00,5.536712077169707,5.536712077169707,5.453827165834832,5.470404148101807,566000,0.0,0.0
1997-01-27 00:00:00-05:00,5.470407736625556,5.486984729766846,5.470407736625556,5.486984729766846,585200,0.0,0.0
1997-01-28 00:00:00-05:00,5.47040466802666,5.520135619554175,5.47040466802666,5.50355863571167,347200,0.0,0.0
1997-01-29 00:00:00-05:00,5.503558419488214,5.520135402679443,5.503558419488214,5.520135402679443,190200,0.0,0.0
1997-01-30 00:00:00-05:00,5.52013734276615,5.553291320800781,5.503560353748834,5.553291320800781,304200,0.0,0.0
1997-01-31 00:00:00-05:00,5.553292625172194,5.70248556137085,5.52013863935027,5.70248556137085,332400,0.0,0.0
1997-02-03 00:00:00-05:00,5.702482440381286,5.702482440381286,5.636174505028015,5.685905456542969,596600,0.0,0.0
1997-02-04 00:00:00-05:00,5.685907811363421,5.685907811363421,5.6361768392523715,5.652753829956055,251800,0.0,0.0
1997-02-05 00:00:00-05:00,5.6361768392523715,5.652753829956055,5.6361768392523715,5.652753829956055,194000,0.0,0.0
1997-02-06 00:00:00-05:00,5.652753829956055,5.652753829956055,5.6361768392523715,5.652753829956055,150200,0.0,0.0
1997-02-07 00:00:00-05:00,5.652755033203036,5.669332027435303,5.652755033203036,5.669332027435303,395200,0.0,0.0
1997-02-10 00:00:00-05:00,5.669332027435303,5.68590902166757,5.636178038970769,5.669332027435303,96000,0.0,0.0
1997-02-11 00:00:00-05:00,5.6693276399691435,5.6693276399691435,5.603019714355469,5.603019714355469,87200,0.0,0.0
1997-02-12 00:00:00-05:00,5.6527514888663335,5.685905456542969,5.636174505028015,5.685905456542969,333800,0.0,0.0
1997-02-13 00:00:00-05:00,5.8682546910275235,5.917985662985384,5.818523719069662,5.901408672332764,668200,0.0,0.0
1997-02-14 00:00:00-05:00,5.934562653638004,5.934562653638004,5.901408672332764,5.901408672332764,227000,0.0,0.0
1997-02-18 00:00:00-05:00,5.934560815493265,5.984291772047678,5.934560815493265,5.967714786529541,225000,0.0,0.0
1997-02-19 00:00:00-05:00,5.967712978740315,6.06717486171932,5.951135998243815,6.034020900726318,447000,0.0,0.0
1997-02-20 00:00:00-05:00,6.0174479484558105,6.0174479484558105,5.984293965268726,6.0174479484558105,272800,0.0,0.0
1997-02-21 00:00:00-05:00,6.034022289086442,6.034022289086442,5.984291336154411,6.000868320465088,197600,0.0,0.0
1997-02-24 00:00:00-05:00,6.0008709568622685,6.034024940049353,5.967716973675184,6.0174479484558105,174000,0.0,0.0
1997-02-25 00:00:00-05:00,6.034020900726318,6.05059788122282,6.017443920229818,6.034020900726318,366600,0.0,0.0
1997-02-26 00:00:00-05:00,6.050601482391357,6.067178472754073,6.034024492028641,6.050601482391357,277000,0.0,0.0
1997-02-27 00:00:00-05:00,6.05059788122282,6.05059788122282,6.017443920229818,6.034020900726318,55800,0.0,0.0
1997-02-28 00:00:00-05:00,6.017445304775765,6.034022289086442,6.000868320465088,6.000868320465088,90400,0.0,0.0
1997-03-03 00:00:00-05:00,6.000866939733317,6.034020900726318,5.984289959236816,6.034020900726318,217400,0.0,0.0
1997-03-04 00:00:00-05:00,6.034024492028641,6.050601482391357,6.0174475016659255,6.050601482391357,190200,0.0,0.0
1997-03-05 00:00:00-05:00,6.017447531385708,6.0837554931640625,6.017447531385708,6.0837554931640625,233000,0.0,0.0
1997-03-06 00:00:00-05:00,6.083754100127595,6.116908073425293,6.083754100127595,6.116908073425293,117600,0.0,0.0
1997-03-07 00:00:00-05:00,6.100328335587267,6.3655600023519305,6.100328335587267,6.332406044006348,257400,0.0,0.0
1997-03-10 00:00:00-05:00,6.332407519221306,6.365561485290527,6.266099587082863,6.365561485290527,143000,0.0,0.0
1997-03-11 00:00:00-05:00,6.382138772220267,6.415292739868164,6.365561788396318,6.415292739868164,132200,0.0,0.0
1997-03-12 00:00:00-05:00,6.398717912202029,6.465025869841429,6.398717912202029,6.4318718910217285,294000,0.0,0.0
1997-03-13 00:00:00-05:00,6.41529243439436,6.481600366532803,6.365561485290527,6.365561485290527,225800,0.0,0.0
1997-03-14 00:00:00-05:00,6.382139605174227,6.382139605174227,6.315831661224365,6.315831661224365,125800,0.0,0.0
1997-03-17 00:00:00-05:00,6.282677689249434,6.315831661224365,6.266100703261968,6.315831661224365,90000,0.0,0.0
1997-03-18 00:00:00-05:00,6.315831142868404,6.332408127495355,6.282677173614502,6.282677173614502,101600,0.0,0.0
1997-03-19 00:00:00-05:00,6.299258708953857,6.299258708953857,6.249527719146327,6.299258708953857,308400,0.0,0.0
1997-03-20 00:00:00-05:00,6.299252085660765,6.332406044006348,6.282675106487973,6.332406044006348,212600,0.0,0.0
1997-03-21 00:00:00-05:00,6.332408127495355,6.348985112122306,6.266100188987551,6.282677173614502,143200,0.0,0.0
1997-03-24 00:00:00-05:00,6.3324070714314775,6.3324070714314775,6.199791216532389,6.216368198394775,1002600,0.0,0.0
1997-03-25 00:00:00-05:00,6.182768943848987,6.182768943848987,6.115564933589759,6.16596794128418,184200,0.3125,0.0
1997-03-26 00:00:00-05:00,6.149165389302013,6.165966387633439,6.11556339263916,6.11556339263916,282000,0.0,0.0
1997-03-27 00:00:00-05:00,6.115562787676782,6.115562787676782,6.048358800999016,6.065159797668457,427000,0.0,0.0
1997-03-31 00:00:00-05:00,6.081960959776544,6.098761956902999,5.913950988511999,5.97275447845459,345200,0.0,0.0
1997-04-01 00:00:00-05:00,5.964354038238525,5.981155035529338,5.9307520436568995,5.964354038238525,209600,0.0,0.0
1997-04-02 00:00:00-05:00,5.947553754854603,5.9979567527771,5.947553754854603,5.9979567527771,214600,0.0,0.0
1997-04-03 00:00:00-05:00,5.964354754162102,6.031558751392097,5.964354754162102,5.9979567527771,94400,0.0,0.0
1997-04-04 00:00:00-05:00,5.9979567527771,6.0147577520845985,5.964354754162102,5.9979567527771,103400,0.0,0.0
1997-04-07 00:00:00-04:00,6.014757402650603,6.11556339263916,6.014757402650603,6.11556339263916,307400,0.0,0.0
1997-04-08 00:00:00-04:00,6.132365936154566,6.182768943848987,6.115564933589759,6.16596794128418,684200,0.0,0.0
1997-04-09 00:00:00-04:00,6.1659677074380115,6.1659677074380115,6.098763699727516,6.132365703582764,102800,0.0,0.0
1997-04-10 00:00:00-04:00,6.115562787676782,6.115562787676782,6.048358800999016,6.065159797668457,51600,0.0,0.0
1997-04-11 00:00:00-04:00,6.03155576317004,6.065157745137561,6.014754772186279,6.014754772186279,65800,0.0,0.0
1997-04-14 00:00:00-04:00,6.048359024692589,6.048359024692589,5.964354038238525,5.964354038238525,55400,0.0,0.0
1997-04-15 00:00:00-04:00,5.981157302856445,5.997958306516154,5.930754291877318,5.981157302856445,69800,0.0,0.0
1997-04-16 00:00:00-04:00,5.981154542363267,5.981154542363267,5.880348566930179,5.897149562835693,171400,0.0,0.0
1997-04-17 00:00:00-04:00,5.863549115340834,5.880350115671323,5.796345114018876,5.813146114349365,88600,0.0,0.0
1997-04-18 00:00:00-04:00,5.813144799937373,5.813144799937373,5.745940813810929,5.796343803405762,74000,0.0,0.0
1997-04-21 00:00:00-04:00,5.813145994796534,5.829946994781494,5.796344994811572,5.829946994781494,239000,0.0,0.0
1997-04-22 00:00:00-04:00,5.829949280550314,5.829949280550314,5.745944247689358,5.77954626083374,83000,0.0,0.0
1997-04-23 00:00:00-04:00,5.762746284405391,5.762746284405391,5.594736188650131,5.645139217376709,322400,0.0,0.0
1997-04-24 00:00:00-04:00,5.594734871281987,5.712341910618245,5.544331854423591,5.695540904998779,205400,0.0,0.0
1997-04-25 00:00:00-04:00,5.678739899379314,5.72914291623771,5.678739899379314,5.695540904998779,231000,0.0,0.0
1997-04-28 00:00:00-04:00,5.729144918988323,5.7627469419735915,5.6955428960030545,5.745945930480957,338200,0.0,0.0
1997-04-29 00:00:00-04:00,5.796344994811572,5.846747994766456,5.796344994811572,5.829946994781494,131800,0.0,0.0
1997-04-30 00:00:00-04:00,5.829947111947195,5.913952113560268,5.829947111947195,5.880350112915039,354600,0.0,0.0
1997-05-01 00:00:00-04:00,5.880351313229265,5.897152316981349,5.846749305725098,5.846749305725098,192400,0.0,0.0
1997-05-02 00:00:00-04:00,5.863550309477182,5.863550309477182,5.846749305725098,5.846749305725098,410600,0.0,0.0
1997-05-05 00:00:00-04:00,5.863547571024664,5.897149562835693,5.846746575119149,5.897149562835693,332400,0.0,0.0
1997-05-06 00:00:00-04:00,5.897151116001813,5.930753116662792,5.796345114018876,5.813146114349365,368400,0.0,0.0
1997-05-07 00:00:00-04:00,5.813148273978122,5.813148273978122,5.7627452542615485,5.77954626083374,158600,0.0,0.0
1997-05-08 00:00:00-04:00,5.76274299621582,5.779543996204787,5.745941996226853,5.76274299621582,70400,0.0,0.0
1997-05-09 00:00:00-04:00,5.796347267405931,5.796347267405931,5.745944247689358,5.77954626083374,91600,0.0,0.0
1997-05-12 00:00:00-04:00,5.779544113688386,5.829947114679855,5.779544113688386,5.813146114349365,131200,0.0,0.0
1997-05-13 00:00:00-04:00,5.829949280550314,5.8467502871225046,5.77954626083374,5.77954626083374,319400,0.0,0.0
1997-05-14 00:00:00-04:00,5.8299483019730145,5.863550309477182,5.8131472982209305,5.846749305725098,273000,0.0,0.0
1997-05-15 00:00:00-04:00,5.846744359549829,5.947550296783447,5.846744359549829,5.947550296783447,343400,0.0,0.0
1997-05-16 00:00:00-04:00,5.930751115166709,6.031557083129883,5.930751115166709,6.031557083129883,163800,0.0,0.0
1997-05-19 00:00:00-04:00,6.048359399313456,6.165966387633439,6.031558400982029,6.11556339263916,159800,0.0,0.0
1997-05-20 00:00:00-04:00,6.115561711854038,6.132362705567924,6.031556743284615,6.0819597244262695,76600,0.0,0.0
1997-05-21 00:00:00-04:00,6.115564106592063,6.1659671074705695,6.081962106006393,6.149166107177734,364400,0.0,0.0
1997-05-22 00:00:00-04:00,6.132365106884898,6.182768107763405,6.115564106592063,6.149166107177734,119800,0.0,0.0
1997-05-23 00:00:00-04:00,6.149166938719373,6.182768943848987,6.149166938719373,6.16596794128418,68000,0.0,0.0
1997-05-27 00:00:00-04:00,6.182766437530518,6.199567433284677,6.1491644460221995,6.182766437530518,210600,0.0,0.0
1997-05-28 00:00:00-04:00,6.165965801332055,6.199567794799805,6.14916480459818,6.199567794799805,411400,0.0,0.0
1997-05-29 00:00:00-04:00,6.18276679806593,6.199567794799805,6.165965801332055,6.199567794799805,255800,0.0,0.0
1997-05-30 00:00:00-04:00,6.216369633952145,6.350777626037598,6.199568634941464,6.350777626037598,211200,0.0,0.0
1997-06-02 00:00:00-04:00,6.350778833512337,6.350778833512337,6.199569813666805,6.249972820281982,221400,0.0,0.0
1997-06-03 00:00:00-04:00,6.249972820281982,6.249972820281982,6.216370815871865,6.249972820281982,92000,0.0,0.0
1997-06-04 00:00:00-04:00,6.233169788267554,6.2499707850014286,6.18276679806593,6.199567794799805,115400,0.0,0.0
1997-06-05 00:00:00-04:00,6.19956971129326,6.19956971129326,6.132365703582764,6.132365703582764,349400,0.0,0.0
1997-06-06 00:00:00-04:00,6.165966518402099,6.333976505279541,6.115563522338867,6.300374507904053,424600,0.0,0.0
1997-06-09 00:00:00-04:00,6.317176964367444,6.317176964367444,6.16596794128418,6.16596794128418,222600,0.0,0.0
1997-06-10 00:00:00-04:00,6.115564933589759,6.16596794128418,6.081962928460145,6.16596794128418,1898400,0.0,0.0
1997-06-11 00:00:00-04:00,6.149166107177734,6.1659671074705695,6.149166107177734,6.149166107177734,513400,0.0,0.0
1997-06-12 00:00:00-04:00,6.149166938719373,6.182768943848987,6.149166938719373,6.16596794128418,355200,0.0,0.0
1997-06-13 00:00:00-04:00,6.165964740031474,6.249969709241713,6.165964740031474,6.216367721557617,622400,0.0,0.0
1997-06-16 00:00:00-04:00,6.216369514465332,6.300374507904053,6.216369514465332,6.300374507904053,358200,0.0,0.0
1997-06-17 00:00:00-04:00,6.266772510528564,6.333976505279541,6.24997151184082,6.300374507904053,298400,0.0,0.0
1997-06-18 00:00:00-04:00,6.283573509216309,6.317175506591797,6.233170513153076,6.300374507904053,222200,0.0,0.0
1997-06-19 00:00:00-04:00,6.283573509216309,6.317175506591797,6.266772510528564,6.300374507904053,193400,0.0,0.0
1997-06-20 00:00:00-04:00,6.300375704471292,6.333977708228472,6.233171696956932,6.266773700714111,662400,0.0,0.0
1997-06-23 00:00:00-04:00,6.300372963256025,6.3339749523933895,6.283571968687341,6.317173957824707,282800,0.0,0.0
1997-06-24 00:00:00-04:00,6.300373249743358,6.300373249743358,6.2499702637454115,6.275171756744385,206200,0.0,0.0
1997-06-25 00:00:00-04:00,6.266658152345073,6.300716077086079,6.232600227604067,6.283687114715576,419000,0.3125,0.0
1997-06-26 00:00:00-04:00,6.317748069763184,6.351806010840074,6.266661158147848,6.317748069763184,199600,0.0,0.0
1997-06-27 00:00:00-04:00,6.317745928156295,6.343289375305176,6.300716963390376,6.343289375305176,329600,0.0,0.0
1997-06-30 00:00:00-04:00,6.35180832461307,6.471011161804199,6.343293836242275,6.471011161804199,245800,0.0,0.0
1997-07-01 00:00:00-04:00,6.48804013854579,6.48804013854579,6.419924231579429,6.471011161804199,184000,0.0,0.0
1997-07-02 00:00:00-04:00,6.505067104155579,6.539125047109273,6.496552618417155,6.53061056137085,83000,0.0,0.0
1997-07-03 00:00:00-04:00,6.530606019559331,6.539120499376227,6.479519140657954,6.505062580108643,94600,0.0,0.0
1997-07-07 00:00:00-04:00,6.530607146521409,6.539121627807617,6.48803474009037,6.539121627807617,110400,0.0,0.0
1997-07-08 00:00:00-04:00,6.539123769007423,6.683869998269307,6.539123769007423,6.66684103012085,278200,0.0,0.0
1997-07-09 00:00:00-04:00,6.6753514412121895,6.760496230003161,6.607235610179412,6.641293525695801,120200,0.0,0.0
1997-07-10 00:00:00-04:00,6.60723768789557,6.743469392800633,6.556150798556171,6.7264404296875,208400,0.0,0.0
1997-07-11 00:00:00-04:00,6.743470044136047,6.811585903167725,6.726441079378128,6.811585903167725,204200,0.0,0.0
1997-07-14 00:00:00-04:00,6.811585503913584,6.8286144676733675,6.7604986126342315,6.803071022033691,194400,0.0,0.0
1997-07-15 00:00:00-04:00,6.8286133769719575,6.871185779571533,6.777526493852466,6.871185779571533,288600,0.0,0.0
1997-07-16 00:00:00-04:00,6.871188402175903,6.947818756103516,6.862673918406169,6.947818756103516,173400,0.0,0.0
1997-07-17 00:00:00-04:00,6.930789788564046,6.947818756103516,6.896731853485107,6.947818756103516,148600,0.0,0.0
1997-07-18 00:00:00-04:00,6.9222753047943115,7.0159346262613935,6.9222753047943115,6.947818756103516,381200,0.0,0.0
1997-07-21 00:00:00-04:00,6.9478196422505825,6.9478196422505825,6.811587884559395,6.854160308837891,96200,0.0,0.0
1997-07-22 00:00:00-04:00,6.862674310420397,6.956333637237549,6.845645341908188,6.956333637237549,288400,0.0,0.0
1997-07-23 00:00:00-04:00,6.990394508751639,7.024452460073206,6.94782206959968,6.998908996582031,377600,0.0,0.0
1997-07-24 00:00:00-04:00,6.998902570551092,7.049989450628107,6.990388090538256,7.0244460105896,79200,0.0,0.0
1997-07-25 00:00:00-04:00,7.024450847901494,7.101081220787692,7.01593636202525,7.067023277282715,137400,0.0,0.0
1997-07-28 00:00:00-04:00,7.10107810148449,7.10107810148449,6.96484638730733,7.041476726531982,142200,0.0,0.0
1997-07-29 00:00:00-04:00,7.041476314242293,7.041476314242293,6.939302534591861,6.981874942779541,367800,0.0,0.0
1997-07-30 00:00:00-04:00,6.973361887568631,6.973361887568631,6.913760503914198,6.930789470672607,300600,0.0,0.0
1997-07-31 00:00:00-04:00,6.94781610425077,6.94781610425077,6.726439610732976,6.871185779571533,291400,0.0,0.0
1997-08-01 00:00:00-04:00,6.879701163129109,7.032961832604757,6.879701163129109,6.981874942779541,104800,0.0,0.0
1997-08-04 00:00:00-04:00,7.015933036804199,7.024447518644981,6.930788218396381,7.015933036804199,126000,0.0,0.0
1997-08-05 00:00:00-04:00,7.015931969326265,7.135134696960449,6.990388527690368,7.135134696960449,252800,0.0,0.0
1997-08-06 00:00:00-04:00,7.220280792599633,7.220280792599633,7.135135971932184,7.152164936065674,158000,0.0,0.0
1997-08-07 00:00:00-04:00,7.135135971932184,7.152164936065674,7.118107007798694,7.152164936065674,193000,0.0,0.0
1997-08-08 00:00:00-04:00,7.118107007798694,7.169193900199163,7.118107007798694,7.152164936065674,224200,0.0,0.0
1997-08-11 00:00:00-04:00,7.152166772149458,7.152166772149458,6.947819150088045,7.007420539855957,111600,0.0,0.0
1997-08-12 00:00:00-04:00,7.007420142491658,7.032963593800862,6.930789788564046,6.947818756103516,306600,0.0,0.0
1997-08-13 00:00:00-04:00,6.947815545714728,6.947815545714728,6.811583868347772,6.87969970703125,133800,0.0,0.0
1997-08-14 00:00:00-04:00,6.86267360363897,6.930789470672607,6.86267360363897,6.930789470672607,125400,0.0,0.0
1997-08-15 00:00:00-04:00,6.913758693597256,6.981874542795258,6.913758693597256,6.973360061645508,86400,0.0,0.0
1997-08-18 00:00:00-04:00,6.981878418520273,7.067023277282715,6.947820475015296,7.067023277282715,148600,0.0,0.0
1997-08-19 00:00:00-04:00,7.049993194066562,7.109594585803839,7.049993194066562,7.084051132202148,868200,0.0,0.0
1997-08-20 00:00:00-04:00,7.084049545031943,7.101078510284424,7.075535062405703,7.101078510284424,77000,0.0,0.0
1997-08-21 00:00:00-04:00,7.101079869591329,7.109594353847434,6.9307901844692354,6.956333637237549,307400,0.0,0.0
1997-08-22 00:00:00-04:00,6.93930466872534,6.964848121493654,6.93930466872534,6.956333637237549,45800,0.0,0.0
1997-08-25 00:00:00-04:00,6.94781610425077,6.981874026330431,6.837127857491873,6.871185779571533,73000,0.0,0.0
1997-08-26 00:00:00-04:00,6.871192258121046,6.939308166503906,6.8371343039296155,6.939308166503906,71000,0.0,0.0
1997-08-27 00:00:00-04:00,6.939304593774876,6.939304593774876,6.828616299641044,6.862674236297607,192600,0.0,0.0
1997-08-28 00:00:00-04:00,6.777525187761356,6.786039666640453,6.573177694663023,6.641293525695801,2715000,0.0,0.0
1997-08-29 00:00:00-04:00,6.6242674997743505,6.632781982421875,6.6072385344793005,6.632781982421875,752400,0.0,0.0
1997-09-02 00:00:00-04:00,6.624268609749707,6.66684103012085,6.624268609749707,6.66684103012085,928200,0.0,0.0
1997-09-03 00:00:00-04:00,6.6668410265220786,6.777529319427298,6.6668410265220786,6.769014835357666,966600,0.0,0.0
1997-09-04 00:00:00-04:00,6.777532551354006,6.84564845639274,6.760503575094323,6.828619480133057,441200,0.0,0.0
1997-09-05 00:00:00-04:00,6.84564136119371,6.854155840498678,6.794554485363907,6.820097923278809,697600,0.0,0.0
1997-09-08 00:00:00-04:00,6.820100385546684,6.828614867925644,6.760499008893967,6.811585903167725,339600,0.0,0.0
1997-09-09 00:00:00-04:00,6.811583443973841,6.828612402583776,6.794554485363907,6.820097923278809,181400,0.0,0.0
1997-09-10 00:00:00-04:00,6.82010102449958,6.845644474029541,6.777528608616311,6.845644474029541,174400,0.0,0.0
1997-09-11 00:00:00-04:00,6.845644325965192,6.964847087860107,6.845644325965192,6.964847087860107,156400,0.0,0.0
1997-09-12 00:00:00-04:00,6.981878675583945,7.015936620342892,6.981878675583945,6.990393161773682,297600,0.0,0.0
1997-09-15 00:00:00-04:00,6.9903900500001575,6.9903900500001575,6.871187296406976,6.913759708404541,279000,0.0,0.0
1997-09-16 00:00:00-04:00,6.879706746668903,6.939308166503906,6.828619815381758,6.939308166503906,301800,0.0,0.0
1997-09-17 00:00:00-04:00,6.905246575086905,6.922275543212891,6.888217606960921,6.922275543212891,283000,0.0,0.0
1997-09-18 00:00:00-04:00,6.888214186866684,6.930786586043858,6.86267074736038,6.87969970703125,574400,0.0,0.0
1997-09-19 00:00:00-04:00,6.888214740611364,6.888214740611364,6.854156818531703,6.871185779571533,358800,0.0,0.0
1997-09-22 00:00:00-04:00,6.87969970703125,6.888214186866684,6.86267074736038,6.87969970703125,370600,0.0,0.0
1997-09-23 00:00:00-04:00,6.913764118278113,7.007423484412422,6.888220654786938,6.998908996582031,636600,0.0,0.0
1997-09-24 00:00:00-04:00,6.998907054042464,7.0161457413676915,6.981668366717236,7.007526397705078,888200,0.3125,0.0
1997-09-25 00:00:00-04:00,7.007528442535957,7.085102558135986,6.990289750180395,7.085102558135986,353000,0.0,0.0
1997-09-26 00:00:00-04:00,7.085098449073543,7.171291860862759,7.085098449073543,7.162672519683838,360600,0.0,0.0
1997-09-29 00:00:00-04:00,7.171292851886478,7.309202329807372,7.1540541671463656,7.274724960327148,488200,0.0,0.0
1997-09-30 00:00:00-04:00,7.257479808584521,7.524679183959961,7.257479808584521,7.524679183959961,429800,0.0,0.0
1997-10-01 00:00:00-04:00,7.524684775514505,7.5677814809870965,7.524684775514505,7.559162139892578,326400,0.0,0.0
1997-10-02 00:00:00-04:00,7.550541077360904,7.585018433878534,7.46434768606683,7.507444381713867,269800,0.0,0.0
1997-10-03 00:00:00-04:00,7.533302491711033,7.585018527123236,7.4643477778280936,7.481586456298828,211200,0.0,0.0
1997-10-06 00:00:00-04:00,7.481586364325644,7.533302399102089,7.481586364325644,7.507444381713867,77400,0.0,0.0
1997-10-07 00:00:00-04:00,7.533298518649491,7.541917853339021,7.455724506443718,7.524679183959961,261200,0.0,0.0
1997-10-08 00:00:00-04:00,7.541924953460693,7.576402324676514,7.5246862678527835,7.541924953460693,346800,0.0,0.0
1997-10-09 00:00:00-04:00,7.5419222800997785,7.5419222800997785,7.490206241607666,7.490206241607666,173600,0.0,0.0
1997-10-10 00:00:00-04:00,7.464349334990537,7.481588017057489,7.429871970856631,7.447110652923584,123000,0.0,0.0
1997-10-13 00:00:00-04:00,7.412632144682589,7.447109503495065,7.369535446166992,7.369535446166992,117600,0.0,0.0
1997-10-14 00:00:00-04:00,7.352295517781036,7.404011547214432,7.30919882658654,7.3178181648254395,220000,0.0,0.0
1997-10-15 00:00:00-04:00,7.335060356917539,7.343679699287595,7.274724960327148,7.274724960327148,200000,0.0,0.0
1997-10-16 00:00:00-04:00,7.248862772328513,7.248862772328513,7.171288735525949,7.240243434906006,293600,0.0,0.0
1997-10-17 00:00:00-04:00,7.231624097483499,7.300578796863556,7.2230047600609915,7.240243434906006,210800,0.0,0.0
1997-10-20 00:00:00-04:00,7.240247692421132,7.283344404876019,7.240247692421132,7.248867034912109,215000,0.0,0.0
1997-10-21 00:00:00-04:00,7.274723244168594,7.274723244168594,7.188529840801667,7.2230072021484375,152800,0.0,0.0
1997-10-22 00:00:00-04:00,7.223007170321404,7.231626510620117,7.214387830022691,7.231626510620117,67200,0.0,0.0
1997-10-23 00:00:00-04:00,7.22300723405152,7.22300723405152,7.171291191802942,7.214387893676758,114600,0.0,0.0
1997-10-24 00:00:00-04:00,7.205769225578446,7.223007907936289,7.145433837325995,7.162672519683838,108200,0.0,0.0
1997-10-27 00:00:00-05:00,7.10233917799383,7.10233917799383,7.007526397705078,7.007526397705078,487400,0.0,0.0
1997-10-28 00:00:00-05:00,6.585174867722872,6.947187098670987,6.5334588347302835,6.904090404510498,684000,0.0,0.0
1997-10-29 00:00:00-05:00,6.912711768314756,6.998905181884766,6.912711768314756,6.998905181884766,428400,0.0,0.0
1997-10-30 00:00:00-05:00,6.964430404360182,6.973049748920034,6.929953026120775,6.9471917152404785,271000,0.0,0.0
1997-10-31 00:00:00-05:00,6.955805748996168,6.964425086975098,6.938567073038309,6.964425086975098,306400,0.0,0.0
1997-11-03 00:00:00-05:00,6.964425086975098,6.964425086975098,6.92994773505938,6.964425086975098,144400,0.0,0.0
1997-11-04 00:00:00-05:00,6.964426164010272,6.973045503322165,6.929948806762695,6.929948806762695,120000,0.0,0.0
1997-11-05 00:00:00-05:00,6.947187744733291,6.990284442901611,6.895471706931305,6.990284442901611,467400,0.0,0.0
1997-11-06 00:00:00-05:00,6.998905181884766,7.016143864598767,6.973047157813762,6.998905181884766,407000,0.0,0.0
1997-11-07 00:00:00-05:00,6.998904291788737,6.998904291788737,6.929949569702148,6.98166561126709,164400,0.0,0.0
1997-11-10 00:00:00-05:00,6.964430404360182,6.964430404360182,6.878236958761665,6.9471917152404785,149600,0.0,0.0
1997-11-11 00:00:00-05:00,6.964425837739985,6.981664515556173,6.886851787567139,6.886851787567139,280200,0.0,0.0
1997-11-12 00:00:00-05:00,6.860993445369999,6.895470799366833,6.826516091373165,6.843754768371582,316200,0.0,0.0
1997-11-13 00:00:00-05:00,6.860994077907316,6.878232756495023,6.7403233277933685,6.800658702850342,262400,0.0,0.0
1997-11-14 00:00:00-05:00,6.792041643701419,6.878235065575802,6.714467564014473,6.826519012451172,301000,0.0,0.0
1997-11-17 00:00:00-05:00,6.843757119568639,6.895473168331122,6.826518436647811,6.852376461029053,413000,0.0,0.0
1997-11-18 00:00:00-05:00,6.843757119568639,6.878234485410294,6.826518436647811,6.852376461029053,351400,0.0,0.0
1997-11-19 00:00:00-05:00,6.852376904319878,6.895473614409941,6.8437575623018665,6.860996246337891,128800,0.0,0.0
1997-11-20 00:00:00-05:00,6.852377143921621,6.964428594073798,6.852377143921621,6.921331882476807,314200,0.0,0.0
1997-11-21 00:00:00-05:00,6.895473855518612,6.929951224796205,6.878235170879815,6.921331882476807,271400,0.0,0.0
1997-11-24 00:00:00-05:00,6.912712298445966,6.929950982481991,6.860996246337891,6.860996246337891,388800,0.0,0.0
1997-11-25 00:00:00-05:00,6.87823071305418,6.87823071305418,6.8178953559221265,6.835134029388428,158200,0.0,0.0
1997-11-26 00:00:00-05:00,6.852374106870791,6.860993445369999,6.835135429872373,6.843754768371582,133800,0.0,0.0
1997-11-28 00:00:00-05:00,6.860994689464569,6.895472049713135,6.860994689464569,6.895472049713135,137400,0.0,0.0
1997-12-01 00:00:00-05:00,6.878234930373916,6.886854272391928,6.852376904319878,6.860996246337891,319200,0.0,0.0
1997-12-02 00:00:00-05:00,6.86099371940467,6.86099371940467,6.705845620222152,6.766180992126465,837200,0.0,0.0
1997-12-03 00:00:00-05:00,6.757564544677734,6.878235340118408,6.757564544677734,6.878235340118408,204200,0.0,0.0
1997-12-04 00:00:00-05:00,6.895472049713135,6.904091389775276,6.800659309029579,6.895472049713135,182400,0.0,0.0
1997-12-05 00:00:00-05:00,6.895473749950678,6.895473749950678,6.826519012451172,6.826519012451172,160400,0.0,0.0
1997-12-08 00:00:00-05:00,6.843755032685812,6.904090404510498,6.843755032685812,6.904090404510498,256200,0.0,0.0
1997-12-09 00:00:00-05:00,6.904092426957755,7.016143864598767,6.895473085600754,6.998905181884766,510800,0.0,0.0
1997-12-10 00:00:00-05:00,7.033381965361446,7.154052734375,7.033381965361446,7.154052734375,337400,0.0,0.0
1997-12-11 00:00:00-05:00,7.119351377685621,7.119351377685621,7.0758876940611675,7.10196590423584,285600,0.219,0.0
1997-12-12 00:00:00-05:00,7.1106586549340225,7.128044128417969,7.093273181450076,7.128044128417969,206600,0.0,0.0
1997-12-15 00:00:00-05:00,7.128044114410512,7.136736851135403,7.093273167510949,7.10196590423584,149400,0.0,0.0
1997-12-16 00:00:00-05:00,7.1106586549340225,7.145429601901915,7.084580444708103,7.128044128417969,340400,0.0,0.0
1997-12-17 00:00:00-05:00,7.136741637023406,7.1628198646860985,7.128048894469176,7.145434379577637,515400,0.0,0.0
1997-12-18 00:00:00-05:00,7.145431038813527,7.154123777303568,7.058503653913119,7.136738300323486,256600,0.0,0.0
1997-12-19 00:00:00-05:00,7.136736280322075,7.136736280322075,6.954188823699951,6.954188823699951,326400,0.0,0.0
1997-12-22 00:00:00-05:00,6.954190247040942,7.006346673893749,6.928112033614539,6.93680477142334,328400,0.0,0.0
1997-12-23 00:00:00-05:00,6.936808581364125,7.006350522029429,6.936808581364125,6.971579551696777,286200,0.0,0.0
1997-12-24 00:00:00-05:00,6.988959821065267,7.058501709832086,6.988959821065267,7.041116237640381,190000,0.0,0.0
1997-12-26 00:00:00-05:00,7.041114314947978,7.049807048670137,7.006343380059347,7.023728847503662,131200,0.0,0.0
1997-12-29 00:00:00-05:00,7.041118156704914,7.0758891105651855,7.032425418239846,7.0758891105651855,259600,0.0,0.0
1997-12-30 00:00:00-05:00,7.0758891105651855,7.093274587495321,7.041118156704914,7.0758891105651855,218600,0.0,0.0
1997-12-31 00:00:00-05:00,7.084576550166598,7.101962014093387,7.0324201583862305,7.0324201583862305,657000,0.0,0.0
1998-01-02 00:00:00-05:00,7.041116237640381,7.0758871820237905,7.0237307654486765,7.041116237640381,208600,0.0,0.0
1998-01-05 00:00:00-05:00,7.0411171995360275,7.0932736232362945,7.023731724969272,7.058502674102783,624800,0.0,0.0
1998-01-06 00:00:00-05:00,7.075886708740535,7.093272179769381,7.041115766682842,7.049808502197266,697400,0.0,0.0
1998-01-07 00:00:00-05:00,7.058501237711688,7.075886708740535,7.041115766682842,7.049808502197266,465600,0.0,0.0
1998-01-08 00:00:00-05:00,7.049812321575141,7.093276022694593,7.049812321575141,7.084583282470703,434400,0.0,0.0
1998-01-09 00:00:00-05:00,7.101965422139448,7.206278255757163,7.075887213735019,7.093272686004639,452400,0.0,0.0
1998-01-12 00:00:00-05:00,7.058499782392294,7.058499782392294,6.988957912615031,7.023728847503662,329200,0.0,0.0
1998-01-13 00:00:00-05:00,7.0063462298746595,7.041117178906295,7.0063462298746595,7.015038967132568,303400,0.0,0.0
1998-01-14 00:00:00-05:00,7.023730295653996,7.058501237711688,7.006344824625149,7.049808502197266,187800,0.0,0.0
1998-01-15 00:00:00-05:00,7.049808577426429,7.171506875927009,7.049808577426429,7.162814140319824,454000,0.0,0.0
1998-01-16 00:00:00-05:00,7.2323560829071125,7.2845124969665385,7.2323560829071125,7.249741554260254,551800,0.0,0.0
1998-01-20 00:00:00-05:00,7.284511914754555,7.293204649736362,7.0932717451547935,7.110657215118408,104200,0.0,0.0
1998-01-21 00:00:00-05:00,7.110659076969568,7.110659076969568,7.0063462298746595,7.015038967132568,175000,0.0,0.0
1998-01-22 00:00:00-05:00,6.988965036863103,7.006350522029429,6.954194066530451,6.971579551696777,2043000,0.0,0.0
1998-01-23 00:00:00-05:00,6.980266559138875,7.006344765461935,6.954188352815816,6.962881088256836,536800,0.0,0.0
1998-01-26 00:00:00-05:00,6.962883478380823,6.988961693655658,6.954190739955878,6.980268955230713,274800,0.0,0.0
1998-01-27 00:00:00-05:00,6.988959789276123,7.015037997445064,6.962881581107182,6.988959789276123,226400,0.0,0.0
1998-01-28 00:00:00-05:00,7.006345814030345,7.128044128417969,6.988960340546399,7.128044128417969,560200,0.0,0.0
1998-01-29 00:00:00-05:00,7.119351377685621,7.145429587860295,7.093273167510949,7.10196590423584,454800,0.0,0.0
1998-01-30 00:00:00-05:00,7.110657215118408,7.128042685082023,7.0932717451547935,7.110657215118408,293800,0.0,0.0
1998-02-02 00:00:00-05:00,7.1541208900274444,7.1541208900274444,7.1019644801366,7.110657215118408,350800,0.0,0.0
1998-02-03 00:00:00-05:00,7.101968760566665,7.119354241008688,7.041119579019582,7.067197799682617,215400,0.0,0.0
1998-02-04 00:00:00-05:00,7.08458086519584,7.08458086519584,6.99765349261675,7.015038967132568,259600,0.0,0.0
1998-02-05 00:00:00-05:00,7.015038967132568,7.049809916164204,7.0063462298746595,7.015038967132568,280000,0.0,0.0
1998-02-06 00:00:00-05:00,7.0150361137815045,7.032421581225821,7.006343380059347,7.023728847503662,160400,0.0,0.0
1998-02-09 00:00:00-05:00,7.006345293256972,7.058501709832086,6.988959821065267,7.041116237640381,558200,0.0,0.0
1998-02-10 00:00:00-05:00,7.058501237711688,7.058501237711688,7.041115766682842,7.049808502197266,425200,0.0,0.0
1998-02-11 00:00:00-05:00,7.058498354276414,7.075883818203203,7.0324201583862305,7.0324201583862305,310800,0.0,0.0
1998-02-12 00:00:00-05:00,7.041114314947978,7.041114314947978,7.023728847503662,7.023728847503662,251800,0.0,0.0
1998-02-13 00:00:00-05:00,7.00634526138875,7.032423469557691,6.988959789276123,6.988959789276123,683000,0.0,0.0
1998-02-17 00:00:00-05:00,6.988962653848729,7.032426351944802,6.988962653848729,7.006348133087158,408200,0.0,0.0
1998-02-18 00:00:00-05:00,7.0063452398777,7.015037975907325,6.9454960876703264,6.954188823699951,495800,0.0,0.0
1998-02-19 00:00:00-05:00,6.936804234981537,6.936804234981537,6.780334966523307,6.81510591506958,664400,0.0,0.0
1998-02-20 00:00:00-05:00,6.815104014402742,6.849874953251735,6.815104014402742,6.82379674911499,1015600,0.0,0.0
1998-02-23 00:00:00-05:00,6.8237991585876,6.9194192741856435,6.8237991585876,6.884648323059082,346800,0.0,0.0
1998-02-24 00:00:00-05:00,6.884647812162126,6.902033286435263,6.8064131779330115,6.81510591506958,775200,0.0,0.0
1998-02-25 00:00:00-05:00,6.815104014402742,6.8324894838272385,6.806411279690494,6.82379674911499,588400,0.0,0.0
1998-02-26 00:00:00-05:00,6.823798652206148,6.832491389342716,6.797720440796443,6.81510591506958,432600,0.0,0.0
1998-02-27 00:00:00-05:00,6.8151034116744995,6.8151034116744995,6.667326934635639,6.676019668579102,3267600,0.0,0.0
1998-03-02 00:00:00-05:00,6.66733072431464,6.66733072431464,6.5282469021646605,6.606481552124023,1743800,0.0,0.0
1998-03-03 00:00:00-05:00,6.606480624560738,6.710793476527487,6.5977878868968425,6.667329788208008,998200,0.0,0.0
1998-03-04 00:00:00-05:00,6.658636612990468,6.745563983917236,6.641251138805114,6.745563983917236,507000,0.0,0.0
1998-03-05 00:00:00-05:00,6.710791575444209,6.762947986652325,6.676020634638799,6.693406105041504,313600,0.0,0.0
1998-03-06 00:00:00-05:00,6.693404754002889,6.780332088470459,6.693404754002889,6.780332088470459,533600,0.0,0.0
1998-03-09 00:00:00-05:00,6.762948994765079,6.7890272042564614,6.7455635217708245,6.771641731262207,414600,0.0,0.0
1998-03-10 00:00:00-05:00,6.7716393550237015,6.797717555363973,6.762946621576945,6.780332088470459,731800,0.0,0.0
1998-03-11 00:00:00-05:00,6.780335912302536,6.832492342397171,6.780335912302536,6.8064141273498535,435400,0.0,0.0
1998-03-12 00:00:00-05:00,6.81510591506958,6.81510591506958,6.797720440796443,6.81510591506958,175600,0.0,0.0
1998-03-13 00:00:00-05:00,6.815105423579295,6.815105423579295,6.745563531501955,6.789027214050293,634200,0.0,0.0
1998-03-16 00:00:00-05:00,6.780332088470459,6.80641028881073,6.780332088470459,6.780332088470459,239600,0.0,0.0
1998-03-17 00:00:00-05:00,6.78902766938062,6.78902766938062,6.745563983917236,6.745563983917236,642400,0.0,0.0
1998-03-18 00:00:00-05:00,6.762946621576945,6.780332088470459,6.736868421236674,6.780332088470459,508400,0.0,0.0
1998-03-19 00:00:00-05:00,6.780335912302536,6.81510686569896,6.77164317395343,6.8064141273498535,1165200,0.0,0.0
1998-03-20 00:00:00-05:00,6.902032407522201,6.971574295759201,6.902032407522201,6.954188823699951,1860400,0.0,0.0
1998-03-23 00:00:00-05:00,6.971575235002605,6.980267972203356,6.919418811798096,6.919418811798096,492400,0.0,0.0
1998-03-24 00:00:00-05:00,6.93680477142334,6.971575722658545,6.919419295805738,6.93680477142334,1366600,0.0,0.0
1998-03-25 00:00:00-05:00,6.97839199477412,7.136991812837168,6.969580893770617,7.11055850982666,2225400,0.335,0.0
1998-03-26 00:00:00-05:00,7.092939467154452,7.189861621364017,7.066506152370026,7.16342830657959,291600,0.0,0.0
1998-03-27 00:00:00-05:00,7.119369610830163,7.1546140148441735,7.066503004809147,7.11055850982666,231800,0.0,0.0
1998-03-30 00:00:00-05:00,7.110559568807446,7.1458039780704325,7.101748466491699,7.101748466491699,164000,0.0,0.0
1998-03-31 00:00:00-05:00,7.101746287511949,7.1105573871242465,7.031257490613568,7.0841240882873535,490800,0.0,0.0
1998-04-01 00:00:00-05:00,7.084125890791046,7.110559196353699,7.048881483374175,7.092936992645264,318200,0.0,0.0
1998-04-02 00:00:00-05:00,7.0929373641759526,7.1193706711231926,7.066504057228713,7.101748466491699,577800,0.0,0.0
1998-04-03 00:00:00-05:00,7.11055867407057,7.181047483726784,7.101747572863544,7.13699197769165,297400,0.0,0.0
1998-04-06 00:00:00-04:00,7.154619369126317,7.189863799516102,7.057697185554409,7.0665082931518555,403000,0.0,0.0
1998-04-07 00:00:00-04:00,7.048876353335764,7.136987307752461,7.048876353335764,7.128176212310791,352800,0.0,0.0
1998-04-08 00:00:00-04:00,7.1281823578865,7.172237873077393,7.110560151810142,7.172237873077393,329400,0.0,0.0
1998-04-09 00:00:00-04:00,7.163424248230166,7.225101947784424,7.163424248230166,7.225101947784424,680400,0.0,0.0
1998-04-13 00:00:00-04:00,7.20747856361546,7.410133828851592,7.20747856361546,7.286778450012207,483200,0.0,0.0
1998-04-14 00:00:00-04:00,7.269159049918267,7.322025661190399,7.251536846160889,7.251536846160889,1265400,0.0,0.0
1998-04-15 00:00:00-04:00,7.233913047720746,7.260346347529714,7.225101947784424,7.225101947784424,385600,0.0,0.0
1998-04-16 00:00:00-04:00,7.189857040762754,7.189857040762754,7.136990444874793,7.145801544189453,380400,0.0,0.0
1998-04-17 00:00:00-04:00,7.128182144093334,7.128182144093334,6.978393396936862,7.031260013580322,678400,0.0,0.0
1998-04-20 00:00:00-04:00,7.0488823252908865,7.084126736917341,7.022449016571045,7.022449016571045,302800,0.0,0.0
1998-04-21 00:00:00-04:00,7.013638180117065,7.0312603865997705,6.951960457427592,6.960771560668945,1429800,0.0,0.0
1998-04-22 00:00:00-04:00,6.96077097833684,7.00482649085796,6.943148773328393,6.9695820808410645,334600,0.0,0.0
1998-04-23 00:00:00-04:00,6.978390351506589,6.99601254936393,6.92552375793457,6.92552375793457,235200,0.0,0.0
1998-04-24 00:00:00-04:00,6.934335130745742,6.934335130745742,6.810979740872248,6.819790840148926,146000,0.0,0.0
1998-04-27 00:00:00-04:00,6.819794071566673,6.8638495888248565,6.784549657760127,6.8286051750183105,258200,0.0,0.0
1998-04-28 00:00:00-04:00,6.846225530406477,6.899092136818882,6.837414429337743,6.863847732543945,264400,0.0,0.0
1998-04-29 00:00:00-04:00,6.86384606543388,6.96076815364925,6.846223867576541,6.92552375793457,174800,0.0,0.0
1998-04-30 00:00:00-04:00,6.951957054720579,6.96076815364925,6.9167126590059,6.92552375793457,546000,0.0,0.0
1998-05-01 00:00:00-04:00,6.925526513532278,6.960770923270355,6.925526513532278,6.934337615966797,275000,0.0,0.0
1998-05-04 00:00:00-04:00,6.934337615966797,6.951959820835836,6.934337615966797,6.934337615966797,284400,0.0,0.0
1998-05-05 00:00:00-04:00,6.9431470154197354,6.9431470154197354,6.916713714599609,6.916713714599609,150000,0.0,0.0
1998-05-06 00:00:00-04:00,6.93433591514636,6.978391416513237,6.916713714599609,6.916713714599609,236800,0.0,0.0
1998-05-07 00:00:00-04:00,6.9167154110977584,6.969582025704875,6.907904308663239,6.934337615966797,385600,0.0,0.0
1998-05-08 00:00:00-04:00,6.9431485570206934,6.9431485570206934,6.907904148101807,6.907904148101807,1011800,0.0,0.0
1998-05-11 00:00:00-04:00,6.89027936221989,6.96076815364925,6.89027936221989,6.92552375793457,309200,0.0,0.0
1998-05-12 00:00:00-04:00,6.925524505866965,6.960768905387917,6.9079023061064895,6.943146705627441,179800,0.0,0.0
1998-05-13 00:00:00-04:00,6.969582663910299,6.969582663910299,6.9343382509448865,6.960771560668945,697400,0.0,0.0
1998-05-14 00:00:00-04:00,6.943146705627441,6.9783911051483924,6.943146705627441,6.943146705627441,459000,0.0,0.0
1998-05-15 00:00:00-04:00,6.925526239208339,6.943148443379353,6.8374152183532715,6.8374152183532715,233800,0.0,0.0
1998-05-18 00:00:00-04:00,6.819791177602914,6.890279975304236,6.7845467787522535,6.872657775878906,194200,0.0,0.0
1998-05-19 00:00:00-04:00,6.8374126306842715,6.881468124438681,6.819790433182508,6.855034828186035,189800,0.0,0.0
1998-05-20 00:00:00-04:00,6.855033443619807,6.863844540591041,6.731678086022535,6.766922473907471,275200,0.0,0.0
1998-05-21 00:00:00-04:00,6.766922473907471,6.828600152706106,6.766922473907471,6.766922473907471,184800,0.0,0.0
1998-05-22 00:00:00-04:00,6.837416278469947,6.8638495888248565,6.810982968115037,6.8286051750183105,95000,0.0,0.0
1998-05-26 00:00:00-04:00,6.802171864663401,6.85503848537322,6.793360761211765,6.8286051750183105,153000,0.0,0.0
1998-05-27 00:00:00-04:00,6.846224693103611,6.846224693103611,6.731680393218994,6.731680393218994,143600,0.0,0.0
1998-05-28 00:00:00-04:00,6.749301743476701,6.855034930058581,6.749301743476701,6.846223831176758,128600,0.0,0.0
1998-05-29 00:00:00-04:00,6.828603860214447,6.907903776010486,6.828603860214447,6.899092674255371,235800,0.0,0.0
1998-06-01 00:00:00-04:00,6.872659368990025,6.9431481830309485,6.872659368990025,6.899092674255371,845400,0.0,0.0
1998-06-02 00:00:00-04:00,6.907904148101807,6.960770761480137,6.8990930458720845,6.907904148101807,168000,0.0,0.0
1998-06-03 00:00:00-04:00,6.872659368990025,6.925525979520717,6.872659368990025,6.899092674255371,104800,0.0,0.0
1998-06-04 00:00:00-04:00,6.890281572500256,6.925525979520717,6.88147047074514,6.899092674255371,109600,0.0,0.0
1998-06-05 00:00:00-04:00,6.916713714599609,6.9519581156931105,6.899091514052859,6.916713714599609,262800,0.0,0.0
1998-06-08 00:00:00-04:00,6.907902167486004,7.00482426422369,6.907902167486004,6.996013164520264,332000,0.0,0.0
1998-06-09 00:00:00-04:00,6.996011357590049,7.03125574730083,6.978389162734659,6.9872002601623535,1603800,0.0,0.0
1998-06-10 00:00:00-04:00,7.01363355244544,7.01363355244544,6.9872002601623535,6.9872002601623535,514400,0.0,0.0
1998-06-11 00:00:00-04:00,6.98720220502863,6.98720220502863,6.943146705627441,6.943146705627441,313400,0.0,0.0
1998-06-12 00:00:00-04:00,6.943147642162553,6.943147642162553,6.855036631475211,6.863847732543945,450400,0.0,0.0
1998-06-15 00:00:00-04:00,6.810980319976807,6.81979142000265,6.731680419744218,6.810980319976807,150400,0.0,0.0
1998-06-16 00:00:00-04:00,6.837413593112487,6.837413593112487,6.72286929322787,6.731680393218994,202800,0.0,0.0
1998-06-17 00:00:00-04:00,6.731680393218994,6.766924793183492,6.687624893263373,6.731680393218994,336200,0.0,0.0
1998-06-18 00:00:00-04:00,6.714057720184327,6.722868819554647,6.590702328999837,6.6083245277404785,497600,0.0,0.0
1998-06-19 00:00:00-04:00,6.608327601682693,6.6171387051516035,6.52021656699359,6.590705394744873,658800,0.0,0.0
1998-06-22 00:00:00-04:00,6.599515966830714,6.608327069590168,6.520216041995632,6.555460453033447,875200,0.0,0.0
1998-06-23 00:00:00-04:00,6.520214704466776,6.555459108274704,6.432103694946954,6.467348098754883,1266000,0.0,0.0
1998-06-24 00:00:00-04:00,6.455901105044458,6.491667870169358,6.420134339919558,6.464842796325684,893200,0.335,0.0
1998-06-25 00:00:00-04:00,6.446961968598346,6.464845358247717,6.366486715176175,6.429078578948975,643600,0.0,0.0
1998-06-26 00:00:00-04:00,6.455903272748492,6.455903272748492,6.366486329912641,6.411194801330566,172200,0.0,0.0
1998-06-29 00:00:00-04:00,6.411196159237207,6.581088386608904,6.411196159237207,6.518496513366699,668000,0.0,0.0
1998-06-30 00:00:00-04:00,6.51849523634898,6.786746069120543,6.51849523634898,6.777804374694824,655000,0.0,0.0
1998-07-01 00:00:00-04:00,6.724154215739913,6.724154215739913,6.6168538825100205,6.679445743560791,562400,0.0,0.0
1998-07-02 00:00:00-04:00,6.697327782803734,6.733094553339401,6.65261931963415,6.661561012268066,437400,0.0,0.0
1998-07-06 00:00:00-04:00,6.643679141998291,6.724154394054798,6.59002897396062,6.643679141998291,153800,0.0,0.0
1998-07-07 00:00:00-04:00,6.679446382927326,6.777805031136429,6.607912820593432,6.742038249969482,571000,0.0,0.0
1998-07-08 00:00:00-04:00,6.7420376046115615,6.795687771226508,6.643678965817494,6.679445743560791,818400,0.0,0.0
1998-07-09 00:00:00-04:00,6.616852438038793,6.616852438038793,6.438018588362069,6.48272705078125,1920800,0.0,0.0
1998-07-10 00:00:00-04:00,6.5095530423251065,6.590028285980225,6.5095530423251065,6.590028285980225,609200,0.0,0.0
1998-07-13 00:00:00-04:00,6.5900296261571905,6.616854712830828,6.581087930599311,6.607913017272949,399800,0.0,0.0
1998-07-14 00:00:00-04:00,6.634738103946588,6.634738103946588,6.598971321715069,6.607913017272949,460600,0.0,0.0
1998-07-15 00:00:00-04:00,6.607911804391512,6.607911804391512,6.5363782530584515,6.56320333480835,417400,0.0,0.0
1998-07-16 00:00:00-04:00,6.581086158752441,6.616852931354357,6.545319386150526,6.581086158752441,491200,0.0,0.0
1998-07-17 00:00:00-04:00,6.563202772451484,6.634736317655315,6.5363776930000475,6.581086158752441,678200,0.0,0.0
1998-07-20 00:00:00-04:00,6.581086158752441,6.616852931354357,6.563202772451484,6.581086158752441,156400,0.0,0.0
1998-07-21 00:00:00-04:00,6.58108728961215,6.616854068360042,6.545320510864258,6.545320510864258,128400,0.0,0.0
1998-07-22 00:00:00-04:00,6.518495426803339,6.572145594925177,6.518495426803339,6.545320510864258,97600,0.0,0.0
1998-07-23 00:00:00-04:00,6.545319250651768,6.563202636582511,6.509552478790283,6.509552478790283,537200,0.0,0.0
1998-07-24 00:00:00-04:00,6.509554954928143,6.536380044028122,6.491671562194824,6.491671562194824,388000,0.0,0.0
1998-07-27 00:00:00-04:00,6.473786356781963,6.473786356781963,6.277069091796875,6.277069091796875,580800,0.0,0.0
1998-07-28 00:00:00-04:00,6.286013646494775,6.286013646494775,6.0088210105896,6.0088210105896,2248000,0.0,0.0
1998-07-29 00:00:00-04:00,6.008817844048232,6.0177595372685415,5.955167684726373,5.973051071166992,929000,0.0,0.0
1998-07-30 00:00:00-04:00,5.99093761472475,6.017762708522025,5.9730542188599,6.0088210105896,763400,0.0,0.0
1998-07-31 00:00:00-04:00,6.0088210105896,6.053529500251725,5.99093761472475,6.0088210105896,456800,0.0,0.0
1998-08-03 00:00:00-04:00,6.008820383172286,6.008820383172286,5.93728680718214,5.946228504180908,428400,0.0,0.0
1998-08-04 00:00:00-04:00,5.97305181828512,5.990935206962621,5.821043014526367,5.821043014526367,394200,0.0,0.0
1998-08-05 00:00:00-04:00,5.803159495012476,5.865751353972549,5.722684247778097,5.847867965698242,557200,0.0,0.0
1998-08-06 00:00:00-04:00,5.829985752390392,6.062469846810868,5.829985752390392,5.990936279296875,1363200,0.0,0.0
1998-08-07 00:00:00-04:00,5.990932780132804,6.062466305865732,5.990932780132804,6.026699542999268,684400,0.0,0.0
1998-08-10 00:00:00-04:00,6.026703063053872,6.053528150871618,5.990936279296875,5.990936279296875,326600,0.0,0.0
1998-08-11 00:00:00-04:00,5.9551681167876245,6.008818280001927,5.901517953573321,5.981993198394775,722400,0.0,0.0
1998-08-12 00:00:00-04:00,5.990935106630678,6.062468660142686,5.981993412441677,6.035643577575684,814600,0.0,0.0
1998-08-13 00:00:00-04:00,6.02670440645445,6.02670440645445,5.99093761472475,6.0088210105896,779200,0.0,0.0
1998-08-14 00:00:00-04:00,6.017762708522025,6.02670440645445,5.99093761472475,6.0088210105896,491600,0.0,0.0
1998-08-17 00:00:00-04:00,6.026700413438696,6.044583797454834,6.008817029422557,6.044583797454834,309200,0.0,0.0
1998-08-18 00:00:00-04:00,6.044587192396178,6.151887556758241,6.044587192396178,6.125062465667725,382000,0.0,0.0
1998-08-19 00:00:00-04:00,6.125058899571864,6.151883975044441,6.062467056802516,6.071408748626709,165000,0.0,0.0
1998-08-20 00:00:00-04:00,6.053529500251725,6.0624711981841495,5.946229125062625,6.0088210105896,288000,0.0,0.0
1998-08-21 00:00:00-04:00,5.973053595177213,5.973053595177213,5.93728680718214,5.946228504180908,108400,0.0,0.0
1998-08-24 00:00:00-04:00,5.964107796640107,5.981991178339178,5.865749197295218,5.901515960693359,311600,0.0,0.0
1998-08-25 00:00:00-04:00,5.883634912083982,5.964110161641362,5.883634912083982,5.910459995269775,523000,0.0,0.0
1998-08-26 00:00:00-04:00,5.8746908008167935,6.026699542999268,5.8746908008167935,6.026699542999268,470200,0.0,0.0
1998-08-27 00:00:00-04:00,5.98199355043189,5.98199355043189,5.901518300874511,5.910459995269775,300000,0.0,0.0
1998-08-28 00:00:00-04:00,5.892574269843824,5.91939934239243,5.865749197295218,5.901515960693359,920200,0.0,0.0
1998-08-31 00:00:00-04:00,5.865752027628007,5.883635417956142,5.713743209838867,5.713743209838867,414200,0.0,0.0
1998-09-01 00:00:00-04:00,5.704799108444505,5.722682491229597,5.579615428948857,5.615382194519043,516400,0.0,0.0
1998-09-02 00:00:00-04:00,5.579617905035252,5.615384686477785,5.454434169986384,5.499142646789551,732000,0.0,0.0
1998-09-03 00:00:00-04:00,5.436548627009158,5.49019877793359,5.365015092443247,5.454432010650635,537800,0.0,0.0
1998-09-04 00:00:00-04:00,5.463371985411841,5.534905497495793,5.365013406296407,5.409721851348877,449200,0.0,0.0
1998-09-08 00:00:00-04:00,5.418666972449763,5.4633754458198105,5.382900193753725,5.391841888427734,428000,0.0,0.0
1998-09-09 00:00:00-04:00,5.373958154519399,5.400783236821493,5.32924968401591,5.365016460418701,503800,0.0,0.0
1998-09-10 00:00:00-04:00,5.365016243674538,5.365016243674538,5.186182368885387,5.21300745010376,396200,0.0,0.0
1998-09-11 00:00:00-04:00,5.204065099358559,5.239831869800885,5.087823095420997,5.150414943695068,630400,0.0,0.0
1998-09-14 00:00:00-04:00,5.120527306694891,5.1569723409062425,5.056748496825025,5.093193531036377,866000,0.335,0.0
1998-09-15 00:00:00-04:00,5.09319642323066,5.166086533044337,5.09319642323066,5.156975269317627,814800,0.0,0.0
1998-09-16 00:00:00-04:00,5.184308638006954,5.430312738580219,5.156974849054369,5.375645160675049,611400,0.0,0.0
1998-09-17 00:00:00-04:00,5.3756454966469,5.3756454966469,5.275421597556873,5.366534233093262,324600,0.0,0.0
1998-09-18 00:00:00-04:00,5.366534516215324,5.557871060936074,5.33920072411236,5.539648532867432,495400,0.0,0.0
1998-09-21 00:00:00-04:00,5.5396473174147065,5.904097798823568,5.50320226927382,5.858541488647461,1018000,0.0,0.0
1998-09-22 00:00:00-04:00,6.031657202490445,6.432552847368964,6.031657202490445,6.341440200805664,1450800,0.0,0.0
1998-09-23 00:00:00-04:00,6.52366114815811,6.52366114815811,6.286768424900972,6.405214786529541,1638600,0.0,0.0
1998-09-24 00:00:00-04:00,6.396109652586766,6.487222325700538,6.3596645833412575,6.432554721832275,534800,0.0,0.0
1998-09-25 00:00:00-04:00,6.405219938713691,6.405219938713691,6.304996013641357,6.304996013641357,458800,0.0,0.0
1998-09-28 00:00:00-04:00,6.268550949978691,6.332329811388358,6.241217152231691,6.304996013641357,411400,0.0,0.0
1998-09-29 00:00:00-04:00,6.268550315098455,6.323217905055709,6.186548930162575,6.232105255126953,401200,0.0,0.0
1998-09-30 00:00:00-04:00,6.195660852502893,6.2412171823007085,6.122770724826389,6.150104522705078,986800,0.0,0.0
1998-10-01 00:00:00-04:00,6.150103344846127,6.159214609060714,6.086324495344019,6.104547023773193,1276400,0.0,0.0
1998-10-02 00:00:00-04:00,6.1045475812623335,6.177437701635616,6.0954363162156735,6.140992641448975,539200,0.0,0.0
1998-10-05 00:00:00-04:00,6.122769807514391,6.131881072108906,5.949655780218597,6.058990955352783,373600,0.0,0.0
1998-10-06 00:00:00-04:00,6.095435072629506,6.159213914944015,5.958766124812701,5.967877388000488,276400,0.0,0.0
1998-10-07 00:00:00-04:00,5.995214324364295,6.013436860304613,5.904101644662711,5.922324180603027,223800,0.0,0.0
1998-10-08 00:00:00-04:00,5.8858788954285925,5.8858788954285925,5.648985936789051,5.749209880828857,215000,0.0,0.0
1998-10-09 00:00:00-04:00,5.785653807222843,5.849432668089866,5.76743127554655,5.831210136413574,180600,0.0,0.0
1998-10-12 00:00:00-04:00,5.8676555533158155,6.022547081897134,5.8676555533158155,5.885878086090088,252400,0.0,0.0
1998-10-13 00:00:00-04:00,5.885876459839904,5.922321515318788,5.885876459839904,5.904098987579346,268600,0.0,0.0
1998-10-14 00:00:00-04:00,5.90409893264419,5.940543987783968,5.858542613719465,5.931432723999023,226600,0.0,0.0
1998-10-15 00:00:00-04:00,5.9040968095934065,6.068099498748779,5.9040968095934065,6.068099498748779,332200,0.0,0.0
1998-10-16 00:00:00-04:00,6.0681019669148455,6.150103344846127,6.0407681742710855,6.104547023773193,583400,0.0,0.0
1998-10-19 00:00:00-04:00,6.086323966243115,6.2138816541583894,6.086323966243115,6.131880283355713,510000,0.0,0.0
1998-10-20 00:00:00-04:00,6.131881990785952,6.222994650381583,6.113659458866826,6.150104522705078,629000,0.0,0.0
1998-10-21 00:00:00-04:00,6.159216330164955,6.159216330164955,6.031658595516568,6.122771263122559,282400,0.0,0.0
1998-10-22 00:00:00-04:00,6.1045495400061975,6.113660807976356,5.885879108722394,5.922324180603027,309000,0.0,0.0
1998-10-23 00:00:00-04:00,5.922321429163773,6.013434066535524,5.812986264317673,5.867653846740723,825400,0.0,0.0
1998-10-26 00:00:00-05:00,5.867659414870829,5.8858819596375085,5.721879056737393,5.758324146270752,671800,0.0,0.0
1998-10-27 00:00:00-05:00,5.730983820154359,5.867652750682683,5.730983820154359,5.858541488647461,1033200,0.0,0.0
1998-10-28 00:00:00-05:00,5.858544286928679,5.894989352477224,5.812987954992997,5.885878086090088,453400,0.0,0.0
1998-10-29 00:00:00-05:00,5.876763629042395,5.99521002776728,5.867652367602019,5.986098766326904,652200,0.0,0.0
1998-10-30 00:00:00-05:00,5.967879728192375,6.122771263122559,5.967879728192375,6.122771263122559,392800,0.0,0.0
1998-11-02 00:00:00-05:00,6.122767544357029,6.222991417850968,6.122767544357029,6.159212589263916,700000,0.0,0.0
1998-11-03 00:00:00-05:00,6.159215193312948,6.250327844101602,6.1409926631552185,6.204771518707275,375200,0.0,0.0
1998-11-04 00:00:00-05:00,6.195658632113679,6.259437470973673,6.122768530559401,6.222992420196533,463600,0.0,0.0
1998-11-05 00:00:00-05:00,6.250327703532051,6.323217822523678,6.140992525044609,6.19566011428833,278600,0.0,0.0
1998-11-06 00:00:00-05:00,6.159214609060714,6.159214609060714,6.0498794384856724,6.104547023773193,348200,0.0,0.0
1998-11-09 00:00:00-05:00,6.140992221462744,6.159214750309815,6.0863246349215325,6.113658428192139,283200,0.0,0.0
1998-11-10 00:00:00-05:00,6.086325209161753,6.250327984258926,6.049880148029048,6.213882923126221,563600,0.0,0.0
1998-11-11 00:00:00-05:00,6.23210505771915,6.268550116536221,6.195659998902078,6.2503275871276855,549600,0.0,0.0
1998-11-12 00:00:00-05:00,6.213882725141201,6.250327785112704,6.168326400176824,6.232105255126953,389400,0.0,0.0
1998-11-13 00:00:00-05:00,6.204771379162283,6.259438968406004,6.1774375845404235,6.19566011428833,336600,0.0,0.0
1998-11-16 00:00:00-05:00,6.213882336851026,6.232104865698096,6.095435899345068,6.113658428192139,315600,0.0,0.0
1998-11-17 00:00:00-05:00,6.077212810516357,6.1409916556042345,6.0498790197644094,6.077212810516357,305600,0.0,0.0
1998-11-18 00:00:00-05:00,6.068102106074463,6.159214750309815,6.068102106074463,6.113658428192139,315600,0.0,0.0
1998-11-19 00:00:00-05:00,6.077214395028573,6.150104522705078,6.049880597149884,6.150104522705078,207200,0.0,0.0
1998-11-20 00:00:00-05:00,6.1227701113556545,6.186548966682276,6.1045475812623335,6.140992641448975,301200,0.0,0.0
1998-11-23 00:00:00-05:00,6.140992605198196,6.232105255126953,6.122770075212445,6.232105255126953,386200,0.0,0.0
1998-11-24 00:00:00-05:00,6.232106757718463,6.268551826477051,6.195661688959875,6.268551826477051,605600,0.0,0.0
1998-11-25 00:00:00-05:00,6.259435941588204,6.2958809834606235,6.259435941588204,6.277658462524414,490600,0.0,0.0
1998-11-27 00:00:00-05:00,6.259438851831953,6.2958839106490245,6.213882528310614,6.2503275871276855,95800,0.0,0.0
1998-11-30 00:00:00-05:00,6.268549608727794,6.268549608727794,6.140991913201356,6.186548233032227,567200,0.0,0.0
1998-12-01 00:00:00-05:00,6.150103485886279,6.213882336851026,6.0863246349215325,6.113658428192139,325000,0.0,0.0
1998-12-02 00:00:00-05:00,6.077213865465823,6.213882842950062,6.077213865465823,6.177437782287598,371000,0.0,0.0
1998-12-03 00:00:00-05:00,6.150104066143987,6.232105453692573,6.150104066143987,6.213882923126221,385800,0.0,0.0
1998-12-04 00:00:00-05:00,6.213882761822256,6.268550352102217,6.1045475812623335,6.140992641448975,388800,0.0,0.0
1998-12-07 00:00:00-05:00,6.1501050634043555,6.159216330164955,6.0863261960801625,6.122771263122559,343000,0.0,0.0
1998-12-08 00:00:00-05:00,6.122769692615674,6.122769692615674,6.049879577227392,6.113658428192139,237400,0.0,0.0
1998-12-09 00:00:00-05:00,6.086324214935303,6.113658006319742,6.077212951140489,6.086324214935303,338400,0.0,0.0
1998-12-10 00:00:00-05:00,6.086322019766043,6.113655801291938,6.058988238240148,6.068099498748779,509800,0.0,0.0
1998-12-11 00:00:00-05:00,6.068099498748779,6.086322019766043,6.049876977731516,6.068099498748779,629200,0.0,0.0
1998-12-14 00:00:00-05:00,6.0498790197644094,6.1136578648522875,6.0498790197644094,6.077212810516357,945200,0.0,0.0
1998-12-15 00:00:00-05:00,6.004324795234771,6.1501050634043555,5.976990994952974,6.122771263122559,683200,0.0,0.0
1998-12-16 00:00:00-05:00,6.079767394281946,6.163178837191302,6.061231518079867,6.135375022888184,292800,0.355,0.0
1998-12-17 00:00:00-05:00,6.107571208585065,6.163178837191302,6.089035332382985,6.135375022888184,530400,0.0,0.0
1998-12-18 00:00:00-05:00,6.107571733758805,6.172447306044559,6.089035855962876,6.09830379486084,458200,0.0,0.0
1998-12-21 00:00:00-05:00,6.061232754923346,6.061232754923346,5.940749535024258,6.014893054962158,479000,0.0,0.0
1998-12-22 00:00:00-05:00,6.005623601907547,6.024159477222077,5.968551851278488,5.987087726593018,419600,0.0,0.0
1998-12-23 00:00:00-05:00,6.033427414879341,6.070499165508401,5.987087726593018,5.987087726593018,379400,0.0,0.0
1998-12-24 00:00:00-05:00,5.968553410019985,6.014893110408339,5.968553410019985,5.977821350097656,195000,0.0,0.0
1998-12-28 00:00:00-05:00,6.005623601907547,6.0612312278511356,5.968551851278488,5.987087726593018,637000,0.0,0.0
1998-12-29 00:00:00-05:00,5.987085691743878,6.005621560758565,5.950013953714503,5.996353626251221,371800,0.0,0.0
1998-12-30 00:00:00-05:00,5.968551418862981,6.005623166806229,5.9407476079055455,5.950015544891357,429000,0.0,0.0
1998-12-31 00:00:00-05:00,5.912945769553961,6.0241610504860095,5.912945769553961,5.977821350097656,494200,0.0,0.0
1999-01-04 00:00:00-05:00,5.950015758194087,6.098302755283036,5.931479883557968,6.070498943328857,607400,0.0,0.0
1999-01-05 00:00:00-05:00,6.051962938977451,6.079766750335693,6.033427064738623,6.079766750335693,407800,0.0,0.0
1999-01-06 00:00:00-05:00,6.098302281296648,6.1909816472738,6.098302281296648,6.172445774078369,605400,0.0,0.0
1999-01-07 00:00:00-05:00,6.15391076779833,6.1631787057016405,6.079767264571844,6.1446428298950195,184800,0.0,0.0
1999-01-08 00:00:00-05:00,6.135375896969045,6.153911775811851,6.098304139283431,6.107572078704834,294600,0.0,0.0
1999-01-11 00:00:00-05:00,6.135375022888184,6.144642960989223,6.089035332382985,6.135375022888184,537800,0.0,0.0
1999-01-12 00:00:00-05:00,6.11683967265677,6.11683967265677,6.079767917064911,6.09830379486084,455400,0.0,0.0
1999-01-13 00:00:00-05:00,5.968551504902724,6.126106435932765,5.931479756425067,6.079766750335693,505000,0.0,0.0
1999-01-14 00:00:00-05:00,6.098301484034612,6.098301484034612,6.014890065559974,6.024158000946045,329000,0.0,0.0
1999-01-15 00:00:00-05:00,6.005622555271463,6.11683778777649,5.959282875061035,5.959282875061035,309800,0.0,0.0
1999-01-19 00:00:00-05:00,6.024157583622809,6.1539086700393,6.014889648878774,6.089033126831055,360200,0.0,0.0
1999-01-20 00:00:00-05:00,6.1261061781012245,6.218785545394738,6.116838241371873,6.200249671936035,630800,0.0,0.0
1999-01-21 00:00:00-05:00,6.163175205984515,6.209514869187406,6.126103475422203,6.19097900390625,376600,0.0,0.0
1999-01-22 00:00:00-05:00,6.153912154845721,6.181715974822434,6.014893054962158,6.014893054962158,492600,0.0,0.0
1999-01-25 00:00:00-05:00,6.005623382102442,6.098302755283036,6.005623382102442,6.070498943328857,538600,0.0,0.0
1999-01-26 00:00:00-05:00,6.0334279292575435,6.079767621494544,6.024159990810143,6.051963806152344,413000,0.0,0.0
1999-01-27 00:00:00-05:00,6.051962938977451,6.098302624574522,6.024159127619209,6.079766750335693,984000,0.0,0.0
1999-01-28 00:00:00-05:00,6.079766750335693,6.098302624574522,6.042695001858037,6.079766750335693,540000,0.0,0.0
1999-01-29 00:00:00-05:00,6.051963806152344,6.079767621494544,6.005624113915343,6.051963806152344,1958400,0.0,0.0
1999-02-01 00:00:00-05:00,6.014892684490801,6.144643836390448,6.005624745069397,6.107572078704834,1757600,0.0,0.0
1999-02-02 00:00:00-05:00,6.089033770414949,6.089033770414949,6.042694091796875,6.042694091796875,1706800,0.0,0.0
1999-02-03 00:00:00-05:00,6.061230001626191,6.070497937408494,6.005622386932373,6.005622386932373,642400,0.0,0.0
1999-02-04 00:00:00-05:00,5.996353626251221,6.042693298787938,5.931478084699816,5.996353626251221,423000,0.0,0.0
1999-02-05 00:00:00-05:00,5.987087032069331,6.005622905233632,5.931479412576427,5.968551158905029,696400,0.0,0.0
1999-02-08 00:00:00-05:00,5.968550606007956,6.042694091796875,5.9129429916662675,6.042694091796875,536200,0.0,0.0
1999-02-09 00:00:00-05:00,6.070500028971868,6.079767967947397,6.0426962120452785,6.061232089996338,824400,0.0,0.0
1999-02-10 00:00:00-05:00,6.079765834691335,6.1724451919274825,6.0334261560732605,6.042694091796875,807200,0.0,0.0
1999-02-11 00:00:00-05:00,6.042695867704944,6.061231744599744,5.987088237020542,6.051963806152344,339800,0.0,0.0
1999-02-12 00:00:00-05:00,6.033425364280594,6.061229167802625,5.987085691743878,5.996353626251221,594800,0.0,0.0
1999-02-16 00:00:00-05:00,6.005622555271463,6.024158427355634,5.940747002976864,5.959282875061035,340800,0.0,0.0
1999-02-17 00:00:00-05:00,5.987085691743878,6.0148894952659075,5.968549822729191,5.996353626251221,2173800,0.0,0.0
1999-02-18 00:00:00-05:00,5.987085691743878,6.042693298787938,5.977817757236534,5.996353626251221,528600,0.0,0.0
1999-02-19 00:00:00-05:00,5.950013953714503,6.042693298787938,5.9129422156851295,5.996353626251221,559800,0.0,0.0
1999-02-22 00:00:00-05:00,5.996355962826542,6.042695653420256,5.968552148470314,6.033427715301514,382000,0.0,0.0
1999-02-23 00:00:00-05:00,6.005623382102442,6.079766880646917,6.005623382102442,6.070498943328857,358800,0.0,0.0
1999-02-24 00:00:00-05:00,6.098302624574522,6.126106435932765,6.061230876096865,6.079766750335693,395400,0.0,0.0
1999-02-25 00:00:00-05:00,6.079766880646917,6.098302755283036,6.061231006010798,6.070498943328857,249400,0.0,0.0
1999-02-26 00:00:00-05:00,6.061230876096865,6.079766750335693,6.005623253380381,6.079766750335693,247200,0.0,0.0
1999-03-01 00:00:00-05:00,6.042693871718186,6.061229742490328,6.0056221301739035,6.024158000946045,390000,0.0,0.0
1999-03-02 00:00:00-05:00,6.005623382102442,6.116838629919155,5.996355444784383,6.070498943328857,247800,0.0,0.0
1999-03-03 00:00:00-05:00,6.070500028971868,6.089035906922927,6.0426962120452785,6.061232089996338,589000,0.0,0.0
1999-03-04 00:00:00-05:00,6.061230876096865,6.089034687455108,6.024159127619209,6.079766750335693,586600,0.0,0.0
1999-03-05 00:00:00-05:00,6.098301484034612,6.098301484034612,6.0056221301739035,6.024158000946045,431400,0.0,0.0
1999-03-08 00:00:00-05:00,6.0056217141347386,6.11683693106316,6.0056217141347386,6.089033126831055,256600,0.0,0.0
1999-03-09 00:00:00-05:00,6.089035855962876,6.11683967265677,6.042696161473051,6.09830379486084,652200,0.0,0.0
1999-03-10 00:00:00-05:00,6.079765834691335,6.079765834691335,5.996354413178801,6.042694091796875,374800,0.0,0.0
1999-03-11 00:00:00-05:00,6.042694091796875,6.061229963244105,6.014890284626031,6.042694091796875,383400,0.0,0.0
1999-03-12 00:00:00-05:00,6.0241609949543955,6.070500694915583,6.005625114969921,6.014893054962158,363400,0.0,0.0
1999-03-15 00:00:00-05:00,6.005623900945285,6.042695653420256,5.987088024707799,6.033427715301514,245400,0.0,0.0
1999-03-16 00:00:00-05:00,6.0519620275204895,6.061229963244105,6.005622348902416,6.042694091796875,690800,0.0,0.0
1999-03-17 00:00:00-05:00,6.04609100511469,6.149846076965332,6.03665872585554,6.149846076965332,708200,0.355,0.0
1999-03-18 00:00:00-05:00,6.121546432033615,6.178140081636391,6.1026818821660225,6.159275531768799,756400,0.0,0.0
1999-03-19 00:00:00-05:00,6.159277702100349,6.234735928159771,6.159277702100349,6.225303649902344,610200,0.0,0.0
1999-03-22 00:00:00-05:00,6.206439899235237,6.2818981350922005,6.187575340270996,6.187575340270996,323400,0.0,0.0
1999-03-23 00:00:00-05:00,6.149846222342514,6.215872178717357,6.121549383896153,6.187575340270996,555400,0.0,0.0
1999-03-24 00:00:00-05:00,6.1875767022462425,6.2158735469211495,6.149847576013034,6.168712139129639,885000,0.0,0.0
1999-03-25 00:00:00-05:00,6.1121141570998185,6.168707806702595,6.1121141570998185,6.159275531768799,687600,0.0,0.0
1999-03-26 00:00:00-05:00,6.149845028211703,6.2818969153205435,6.112115917609177,6.244167804718018,380200,0.0,0.0
1999-03-29 00:00:00-05:00,6.234736368761077,6.244168647685073,6.130981300597125,6.215871810913086,294200,0.0,0.0
1999-03-30 00:00:00-05:00,6.187574974141099,6.234736368761077,6.149845858445117,6.215871810913086,240400,0.0,0.0
1999-03-31 00:00:00-05:00,6.19700681513006,6.263032762932054,6.159277702100349,6.225303649902344,415800,0.0,0.0
1999-04-01 00:00:00-05:00,6.2158735469211495,6.291331799387567,6.159279857571336,6.168712139129639,325800,0.0,0.0
1999-04-05 00:00:00-04:00,6.168710781306755,6.253601296645839,6.159278501824635,6.187575340270996,295200,0.0,0.0
1999-04-06 00:00:00-04:00,6.187575340270996,6.26303357612796,6.159278501824635,6.187575340270996,377400,0.0,0.0
1999-04-07 00:00:00-04:00,6.225301456305371,6.244166006172963,6.140410981901207,6.159275531768799,964000,0.0,0.0
1999-04-08 00:00:00-04:00,6.149847438518818,6.149847438518818,6.093253750434289,6.130982875823975,728200,0.0,0.0
1999-04-09 00:00:00-04:00,6.149846076965332,6.1781429147427795,6.074387842892137,6.149846076965332,600400,0.0,0.0
1999-04-12 00:00:00-04:00,6.168709980357777,6.253600484674627,6.121548589070637,6.225303649902344,364800,0.0,0.0
1999-04-13 00:00:00-04:00,6.225304458199478,6.234736737681598,6.149846222342514,6.187575340270996,449000,0.0,0.0
1999-04-14 00:00:00-04:00,6.187574138814228,6.26303236001928,6.149845028211703,6.244167804718018,722000,0.0,0.0
1999-04-15 00:00:00-04:00,6.253600324303044,6.489407274691544,6.253600324303044,6.423381328582764,777600,0.0,0.0
1999-04-16 00:00:00-04:00,6.489408088129992,6.772376464065893,6.489408088129992,6.753511905670166,844400,0.0,0.0
1999-04-19 00:00:00-04:00,6.791237129652796,6.932721236520562,6.753508034488058,6.847830772399902,1136600,0.0,0.0
1999-04-20 00:00:00-04:00,6.828969918510891,6.838402197403862,6.772376245153066,6.81953763961792,602600,0.0,0.0
1999-04-21 00:00:00-04:00,6.819535102139746,6.9421546821228945,6.8101028267564265,6.894993305206299,1194600,0.0,0.0
1999-04-22 00:00:00-04:00,6.89499421325334,7.055342915887138,6.89499421325334,6.998749256134033,550800,0.0,0.0
1999-04-23 00:00:00-04:00,6.989318324250401,6.998750602690685,6.810105033885006,6.857266426086426,516800,0.0,0.0
1999-04-26 00:00:00-04:00,6.857266755189803,6.904428149654658,6.753511687367125,6.81953763961792,298800,0.0,0.0
1999-04-27 00:00:00-04:00,6.791241283148108,6.828970401387819,6.602595691949549,6.696918487548828,393600,0.0,0.0
1999-04-28 00:00:00-04:00,6.734647129581183,6.828969918510891,6.715782571795241,6.81953763961792,374000,0.0,0.0
1999-04-29 00:00:00-04:00,6.838404418366201,6.847836700322568,6.772378444671631,6.772378444671631,362400,0.0,0.0
1999-04-30 00:00:00-04:00,6.810102716652122,7.017612771730165,6.810102716652122,6.979883670806885,844600,0.0,0.0
1999-05-03 00:00:00-04:00,6.970451395576064,7.093070973576726,6.942154569883604,6.979883670806885,404800,0.0,0.0
1999-05-04 00:00:00-04:00,6.942156579902003,7.036479359520236,6.942156579902003,7.008182525634766,235800,0.0,0.0
1999-05-05 00:00:00-04:00,6.9798887094711874,7.064779247829621,6.942159581311884,7.055346965789795,266600,0.0,0.0
1999-05-06 00:00:00-04:00,6.9987532735508395,7.121372940068577,6.9987532735508395,7.055346965789795,454800,0.0,0.0
1999-05-07 00:00:00-04:00,7.055344005373348,7.234557288932297,7.055344005373348,7.149666786193848,1422800,0.0,0.0
1999-05-10 00:00:00-04:00,7.140237433031985,7.281721662220202,7.130805151086105,7.168534278869629,764800,0.0,0.0
1999-05-11 00:00:00-04:00,7.1685331127055445,7.206262234351363,7.102507149825362,7.111939430236816,637000,0.0,0.0
1999-05-12 00:00:00-04:00,7.093075044855612,7.1685332900136505,7.045913641631839,7.1591010093688965,442000,0.0,0.0
1999-05-13 00:00:00-04:00,7.149668036229107,7.159100315960281,7.017616119992685,7.102506637573242,590400,0.0,0.0
1999-05-14 00:00:00-04:00,7.064777446650315,7.111938844825551,7.01761604847508,7.08364200592041,334200,0.0,0.0
1999-05-17 00:00:00-04:00,6.9987532735508395,7.11194065802875,6.989320991511014,7.055346965789795,660200,0.0,0.0
1999-05-18 00:00:00-04:00,7.036478362636103,7.074207469138173,6.961020149631962,6.998749256134033,525000,0.0,0.0
1999-05-19 00:00:00-04:00,6.99875156053034,7.111938917304415,6.979887001067994,7.102506637573242,671200,0.0,0.0
1999-05-20 00:00:00-04:00,7.111939430236816,7.149668551882635,7.055345747768088,7.111939430236816,525000,0.0,0.0
1999-05-21 00:00:00-04:00,7.11193613216577,7.14966523631519,7.0553424759416385,7.121368408203125,374400,0.0,0.0
1999-05-24 00:00:00-04:00,7.111937351427054,7.243989238588829,7.111937351427054,7.1873955726623535,477800,0.0,0.0
1999-05-25 00:00:00-04:00,7.177965376802964,7.2628559003131175,7.168533096412947,7.234559059143066,938600,0.0,0.0
1999-05-26 00:00:00-04:00,7.2062605683656304,7.22512512482732,7.13080234251887,7.177963733673096,480600,0.0,0.0
1999-05-27 00:00:00-04:00,7.149666613138065,7.262853947382994,7.111937501723088,7.225124835968018,599800,0.0,0.0
1999-05-28 00:00:00-04:00,7.187397657192981,7.243991339533084,7.177965376802964,7.234559059143066,429000,0.0,0.0
1999-06-01 00:00:00-04:00,7.215692558114274,7.243989391675506,7.196828002406785,7.225124835968018,412200,0.0,0.0
1999-06-02 00:00:00-04:00,7.234559059143066,7.2628559003131175,7.187397657192981,7.234559059143066,344000,0.0,0.0
1999-06-03 00:00:00-04:00,7.225126778753049,7.300585021873186,7.215694498363033,7.234559059143066,475200,0.0,0.0
1999-06-04 00:00:00-04:00,7.20626241259267,7.20626241259267,7.130804167434632,7.1591010093688965,325800,0.0,0.0
1999-06-07 00:00:00-04:00,7.140236448079387,7.1685332900136505,7.111939606145122,7.1591010093688965,311000,0.0,0.0
1999-06-08 00:00:00-04:00,7.121368288359744,7.159097391874233,7.093071460723877,7.093071460723877,230400,0.0,0.0
1999-06-09 00:00:00-04:00,7.093074869413907,7.149668551882635,7.093074869413907,7.111939430236816,152800,0.0,0.0
1999-06-10 00:00:00-04:00,7.102508375988925,7.140237504148229,7.027050119670317,7.055346965789795,371600,0.0,0.0
1999-06-11 00:00:00-04:00,7.055343915443883,7.121369861176646,6.9798856917492955,7.008182525634766,173000,0.0,0.0
1999-06-14 00:00:00-04:00,6.998750057323838,6.998750057323838,6.94215639109211,6.9610209465026855,311200,0.0,0.0
1999-06-15 00:00:00-04:00,6.9798875044764515,7.1685331127055445,6.942158382830632,7.111939430236816,852800,0.0,0.0
1999-06-16 00:00:00-04:00,7.067502962611113,7.2015748345305655,7.019620151211309,7.105809211730957,1009400,0.355,0.0
1999-06-17 00:00:00-04:00,7.08665467088164,7.124960912345865,6.990889067221078,7.029195308685303,372800,0.0,0.0
1999-06-18 00:00:00-04:00,6.9908905029296875,7.067503001591931,6.971737378264127,6.9908905029296875,2335200,0.0,0.0
1999-06-21 00:00:00-04:00,6.990887159815176,7.048346506334205,6.914274697789804,6.95258092880249,557600,0.0,0.0
1999-06-22 00:00:00-04:00,6.895124653182626,7.000466835384028,6.85681840510939,6.962160587310791,315600,0.0,0.0
1999-06-23 00:00:00-04:00,6.933431155133445,6.9813139669782895,6.856818656181695,6.914278030395508,542800,0.0,0.0
1999-06-24 00:00:00-04:00,6.89512490565757,6.9430077175024145,6.856818656181695,6.914278030395508,584200,0.0,0.0
1999-06-25 00:00:00-04:00,6.856819667385123,6.8951259225101795,6.741900902009953,6.78020715713501,520800,0.0,0.0
1999-06-28 00:00:00-04:00,6.761049773739061,6.990887159815176,6.761049773739061,6.95258092880249,511600,0.0,0.0
1999-06-29 00:00:00-04:00,6.914276843276574,6.952583086175613,6.875970600377535,6.885547161102295,302600,0.0,0.0
1999-06-30 00:00:00-04:00,6.875972496487727,7.029197510337036,6.875972496487727,6.904702186584473,606600,0.0,0.0
1999-07-01 00:00:00-04:00,6.885547161102295,6.904700282551814,6.837664357478496,6.885547161102295,1412200,0.0,0.0
1999-07-02 00:00:00-04:00,6.856817478928015,6.895123721827054,6.856817478928015,6.885547161102295,601400,0.0,0.0
1999-07-06 00:00:00-04:00,6.885546680307981,6.933429480588288,6.818510759915553,6.923852920532227,828800,0.0,0.0
1999-07-07 00:00:00-04:00,6.885549121058139,6.923855374860966,6.770630359649658,6.770630359649658,595200,0.0,0.0
1999-07-08 00:00:00-04:00,6.770629675135571,6.770629675135571,6.646134362862923,6.684440612792969,992800,0.0,0.0
1999-07-09 00:00:00-04:00,6.684439853311749,6.8855476425947675,6.684439853311749,6.866394519805908,529000,0.0,0.0
1999-07-12 00:00:00-04:00,6.933431876681218,6.933431876681218,6.866395933122146,6.904702186584473,434600,0.0,0.0
1999-07-13 00:00:00-04:00,6.904700765383626,6.904700765383626,6.818511712833761,6.866394519805908,217200,0.0,0.0
1999-07-14 00:00:00-04:00,6.8376666376757065,6.856819765512333,6.5886759757995605,6.5886759757995605,4284000,0.0,0.0
1999-07-15 00:00:00-04:00,6.617405172028294,6.655711424833088,6.607828608827095,6.626981735229492,636800,0.0,0.0
1999-07-16 00:00:00-04:00,6.655710703366762,6.655710703366762,6.6269810168774095,6.636557579040527,288600,0.0,0.0
1999-07-19 00:00:00-04:00,6.626983153373432,6.665289414375591,6.626983153373432,6.646136283874512,441400,0.0,0.0
1999-07-20 00:00:00-04:00,6.569522847962934,6.607829103636187,6.569522847962934,6.5886759757995605,615600,0.0,0.0
1999-07-21 00:00:00-04:00,6.598249437519258,6.598249437519258,6.531213521608322,6.54079008102417,1094200,0.0,0.0
1999-07-22 00:00:00-04:00,6.502482654066648,6.540788884723888,6.473752981073717,6.512059211730957,383200,0.0,0.0
1999-07-23 00:00:00-04:00,6.502482654066648,6.521635769395267,6.502482654066648,6.512059211730957,260800,0.0,0.0
1999-07-26 00:00:00-04:00,6.435452243137787,6.5024882040038054,6.397145979785776,6.406722545623779,1441800,0.0,0.0
1999-07-27 00:00:00-04:00,6.435452243137787,6.44502880897579,6.397145979785776,6.406722545623779,251600,0.0,0.0
1999-07-28 00:00:00-04:00,6.377990980912987,6.38756754394739,6.26307222450014,6.330108165740967,944200,0.0,0.0
1999-07-29 00:00:00-04:00,6.291801217125683,6.320530903048631,6.272648093177051,6.282224655151367,838000,0.0,0.0
1999-07-30 00:00:00-04:00,6.282225350568948,6.38756754394739,6.282225350568948,6.330108165740967,2033600,0.0,0.0
1999-08-02 00:00:00-04:00,6.3588349793781065,6.3588349793781065,6.234339716227631,6.291799068450928,874200,0.0,0.0
1999-08-03 00:00:00-04:00,6.291799066990477,6.3013756256921365,6.253492832183838,6.253492832183838,377200,0.0,0.0
1999-08-04 00:00:00-04:00,6.263070343832934,6.3109531446267635,6.234340663356636,6.272646903991699,578000,0.0,0.0
1999-08-05 00:00:00-04:00,6.272645951043162,6.310952185858693,6.263069392339279,6.291799068450928,1563400,0.0,0.0
1999-08-06 00:00:00-04:00,6.291800488174231,6.377989535957441,6.291800488174231,6.349259853363037,866200,0.0,0.0
1999-08-09 00:00:00-04:00,6.339681392309369,6.397140740275919,6.339681392309369,6.387564182281494,568000,0.0,0.0
1999-08-10 00:00:00-04:00,6.454602482414529,6.473755605507748,6.416296236228093,6.44502592086792,678200,0.0,0.0
1999-08-11 00:00:00-04:00,6.416299328917549,6.464182159730366,6.358839931942168,6.435452461242676,550000,0.0,0.0
1999-08-12 00:00:00-04:00,6.3971419209294,6.588673116166807,6.3971419209294,6.569519996643066,1249200,0.0,0.0
1999-08-13 00:00:00-04:00,6.579099160372435,6.703594486551244,6.579099160372435,6.617405414581299,269800,0.0,0.0
1999-08-16 00:00:00-04:00,6.588674539759539,6.646133910745815,6.550368292435356,6.607827663421631,195000,0.0,0.0
1999-08-17 00:00:00-04:00,6.646134611170926,6.6557111740112305,6.569522108448495,6.6557111740112305,387200,0.0,0.0
1999-08-18 00:00:00-04:00,6.626981485490318,6.665287736851534,6.588675234129103,6.6557111740112305,217800,0.0,0.0
1999-08-19 00:00:00-04:00,6.636555903997177,6.722744941711426,6.626979344251149,6.722744941711426,173000,0.0,0.0
1999-08-20 00:00:00-04:00,6.68443917955671,6.741898542131697,6.674862619127546,6.703592300415039,360800,0.0,0.0
1999-08-23 00:00:00-04:00,6.741898299280983,6.75147485936519,6.703592058944159,6.732321739196777,240600,0.0,0.0
1999-08-24 00:00:00-04:00,6.722746366804296,6.741899490356445,6.713169805028222,6.741899490356445,139800,0.0,0.0
1999-08-25 00:00:00-04:00,6.722745426769914,6.732321987206909,6.6557095037109555,6.665286064147949,177800,0.0,0.0
1999-08-26 00:00:00-04:00,6.626981735229492,6.684441114436684,6.607828608827095,6.626981735229492,296200,0.0,0.0
1999-08-27 00:00:00-04:00,6.626982231472813,6.626982231472813,6.5886759757995605,6.5886759757995605,434800,0.0,0.0
1999-08-30 00:00:00-04:00,6.617405441729692,6.626982005321196,6.540792932997655,6.559946060180664,482000,0.0,0.0
1999-08-31 00:00:00-04:00,6.569521378387105,6.741899490356445,6.5503682548349556,6.741899490356445,438200,0.0,0.0
1999-09-01 00:00:00-04:00,6.703592058944159,6.75147485936519,6.674862378691541,6.732321739196777,430600,0.0,0.0
1999-09-02 00:00:00-04:00,6.70359182221937,6.732321501457454,6.66528558323526,6.722744941711426,621400,0.0,0.0
1999-09-03 00:00:00-04:00,6.7227475423961245,6.818513176903192,6.7227475423961245,6.770630359649658,456000,0.0,0.0
1999-09-07 00:00:00-04:00,6.789781093597412,6.818510773824199,6.780204533521816,6.789781093597412,239000,0.0,0.0
1999-09-08 00:00:00-04:00,6.7514774657912175,6.7993602846975385,6.741900902009953,6.78020715713501,243400,0.0,0.0
1999-09-09 00:00:00-04:00,6.741900892660651,6.818513402804522,6.741900892660651,6.799360275268555,145400,0.0,0.0
1999-09-10 00:00:00-04:00,6.808936848478802,6.818513412260066,6.770630593353745,6.78020715713501,103000,0.0,0.0
1999-09-13 00:00:00-04:00,6.780204300187592,6.78978085993362,6.66528558323526,6.722744941711426,306600,0.0,0.0
1999-09-14 00:00:00-04:00,6.732321987206909,6.770628228954886,6.665286064147949,6.665286064147949,139200,0.0,0.0
1999-09-15 00:00:00-04:00,6.694015739985875,6.751475102560861,6.655709498269218,6.703592300415039,620400,0.0,0.0
1999-09-16 00:00:00-04:00,6.695405512020506,6.802609967089247,6.695405512020506,6.78311824798584,870400,0.38,0.0
1999-09-17 00:00:00-04:00,6.783121739334303,6.822105197606339,6.763630010198285,6.81235933303833,1125200,0.0,0.0
1999-09-20 00:00:00-04:00,6.831847282530075,6.831847282530075,6.783117986648976,6.792863845825195,1260200,0.0,0.0
1999-09-21 00:00:00-04:00,6.78311795412108,6.792863813250564,6.685659362826237,6.705151081085205,343600,0.0,0.0
1999-09-22 00:00:00-04:00,6.705153200899741,6.724644925320962,6.705153200899741,6.714899063110352,159000,0.0,0.0
1999-09-23 00:00:00-04:00,6.714898011729142,6.783119036521746,6.7051521510444845,6.753881454467773,333200,0.0,0.0
1999-09-24 00:00:00-04:00,6.744135140673506,6.763626860733256,6.646676540374756,6.646676540374756,462400,0.0,0.0
1999-09-27 00:00:00-04:00,6.666169318477665,6.666169318477665,6.558964841133726,6.607694149017334,235200,0.0,0.0
1999-09-28 00:00:00-04:00,6.588201522827148,6.617439103549754,6.558963942104542,6.588201522827148,247000,0.0,0.0
1999-09-29 00:00:00-04:00,6.588205456733704,6.6174430549144745,6.529730260372162,6.549221992492676,377400,0.0,0.0
1999-09-30 00:00:00-04:00,6.539473117980282,6.617440010594056,6.52972725640356,6.607694149017334,397400,0.0,0.0
1999-10-01 00:00:00-04:00,6.617440378860768,6.627186240979856,6.549219344027152,6.55896520614624,220000,0.0,0.0
1999-10-04 00:00:00-04:00,6.52972344791188,6.636927862728343,6.52972344791188,6.6271820068359375,329800,0.0,0.0
1999-10-05 00:00:00-04:00,6.646676540374756,6.69540584052413,6.607693100255256,6.646676540374756,404800,0.0,0.0
1999-10-06 00:00:00-04:00,6.6466759263082995,6.705151081085205,6.636930067178815,6.705151081085205,323400,0.0,0.0
1999-10-07 00:00:00-04:00,6.705148853975183,6.744132277544807,6.588198583266314,6.6271820068359375,446200,0.0,0.0
1999-10-08 00:00:00-04:00,6.549218855708479,6.5687105784933255,6.471251964569092,6.471251964569092,2180400,0.0,0.0
1999-10-11 00:00:00-04:00,6.510238528251648,6.6076971888542175,6.500492662191391,6.549221992492676,187000,0.0,0.0
1999-10-12 00:00:00-04:00,6.519981495350687,6.588202527439559,6.490743910169742,6.568710803985596,215600,0.0,0.0
1999-10-13 00:00:00-04:00,6.549219395826541,6.5784569824150525,6.51023594704186,6.539473533630371,498000,0.0,0.0
1999-10-14 00:00:00-04:00,6.56871372461319,6.588205456733704,6.510238528251648,6.549221992492676,168000,0.0,0.0
1999-10-15 00:00:00-04:00,6.510234376974121,6.51998023681989,6.403029918670654,6.403029918670654,410200,0.0,0.0
1999-10-18 00:00:00-04:00,6.4127757785164246,6.4420133580537335,6.383538198979116,6.403029918670654,187200,0.0,0.0
1999-10-19 00:00:00-04:00,6.412773909823585,6.422519766829396,6.354298767788719,6.383536338806152,182200,0.0,0.0
1999-10-20 00:00:00-04:00,6.373795043590457,6.383540907571482,6.2860822677612305,6.2860822677612305,639600,0.0,0.0
1999-10-21 00:00:00-04:00,6.276333240815151,6.3543001133718615,6.266587381745563,6.315316677093506,237400,0.0,0.0
1999-10-22 00:00:00-04:00,6.295824958954329,6.315316677093506,6.295824958954329,6.315316677093506,155600,0.0,0.0
1999-10-25 00:00:00-04:00,6.315316677093506,6.36404597244145,6.295824958954329,6.315316677093506,185600,0.0,0.0
1999-10-26 00:00:00-04:00,6.315316722858063,6.325062581998276,6.295825004577637,6.295825004577637,427400,0.0,0.0
1999-10-27 00:00:00-04:00,6.295829445261433,6.373796373376126,6.295829445261433,6.325067043304443,229200,0.0,0.0
1999-10-28 00:00:00-04:00,6.295824138530364,6.39328271652619,6.286078280730781,6.364045143127441,551800,0.0,0.0
1999-10-29 00:00:00-04:00,6.393288456983808,6.5492223217882914,6.393288456983808,6.519984722137451,684200,0.0,0.0
1999-11-01 00:00:00-05:00,6.549218343098959,6.666168670654297,6.529726621839735,6.578455924987793,291600,0.0,0.0
1999-11-02 00:00:00-05:00,6.549218198801452,6.675914384194932,6.549218198801452,6.6369309425354,256400,0.0,0.0
1999-11-03 00:00:00-05:00,6.666168523780049,6.6954061050246985,6.627185082120517,6.6369309425354,207800,0.0,0.0
1999-11-04 00:00:00-05:00,6.627186240979856,6.646677965218032,6.55896520614624,6.55896520614624,159800,0.0,0.0
1999-11-05 00:00:00-05:00,6.597951654539693,6.627189254190533,6.490747122486611,6.519984722137451,209200,0.0,0.0
1999-11-08 00:00:00-05:00,6.529726602651693,6.549218323853639,6.4517597178439114,6.490743160247803,296000,0.0,0.0
1999-11-09 00:00:00-05:00,6.490741210069485,6.588199786797255,6.490741210069485,6.510232925415039,337000,0.0,0.0
1999-11-10 00:00:00-05:00,6.490744326246911,6.549219500357243,6.4809984638951885,6.500490188598633,395600,0.0,0.0
1999-11-11 00:00:00-05:00,6.500491308913469,6.510237172944824,6.432270260693987,6.442016124725342,225600,0.0,0.0
1999-11-12 00:00:00-05:00,6.47125137051248,6.47125137051248,6.344555184041603,6.422522068023682,426800,0.0,0.0
1999-11-15 00:00:00-05:00,6.3543026714647235,6.383540260443856,6.29582749350646,6.34455680847168,703400,0.0,0.0
1999-11-16 00:00:00-05:00,6.334811052914933,6.3543027792315945,6.29582760028161,6.305573463439941,444000,0.0,0.0
1999-11-17 00:00:00-05:00,6.325062536163095,6.36404597244145,6.315316677093506,6.315316677093506,509200,0.0,0.0
1999-11-18 00:00:00-05:00,6.315316071221098,6.344553645624899,6.266586780548096,6.266586780548096,394000,0.0,0.0
1999-11-19 00:00:00-05:00,6.29582620566746,6.29582620566746,6.198367595672607,6.198367595672607,779400,0.0,0.0
1999-11-22 00:00:00-05:00,6.23735290336011,6.276336359006111,6.198369447714109,6.217861175537109,632200,0.0,0.0
1999-11-23 00:00:00-05:00,6.217859317671578,6.247096900670034,6.1691300126741515,6.198367595672607,631400,0.0,0.0
1999-11-24 00:00:00-05:00,6.198369826185759,6.198369826185759,6.139894639146271,6.169132232666016,472200,0.0,0.0
1999-11-26 00:00:00-05:00,6.178875873673637,6.227605178671063,6.1691300126741515,6.198367595672607,136600,0.0,0.0
1999-11-29 00:00:00-05:00,6.227607727050781,6.237353592038341,6.217861862063221,6.227607727050781,258400,0.0,0.0
1999-11-30 00:00:00-05:00,6.237349206144294,6.266586780548096,6.217857489875093,6.266586780548096,423600,0.0,0.0
1999-12-01 00:00:00-05:00,6.237353403633887,6.41277896811109,6.237353403633887,6.373795509338379,566800,0.0,0.0
1999-12-02 00:00:00-05:00,6.334808395232684,6.393283549650216,6.315316677093506,6.315316677093506,356200,0.0,0.0
1999-12-03 00:00:00-05:00,6.334811156512769,6.383540473101329,6.315319429877345,6.354302883148193,428600,0.0,0.0
1999-12-06 00:00:00-05:00,6.354298767788719,6.412773909823585,6.344552910782908,6.383536338806152,315200,0.0,0.0
1999-12-07 00:00:00-05:00,6.354299285327859,6.383536858726607,6.354299285327859,6.364045143127441,292800,0.0,0.0
1999-12-08 00:00:00-05:00,6.403029408719805,6.403029408719805,6.315316677093506,6.315316677093506,643600,0.0,0.0
1999-12-09 00:00:00-05:00,6.315318208303511,6.315318208303511,6.276334762573242,6.276334762573242,282200,0.0,0.0
1999-12-10 00:00:00-05:00,6.266588889144537,6.295826473386269,6.178876136419341,6.188621997833252,436600,0.0,0.0
1999-12-13 00:00:00-05:00,6.227605760851993,6.237351622762559,6.159384727478027,6.159384727478027,519600,0.0,0.0
1999-12-14 00:00:00-05:00,6.159383607024419,6.237350488125994,6.130146026611328,6.130146026611328,1141800,0.0,0.0
1999-12-15 00:00:00-05:00,6.120404512688304,6.1398962468051455,5.974216506811991,6.110658645629883,1301400,0.0,0.0
1999-12-16 00:00:00-05:00,6.062553452282417,6.142062350017269,6.062553452282417,6.112246513366699,558800,0.38,0.0
1999-12-17 00:00:00-05:00,6.102306248978798,6.430280363337594,6.102306248978798,6.4004645347595215,917000,0.0,0.0
1999-12-20 00:00:00-05:00,6.400465749925183,6.51972908688031,6.3905271385122555,6.470036029815674,996400,0.0,0.0
1999-12-21 00:00:00-05:00,6.4402174949646,6.489910531191178,6.360708637002074,6.4402174949646,787200,0.0,0.0
1999-12-22 00:00:00-05:00,6.360708565956697,6.489910458702693,6.360708565956697,6.390524387359619,385400,0.0,0.0
1999-12-23 00:00:00-05:00,6.390528387250521,6.529668974220206,6.380589773895544,6.499853134155273,351400,0.0,0.0
1999-12-27 00:00:00-05:00,6.460097418402746,6.529667698293237,6.440220195576892,6.470036029815674,313800,0.0,0.0
1999-12-28 00:00:00-05:00,6.489911893256624,6.638991033224235,6.430280237269581,6.609175205230713,432000,0.0,0.0
1999-12-29 00:00:00-05:00,6.638992044818935,6.698623709892159,6.599237601436785,6.65886926651001,334600,0.0,0.0
1999-12-30 00:00:00-05:00,6.6389905316288145,6.738376617431641,6.619113314468248,6.738376617431641,289800,0.0,0.0
1999-12-31 00:00:00-05:00,6.6986222469614685,6.788069725036621,6.6986222469614685,6.788069725036621,230800,0.0,0.0
2000-01-03 00:00:00-05:00,6.74831585848773,6.758254467999493,6.658868372881854,6.708561420440674,305200,0.0,0.0
2000-01-04 00:00:00-05:00,6.65886926651001,6.668807877355547,6.599237601436785,6.65886926651001,492600,0.0,0.0
2000-01-05 00:00:00-05:00,6.599237191049676,6.798009395599365,6.599237191049676,6.798009395599365,580400,0.0,0.0
2000-01-06 00:00:00-05:00,6.758255220184105,6.907334379452872,6.758255220184105,6.867579936981201,687600,0.0,0.0
2000-01-07 00:00:00-05:00,6.917272941632705,7.046474878760901,6.907334331084382,6.996781826019287,724400,0.0,0.0
2000-01-10 00:00:00-05:00,6.99678235397016,7.076291244356185,6.9769051313736545,7.046475410461426,626600,0.0,0.0
2000-01-11 00:00:00-05:00,7.056415037060461,7.076292262516969,6.966967522506173,7.0067219734191895,530800,0.0,0.0
2000-01-12 00:00:00-05:00,7.00672022297851,7.01665883322387,6.9570271717517125,6.976904392242432,430400,0.0,0.0
2000-01-13 00:00:00-05:00,6.976905458598728,6.986844070363113,6.897396564483643,6.897396564483643,453200,0.0,0.0
2000-01-14 00:00:00-05:00,6.857639876278964,6.937148744409734,6.778131008148193,6.778131008148193,437000,0.0,0.0
2000-01-18 00:00:00-05:00,6.758254096352842,6.768192705318067,6.64892939773537,6.718499660491943,669600,0.0,0.0
2000-01-19 00:00:00-05:00,6.678746960826755,6.75825585321755,6.678746960826755,6.748317241668701,673600,0.0,0.0
2000-01-20 00:00:00-05:00,6.718500029952438,6.8178861250700775,6.708561420440674,6.708561420440674,439600,0.0,0.0
2000-01-21 00:00:00-05:00,6.7085607485337695,6.778131008148193,6.698622140017423,6.778131008148193,338200,0.0,0.0
2000-01-24 00:00:00-05:00,6.758254840748954,6.768193450808879,6.68868457032948,6.698623180389404,465600,0.0,0.0
2000-01-25 00:00:00-05:00,6.688684940338135,6.738377993386709,6.67874632972842,6.688684940338135,708600,0.0,0.0
2000-01-26 00:00:00-05:00,6.678745960269555,6.738377620629104,6.559482639550455,6.698623180389404,875400,0.0,0.0
2000-01-27 00:00:00-05:00,6.678745224631044,6.718499660491943,6.62905217980492,6.718499660491943,362000,0.0,0.0
2000-01-28 00:00:00-05:00,6.728439542428771,6.728439542428771,6.61911482312786,6.65886926651001,330800,0.0,0.0
2000-01-31 00:00:00-05:00,6.678746326860176,6.688684937465622,6.599237442016602,6.599237442016602,419400,0.0,0.0
2000-02-01 00:00:00-05:00,6.599239224479311,6.67874813079834,6.589300611189433,6.67874813079834,365800,0.0,0.0
2000-02-02 00:00:00-05:00,6.638991200977218,6.708561468053326,6.638991200977218,6.668807029724121,374400,0.0,0.0
2000-02-03 00:00:00-05:00,6.6389922037653655,6.688685259182771,6.599237759431441,6.629053592681885,992000,0.0,0.0
2000-02-04 00:00:00-05:00,6.6091731529749795,6.66880479044543,6.6091731529749795,6.638988971710205,290800,0.0,0.0
2000-02-07 00:00:00-05:00,6.579358536201912,6.658867400687736,6.579358536201912,6.619112968444824,254800,0.0,0.0
2000-02-08 00:00:00-05:00,6.6290534339733975,6.678746488201084,6.609176212282323,6.65886926651001,533600,0.0,0.0
2000-02-09 00:00:00-05:00,6.6688080370158085,6.67874664809929,6.619114981598403,6.629053592681885,282800,0.0,0.0
2000-02-10 00:00:00-05:00,6.599235505548143,6.629051328615378,6.499849428657358,6.5097880363464355,554400,0.0,0.0
2000-02-11 00:00:00-05:00,6.519726352927125,6.57935799639902,6.430278887719284,6.4402174949646,921000,0.0,0.0
2000-02-14 00:00:00-05:00,6.201692135534554,6.440218756132037,6.201692135534554,6.380587100982666,693800,0.0,0.0
2000-02-15 00:00:00-05:00,6.360708565956697,6.400462994493926,6.340831351688082,6.390524387359619,665400,0.0,0.0
2000-02-16 00:00:00-05:00,6.350774662621716,6.380590506108203,6.311020204639734,6.340836048126221,741600,0.0,0.0
2000-02-17 00:00:00-05:00,6.350773769222223,6.350773769222223,6.301080703735352,6.301080703735352,1126000,0.0,0.0
2000-02-18 00:00:00-05:00,6.301079379104254,6.330895212128406,6.291140768096203,6.311017990112305,524000,0.0,0.0
2000-02-22 00:00:00-05:00,6.291142090637977,6.330896543027475,6.291142090637977,6.301080703735352,489000,0.0,0.0
2000-02-23 00:00:00-05:00,6.340833929349791,6.36071115169885,6.301079484651673,6.320956707000732,408200,0.0,0.0
2000-02-24 00:00:00-05:00,6.320955321758609,6.350771148748036,6.281200885772705,6.281200885772705,468200,0.0,0.0
2000-02-25 00:00:00-05:00,6.291139494769181,6.320955321758609,6.261323667779754,6.281200885772705,718600,0.0,0.0
2000-02-28 00:00:00-05:00,6.281200081441664,6.281200081441664,6.2414456505464635,6.251384258270264,407000,0.0,0.0
2000-02-29 00:00:00-05:00,6.241450003801564,6.360713379670384,6.201695545178624,6.350774765014648,1129000,0.0,0.0
2000-03-01 00:00:00-05:00,6.360710620880127,6.380587841570377,6.29114034846425,6.360710620880127,338600,0.0,0.0
2000-03-02 00:00:00-05:00,6.28120325359279,6.4004666065091085,6.271264640849764,6.370650768280029,580800,0.0,0.0
2000-03-03 00:00:00-05:00,6.360712155537002,6.4004666065091085,6.350773542793976,6.370650768280029,715200,0.0,0.0
2000-03-06 00:00:00-05:00,6.320957704564896,6.380589381023055,6.320957704564896,6.370650768280029,324800,0.0,0.0
2000-03-07 00:00:00-05:00,6.360709882599543,6.380587100982666,6.320955445833295,6.380587100982666,1015200,0.0,0.0
2000-03-08 00:00:00-05:00,6.330893120060665,6.360708943232066,6.2414456505464635,6.251384258270264,686800,0.0,0.0
2000-03-09 00:00:00-05:00,6.251388651984079,6.3209589549473355,6.251388651984079,6.261327266693115,1255400,0.0,0.0
2000-03-10 00:00:00-05:00,6.241450037275042,6.291143110820226,6.201695578438895,6.261327266693115,971200,0.0,0.0
2000-03-13 00:00:00-05:00,6.22157393003765,6.241451163040964,6.181819464031019,6.231512546539307,373800,0.0,0.0
2000-03-14 00:00:00-05:00,6.251386218261719,6.28120205078125,6.2016931640625,6.211631774902344,648600,0.0,0.0
2000-03-15 00:00:00-05:00,6.231507042822664,6.261322865994064,6.221568435098864,6.251384258270264,1478200,0.0,0.0
2000-03-16 00:00:00-05:00,6.273277777775078,6.405026745644345,6.273277777775078,6.36448860168457,703000,0.38,0.0
2000-03-17 00:00:00-05:00,6.374622836826354,6.43543004989624,6.334084694779764,6.43543004989624,898200,0.0,0.0
2000-03-20 00:00:00-05:00,6.394890948186946,6.465832686122459,6.364487346214584,6.405025482177734,532800,0.0,0.0
2000-03-21 00:00:00-05:00,6.3847581669688225,6.486103534698486,6.344220019876957,6.486103534698486,270400,0.0,0.0
2000-03-22 00:00:00-05:00,6.506372447304883,6.516506983827164,6.4658343012157555,6.475968837738037,564800,0.0,0.0
2000-03-23 00:00:00-05:00,6.47596473679016,6.516502857208252,6.465830206685637,6.516502857208252,355200,0.0,0.0
2000-03-24 00:00:00-05:00,6.486100707629886,6.546907901763916,6.486100707629886,6.546907901763916,865400,0.0,0.0
2000-03-27 00:00:00-05:00,6.475966602517072,6.546908333687056,6.445563003444223,6.455697536468506,1166400,0.0,0.0
2000-03-28 00:00:00-05:00,6.465836524963379,6.516509225002277,6.4455674449478195,6.465836524963379,302200,0.0,0.0
2000-03-29 00:00:00-05:00,6.526637387312775,6.526637387312775,6.47596473679016,6.516502857208252,355800,0.0,0.0
2000-03-30 00:00:00-05:00,6.536775434956853,6.557044506072998,6.48610275716649,6.557044506072998,947400,0.0,0.0
2000-03-31 00:00:00-05:00,6.536771917417298,6.567175507730866,6.486099266894683,6.516502857208252,678200,0.0,0.0
2000-04-03 00:00:00-04:00,6.526641219716593,6.64825565238212,6.486103075494751,6.5773138999938965,1209000,0.0,0.0
2000-04-04 00:00:00-04:00,6.6077183102249,6.7191982203667315,6.546911086511174,6.627987384796143,1061400,0.0,0.0
2000-04-05 00:00:00-04:00,6.627986131746001,6.749600556181707,6.627986131746001,6.698927879333496,1692000,0.0,0.0
2000-04-06 00:00:00-04:00,6.688792716324059,6.759734457254769,6.648254578649368,6.719196319580078,963400,0.0,0.0
2000-04-07 00:00:00-04:00,6.83067512512207,6.850944190775252,6.759733395335936,6.83067512512207,554400,0.0,0.0
2000-04-10 00:00:00-04:00,6.911753345856513,6.972560560042934,6.830677060274619,6.952291488647461,1161600,0.0,0.0
2000-04-11 00:00:00-04:00,6.992828508363153,6.992828508363153,6.901617701732329,6.942155838012695,1167400,0.0,0.0
2000-04-12 00:00:00-04:00,6.952291349856242,7.043502169314998,6.92188774336999,7.03336763381958,2401800,0.0,0.0
2000-04-13 00:00:00-04:00,7.053633730635683,7.165113574079638,7.0232301369691505,7.11444091796875,1829000,0.0,0.0
2000-04-14 00:00:00-04:00,7.124581499548679,7.185388738520645,7.013101561433408,7.104312419891357,1112000,0.0,0.0
2000-04-17 00:00:00-04:00,7.134712044852121,7.134712044852121,6.93202136175973,7.094173908233643,606000,0.0,0.0
2000-04-18 00:00:00-04:00,7.09417269263469,7.2056525492332355,7.0840381602166405,7.1955180168151855,1607000,0.0,0.0
2000-04-19 00:00:00-04:00,7.185383484397136,7.2056525492332355,7.114441757470789,7.1955180168151855,712800,0.0,0.0
2000-04-20 00:00:00-04:00,7.154981298864815,7.185384902117782,7.134712230029504,7.165115833282471,484200,0.0,0.0
2000-04-24 00:00:00-04:00,7.175249618466429,7.266460418701172,7.175249618466429,7.266460418701172,919800,0.0,0.0
2000-04-25 00:00:00-04:00,7.286729321133491,7.286729321133491,7.225922122347954,7.256325721740723,452800,0.0,0.0
2000-04-26 00:00:00-04:00,7.2867307748820975,7.317134380340576,7.256327169423619,7.317134380340576,1246400,0.0,0.0
2000-04-27 00:00:00-04:00,7.256324660053569,7.377939039831004,7.256324660053569,7.337400913238525,441200,0.0,0.0
2000-04-28 00:00:00-04:00,7.29686344062889,7.377939701080321,7.29686344062889,7.377939701080322,425000,0.0,0.0
2000-05-01 00:00:00-04:00,7.367806145540699,7.459016950643679,7.357671611640368,7.438747882843018,854800,0.0,0.0
2000-05-02 00:00:00-04:00,7.4590163526509325,7.621168882056388,7.438747286475251,7.5198235511779785,961000,0.0,0.0
2000-05-03 00:00:00-04:00,7.590764282190281,7.6110333456941275,7.306997393136439,7.459015369415283,1188800,0.0,0.0
2000-05-04 00:00:00-04:00,7.459016189884077,7.509688854217529,7.377939926950555,7.509688854217529,731600,0.0,0.0
2000-05-05 00:00:00-04:00,7.489419788484149,7.52995791995091,7.459016189884077,7.509688854217529,709800,0.0,0.0
2000-05-08 00:00:00-04:00,7.499554485002296,7.529958084265819,7.469150885738773,7.5198235511779785,382600,0.0,0.0
2000-05-09 00:00:00-04:00,7.540093584508704,7.5704971876720455,7.499555446957582,7.550228118896484,711800,0.0,0.0
2000-05-10 00:00:00-04:00,7.590763020515443,7.590763020515443,7.489417719841004,7.499552249908447,932000,0.0,0.0
2000-05-11 00:00:00-04:00,7.529957091678744,7.570495218686435,7.428611774159514,7.459015369415283,542800,0.0,0.0
2000-05-12 00:00:00-04:00,7.398209734915382,7.42861333656572,7.337402531614708,7.408344268798828,550000,0.0,0.0
2000-05-15 00:00:00-04:00,7.377942730131603,7.4488844871521,7.357673656697176,7.4488844871521,632600,0.0,0.0
2000-05-16 00:00:00-04:00,7.459019023869313,7.469153560586527,7.438749950434886,7.4488844871521,567600,0.0,0.0
2000-05-17 00:00:00-04:00,7.418480877000459,7.479288097303741,7.408346340283245,7.4488844871521,318800,0.0,0.0
2000-05-18 00:00:00-04:00,7.45901586302885,7.519823057564412,7.418477733338476,7.489419460296631,713800,0.0,0.0
2000-05-19 00:00:00-04:00,7.459019023869313,7.489422634020955,7.428615413717672,7.4488844871521,629000,0.0,0.0
2000-05-22 00:00:00-04:00,7.4488824167433485,7.459016950643679,7.388075213341362,7.438747882843018,614800,0.0,0.0
2000-05-23 00:00:00-04:00,7.4286106349340555,7.44887969532951,7.398207044340873,7.418476104736328,993200,0.0,0.0
2000-05-24 00:00:00-04:00,7.398210333453284,7.418479402860006,7.2563268476062355,7.296864986419678,770000,0.0,0.0
2000-05-25 00:00:00-04:00,7.296863854264414,7.306998387395336,7.236056655478877,7.256325721740723,804800,0.0,0.0
2000-05-26 00:00:00-04:00,7.236059983348445,7.266463596723859,7.185387294389423,7.225925445556641,466400,0.0,0.0
2000-05-30 00:00:00-04:00,7.205652713775635,7.236056311724055,7.185383648476687,7.205652713775635,640800,0.0,0.0
2000-05-31 00:00:00-04:00,7.215786786974311,7.2461903829868435,7.185383190961779,7.236055850982666,446400,0.0,0.0
2000-06-01 00:00:00-04:00,7.195521832181227,7.276598134515663,7.195521832181227,7.225925445556641,279800,0.0,0.0
2000-06-02 00:00:00-04:00,7.205656369973032,7.276598134515663,7.1448491432222045,7.225925445556641,313200,0.0,0.0
2000-06-05 00:00:00-04:00,7.256324311788291,7.3171314987585845,7.185382593656283,7.2867279052734375,450800,0.0,0.0
2000-06-06 00:00:00-04:00,7.266459826765389,7.388074217171504,7.215787164096175,7.347536087036133,593800,0.0,0.0
2000-06-07 00:00:00-04:00,7.388072419166566,7.499552249908447,7.377937889099122,7.499552249908447,850800,0.0,0.0
2000-06-08 00:00:00-04:00,7.529958084265819,7.529958084265819,7.469150885738773,7.5198235511779785,481200,0.0,0.0
2000-06-09 00:00:00-04:00,7.519824515733143,7.580631722059826,7.519824515733143,7.550228118896484,692600,0.0,0.0
2000-06-12 00:00:00-04:00,7.529960872504117,7.580633556706702,7.529960872504117,7.545162677764893,175400,0.0,0.0
2000-06-13 00:00:00-04:00,7.590769688766164,7.600904227736479,7.5198279159739565,7.585702419281006,479000,0.0,0.0
2000-06-14 00:00:00-04:00,7.611037506831303,7.864400939149256,7.600902969538585,7.808660984039307,1422800,0.0,0.0
2000-06-15 00:00:00-04:00,7.813726222609467,7.844129826588492,7.651573668054666,7.681977272033691,986200,0.0,0.0
2000-06-16 00:00:00-04:00,7.683624890645345,7.724823951721191,7.5909270032246905,7.724823951721191,733200,0.38,0.0
2000-06-19 00:00:00-04:00,7.735123903603567,7.735123903603567,7.611526717394189,7.642426013946533,631000,0.0,0.0
2000-06-20 00:00:00-04:00,7.611529311805806,7.786625385284424,7.611529311805806,7.786625385284424,937200,0.0,0.0
2000-06-21 00:00:00-04:00,7.7042206941204805,7.74541973526551,7.663021652975451,7.714520454406738,488400,0.0,0.0
2000-06-22 00:00:00-04:00,7.745423793792725,7.77632309084243,7.704224731059785,7.745423793792725,421000,0.0,0.0
2000-06-23 00:00:00-04:00,7.704224297783015,7.755723123302955,7.704224297783015,7.740273475646973,294600,0.0,0.0
2000-06-26 00:00:00-04:00,7.7351228845222995,7.7351228845222995,7.663024535398923,7.709373474121094,419200,0.0,0.0
2000-06-27 00:00:00-04:00,7.724826255541169,7.807224402266941,7.714526487200447,7.791774749755859,427000,0.0,0.0
2000-06-28 00:00:00-04:00,7.817524170607663,7.838123707289106,7.73512602388189,7.791774749755859,432200,0.0,0.0
2000-06-29 00:00:00-04:00,7.817524170607663,7.838123707289106,7.745425792222612,7.791774749755859,532600,0.0,0.0
2000-06-30 00:00:00-04:00,7.827818880589933,7.827818880589933,7.51882603004033,7.578049659729004,1555600,0.0,0.0
2000-07-03 00:00:00-04:00,7.766020655870597,7.786620180156726,7.70422208301221,7.719671726226807,478800,0.0,0.0
2000-07-05 00:00:00-04:00,7.766022835248783,7.951418605851538,7.724823775114837,7.925669193267822,710000,0.0,0.0
2000-07-06 00:00:00-04:00,7.8999189517150326,7.951417771478495,7.8690196598569555,7.910218715667725,824200,0.0,0.0
2000-07-07 00:00:00-04:00,7.910221082725305,8.075017355282082,7.910221082725305,8.028668403625488,748400,0.0,0.0
2000-07-10 00:00:00-04:00,8.013212795957626,8.033812314713302,7.972013758446276,7.997763156890869,333800,0.0,0.0
2000-07-11 00:00:00-04:00,8.013218710972712,8.033818244934082,7.992619177011343,8.033818244934082,475800,0.0,0.0
2000-07-12 00:00:00-04:00,8.013217344080623,8.023517109304377,7.961718517961853,7.9668684005737305,737600,0.0,0.0
2000-07-13 00:00:00-04:00,7.992617020573001,7.992617020573001,7.930818435362386,7.946268081665039,252400,0.0,0.0
2000-07-14 00:00:00-04:00,7.972021625706407,7.972021625706407,7.853574275970459,7.853574275970459,375600,0.0,0.0
2000-07-17 00:00:00-04:00,7.899920257226143,7.899920257226143,7.7866228350234215,7.807222366333008,702200,0.0,0.0
2000-07-18 00:00:00-04:00,7.796922600678215,7.8175221319878005,7.766023303713836,7.807222366333008,303400,0.0,0.0
2000-07-19 00:00:00-04:00,7.766021961580022,7.8072210170791205,7.766021961580022,7.796921253204346,273000,0.0,0.0
2000-07-20 00:00:00-04:00,7.796921253204346,7.817520780953895,7.786621489329572,7.796921253204346,743400,0.0,0.0
2000-07-21 00:00:00-04:00,7.827819814336115,7.972016495126517,7.817520051422514,7.951416969299316,744400,0.0,0.0
2000-07-24 00:00:00-04:00,7.930821078692296,8.023518987404284,7.930821078692296,7.972020149230957,494200,0.0,0.0
2000-07-25 00:00:00-04:00,7.951420799830255,8.064718246459961,7.930821264079399,8.064718246459961,628000,0.0,0.0
2000-07-26 00:00:00-04:00,8.033815528773054,8.136813163757324,8.0132160017762,8.136813163757324,935600,0.0,0.0
2000-07-27 00:00:00-04:00,8.095612455518435,8.229509353637695,8.085312694124644,8.229509353637695,1025800,0.0,0.0
2000-07-28 00:00:00-04:00,8.208911977221618,8.260410797655881,8.198612213134766,8.198612213134766,586400,0.0,0.0
2000-07-31 00:00:00-04:00,8.157417727592296,8.219216346740723,8.157417727592296,8.219216346740723,626000,0.0,0.0
2000-08-01 00:00:00-04:00,8.188311790718751,8.404606819152832,8.157412500942455,8.404606819152832,1067800,0.0,0.0
2000-08-02 00:00:00-04:00,8.384011791448161,8.435510635375977,8.332512947520348,8.435510635375977,502600,0.0,0.0
2000-08-03 00:00:00-04:00,8.40460473905426,8.435504021183137,8.250108328409882,8.301607131958008,543400,0.0,0.0
2000-08-04 00:00:00-04:00,8.342813585037575,8.342813585037575,8.178017267308439,8.219216346740723,526000,0.0,0.0
2000-08-07 00:00:00-04:00,8.260412346727495,8.260412346727495,8.09561609043368,8.12651538848877,427200,0.0,0.0
2000-08-08 00:00:00-04:00,8.157413575359595,8.322209809205242,8.157413575359595,8.2655611038208,626400,0.0,0.0
2000-08-09 00:00:00-04:00,8.311908166604743,8.311908166604743,8.219210306010638,8.260409355163574,271200,0.0,0.0
2000-08-10 00:00:00-04:00,8.239807544883151,8.311905860900879,8.229507785452046,8.311905860900879,518000,0.0,0.0
2000-08-11 00:00:00-04:00,8.301609506747992,8.384007615996111,8.250110688467919,8.363408088684082,312200,0.0,0.0
2000-08-14 00:00:00-04:00,8.322208005710428,8.394306342393563,8.301608480943818,8.373706817626953,362000,0.0,0.0
2000-08-15 00:00:00-04:00,8.363407927004651,8.394307217375358,8.363407927004651,8.384007453918457,233800,0.0,0.0
2000-08-16 00:00:00-04:00,8.384007453918457,8.404606980832261,8.363407927004651,8.384007453918457,680400,0.0,0.0
2000-08-17 00:00:00-04:00,8.425214084086974,8.425214084086974,8.384014993211244,8.394314765930176,234200,0.0,0.0
2000-08-18 00:00:00-04:00,8.384007615996111,8.394307379652126,8.353108325028067,8.363408088684082,314800,0.0,0.0
2000-08-21 00:00:00-04:00,8.32220824441792,8.36340729513286,8.28100919370298,8.34280776977539,244400,0.0,0.0
2000-08-22 00:00:00-04:00,8.322211602433997,8.36341066977278,8.281012535095215,8.281012535095215,207600,0.0,0.0
2000-08-23 00:00:00-04:00,8.281011243686555,8.322210304600418,8.085315704345703,8.085315704345703,404600,0.0,0.0
2000-08-24 00:00:00-04:00,8.09561736084694,8.157415966654934,7.951420613961627,7.972020149230957,492200,0.0,0.0
2000-08-25 00:00:00-04:00,7.961713999068438,8.013212795957626,7.91021520217925,7.997763156890869,388400,0.0,0.0
2000-08-28 00:00:00-04:00,7.972019279450372,7.992618812472207,7.920520446895782,7.961719512939453,369000,0.0,0.0
2000-08-29 00:00:00-04:00,7.972014541931968,7.992614062712154,7.704220771789551,7.704220771789551,769000,0.0,0.0
2000-08-30 00:00:00-04:00,7.71452320056657,7.910218715667725,7.71452320056657,7.910218715667725,957400,0.0,0.0
2000-08-31 00:00:00-04:00,8.013216355194649,8.033815883100033,7.910218715667725,7.910218715667725,751200,0.0,0.0
2000-09-01 00:00:00-04:00,7.992614537069242,8.00291429807062,7.889616927055464,7.894766807556152,360400,0.0,0.0
2000-09-05 00:00:00-04:00,7.930817443472116,7.972016495126517,7.889618391817716,7.951416969299316,260400,0.0,0.0
2000-09-06 00:00:00-04:00,7.961716732212917,7.982316258040117,7.910217917644916,7.951416969299316,493200,0.0,0.0
2000-09-07 00:00:00-04:00,7.972018286832579,8.095615469574168,7.951418756375647,8.085315704345703,2010400,0.0,0.0
2000-09-08 00:00:00-04:00,8.085317564482736,8.322212219238281,8.07501779688467,8.322212219238281,648800,0.0,0.0
2000-09-11 00:00:00-04:00,8.281008160606643,8.281008160606643,8.178010546668748,8.229509353637695,453400,0.0,0.0
2000-09-12 00:00:00-04:00,8.208909830850116,8.260408637819063,8.16771078527496,8.229509353637695,873800,0.0,0.0
2000-09-13 00:00:00-04:00,8.208911977221618,8.21921174130847,8.167712920874207,8.198612213134766,250200,0.0,0.0
2000-09-14 00:00:00-04:00,8.157413482666016,8.178013011662648,8.126514189171068,8.157413482666016,685800,0.0,0.0
2000-09-15 00:00:00-04:00,8.178012217751032,8.178012217751032,8.11621363676047,8.136813163757324,505400,0.0,0.0
2000-09-18 00:00:00-04:00,8.13723429931761,8.158179561349314,7.969672203063965,7.969672203063965,609400,0.4075,0.0
2000-09-19 00:00:00-04:00,8.011561971647067,8.095343011873442,8.011561971647067,8.053452491760254,3106400,0.0,0.0
2000-09-20 00:00:00-04:00,7.980143836655541,8.063924874310718,7.980143836655541,8.001089096069336,337000,0.0,0.0
2000-09-21 00:00:00-04:00,7.980144345807966,7.980144345807966,7.86494541168213,7.864945411682129,1678400,0.0,0.0
2000-09-22 00:00:00-04:00,7.833527999857879,7.969672203063965,7.833527999857879,7.969672203063965,1112200,0.0,0.0
2000-09-25 00:00:00-04:00,7.927782106778982,7.959200001521831,7.833528422550433,7.896364212036133,449200,0.0,0.0
2000-09-26 00:00:00-04:00,7.896363785952995,7.969672203063965,7.87541852392129,7.969672203063965,1156800,0.0,0.0
2000-09-27 00:00:00-04:00,8.011559729288711,8.084868118968476,7.948723966706054,8.079631805419922,329800,0.0,0.0
2000-09-28 00:00:00-04:00,8.074400846348253,8.147709284641946,8.074400846348253,8.105818748474121,781800,0.0,0.0
2000-09-29 00:00:00-04:00,8.147707464794317,8.147707464794317,8.042981147766113,8.042981147766113,472600,0.0,0.0
2000-10-02 00:00:00-04:00,8.084871580493228,8.084871580493228,7.896364212036132,7.896364212036133,909800,0.0,0.0
2000-10-03 00:00:00-04:00,7.854469957198689,7.896360463637082,7.833524703979493,7.833524703979492,609200,0.0,0.0
2000-10-04 00:00:00-04:00,7.833523869514465,7.833523869514465,7.707852363586426,7.707852363586426,427600,0.0,0.0
2000-10-05 00:00:00-04:00,7.665961861610413,7.770688116550446,7.665961861610413,7.707852363586426,1281400,0.0,0.0
2000-10-06 00:00:00-04:00,7.686907112598419,7.707852363586426,7.676434487104416,7.707852363586426,839000,0.0,0.0
2000-10-09 00:00:00-04:00,7.697383494043547,7.707856124647688,7.634547710418701,7.634547710418701,228600,0.0,0.0
2000-10-10 00:00:00-04:00,7.645020865868603,7.645020865868603,7.603130340576173,7.603130340576172,883800,0.0,0.0
2000-10-11 00:00:00-04:00,7.5926534831523895,7.707852363586426,7.5926534831523895,7.707852363586426,1136000,0.0,0.0
2000-10-12 00:00:00-04:00,7.707853086702116,7.728798339655111,7.592654195460645,7.624072074890137,413600,0.0,0.0
2000-10-13 00:00:00-04:00,7.665963910561241,7.707854423733706,7.540292371043844,7.582182884216309,493800,0.0,0.0
2000-10-16 00:00:00-04:00,7.665964010756026,7.770690295055972,7.665964010756026,7.760217666625977,433000,0.0,0.0
2000-10-17 00:00:00-04:00,7.7811648314041575,7.7811648314041575,7.5612395804492625,7.655493259429932,268000,0.0,0.0
2000-10-18 00:00:00-04:00,7.613603067398071,7.624075698852539,7.519349384307861,7.540294647216797,195800,0.0,0.0
2000-10-19 00:00:00-04:00,7.582184557397997,7.665965602231124,7.582184557397997,7.634547710418701,399800,0.0,0.0
2000-10-20 00:00:00-04:00,7.603129500311774,7.749746322631836,7.603129500311774,7.749746322631836,499400,0.0,0.0
2000-10-23 00:00:00-04:00,7.718329045417045,7.770692200406305,7.624075366436375,7.655493259429932,284600,0.0,0.0
2000-10-24 00:00:00-04:00,7.686910280688055,7.707855540308459,7.540293463345232,7.59265661239624,401400,0.0,0.0
2000-10-25 00:00:00-04:00,7.592657515597542,7.592657515597542,7.456513311869587,7.519349098205566,339600,0.0,0.0
2000-10-26 00:00:00-04:00,7.498402289871993,7.634546465526093,7.466984403182584,7.613601207733154,469200,0.0,0.0
2000-10-27 00:00:00-04:00,7.582186055857272,7.791638709333992,7.582186055857272,7.781166076660156,556000,0.0,0.0
2000-10-30 00:00:00-05:00,7.739275354346972,7.812583781248771,7.72880272193243,7.8021111488342285,1158000,0.0,0.0
2000-10-31 00:00:00-05:00,7.8754202347510995,7.885892868041991,7.802111801714853,7.885892868041992,507800,0.0,0.0
2000-11-01 00:00:00-05:00,7.8754180420572055,7.885890672432281,7.833527520556901,7.864945411682129,253800,0.0,0.0
2000-11-02 00:00:00-05:00,7.8439988696828795,7.885889384340732,7.8439988696828795,7.8754167556762695,678000,0.0,0.0
2000-11-03 00:00:00-05:00,7.854471498347343,7.875416755676269,7.833526241018417,7.8754167556762695,490800,0.0,0.0
2000-11-06 00:00:00-05:00,7.917307956595169,7.959198474884033,7.843999549589658,7.959198474884033,370400,0.0,0.0
2000-11-07 00:00:00-05:00,7.927778539293212,7.959196419898072,7.917305912424925,7.948723793029785,212000,0.0,0.0
2000-11-08 00:00:00-05:00,7.9801444558536305,8.022034977931602,7.906836042217179,8.01156234741211,496800,0.0,0.0
2000-11-09 00:00:00-05:00,8.032508133590378,8.032508133590378,7.959199715161261,7.98014497756958,653400,0.0,0.0
2000-11-10 00:00:00-05:00,7.959199194814644,8.032507608451095,7.959199194814644,8.01156234741211,1197200,0.0,0.0
2000-11-13 00:00:00-05:00,7.96967272584637,8.053453779468933,7.96967272584637,8.042981147766113,258200,0.0,0.0
2000-11-14 00:00:00-05:00,8.00108835487168,8.126759899712598,8.00108835487168,8.084869384765625,289200,0.0,0.0
2000-11-15 00:00:00-05:00,8.074397293991852,8.168650958902264,8.053452035122874,8.158178329467773,411600,0.0,0.0
2000-11-16 00:00:00-05:00,8.137231532681373,8.179122042502126,8.084868395405431,8.116286277770996,672600,0.0,0.0
2000-11-17 00:00:00-05:00,8.158180855482053,8.221016651544815,8.116290324773544,8.16865348815918,424000,0.0,0.0
2000-11-20 00:00:00-05:00,8.147707507868482,8.241961193692152,8.147707507868482,8.221015930175781,876400,0.0,0.0
2000-11-21 00:00:00-05:00,8.241961145158951,8.273379040248503,8.221015881765917,8.252433776855469,474200,0.0,0.0
2000-11-22 00:00:00-05:00,8.252433825450339,8.27337908896671,8.179125403143038,8.221015930175781,577000,0.0,0.0
2000-11-24 00:00:00-05:00,8.210542256853222,8.28385066986084,8.210542256853222,8.28385066986084,93400,0.0,0.0
2000-11-27 00:00:00-05:00,8.27337803943118,8.2943233002905,8.25243277857186,8.28385066986084,421600,0.0,0.0
2000-11-28 00:00:00-05:00,8.367630415492588,8.367630415492588,8.262904127438864,8.29432201385498,411800,0.0,0.0
2000-11-29 00:00:00-05:00,8.294320953026247,8.45141036501538,8.26290307062842,8.388574600219727,822200,0.0,0.0
2000-11-30 00:00:00-05:00,8.378106472538967,8.587559134352441,8.367633839448292,8.545668601989746,1375000,0.0,0.0
2000-12-01 00:00:00-05:00,8.545662674992721,8.545662674992721,8.388573287584768,8.430463790893555,476000,0.0,0.0
2000-12-04 00:00:00-05:00,8.38857910562964,8.545668601989746,8.38857910562964,8.545668601989746,354000,0.0,0.0
2000-12-05 00:00:00-05:00,8.524724397578579,8.713231816689653,8.524724397578579,8.660868644714355,1147400,0.0,0.0
2000-12-06 00:00:00-05:00,8.681805480712962,8.870312716723618,8.671332856490148,8.838894844055176,1116000,0.0,0.0
2000-12-07 00:00:00-05:00,8.838901234352674,8.870319129735444,8.78653807538139,8.81795597076416,1032200,0.0,0.0
2000-12-08 00:00:00-05:00,8.817954553684718,8.922680854797363,8.817954553684718,8.922680854797363,906200,0.0,0.0
2000-12-11 00:00:00-05:00,8.954096684853235,9.04835033416748,8.922678801748487,9.04835033416748,536200,0.0,0.0
2000-12-12 00:00:00-05:00,9.027410397331835,9.17402727153444,8.985519861845377,9.090246200561523,917400,0.0,0.0
2000-12-13 00:00:00-05:00,9.09024300701462,9.111188267399445,9.048352486244966,9.100715637207031,875400,0.0,0.0
2000-12-14 00:00:00-05:00,9.100715305065286,9.142605824306093,9.090242675255084,9.111187934875488,837400,0.0,0.0
2000-12-15 00:00:00-05:00,9.10098151086082,9.10098151086082,8.95213368241216,9.058453559875488,507600,0.4075,0.0
2000-12-18 00:00:00-05:00,9.037187468372371,9.20729923248291,9.005291512601644,9.20729923248291,856800,0.0,0.0
2000-12-19 00:00:00-05:00,9.207301018573983,9.28172492980957,9.154141081977135,9.28172492980957,955200,0.0,0.0
2000-12-20 00:00:00-05:00,9.26046053059314,9.356148412080325,9.26046053059314,9.292356491088867,753200,0.0,0.0
2000-12-21 00:00:00-05:00,9.260464049704064,9.292360022320725,9.228568077087402,9.228568077087402,515200,0.0,0.0
2000-12-22 00:00:00-05:00,9.29236060741336,9.29236060741336,9.122248742746752,9.143512725830078,487600,0.0,0.0
2000-12-26 00:00:00-05:00,9.12224586100518,9.292357671933015,9.11161387282219,9.239197731018066,310600,0.0,0.0
2000-12-27 00:00:00-05:00,9.260460700307574,9.526260375976562,9.260460700307574,9.526260375976562,1041000,0.0,0.0
2000-12-28 00:00:00-05:00,9.526257124103482,9.738896792052222,9.441201256923987,9.728264808654785,1239600,0.0,0.0
2000-12-29 00:00:00-05:00,9.685740093726896,9.717636054518533,9.409308433532715,9.409308433532715,637400,0.0,0.0
2001-01-02 00:00:00-05:00,9.409306952364174,9.409306952364174,9.20729923248291,9.20729923248291,898200,0.0,0.0
2001-01-03 00:00:00-05:00,9.207299755044179,9.356147557088773,9.122243868161554,9.313619613647461,1108200,0.0,0.0
2001-01-04 00:00:00-05:00,9.356148204584231,9.356148204584231,9.207300392238574,9.249828338623047,1660200,0.0,0.0
2001-01-05 00:00:00-05:00,9.207301490479946,9.207301490479946,8.973397757465444,9.079717636108398,1145400,0.0,0.0
2001-01-08 00:00:00-05:00,9.07972064688186,9.07972064688186,8.877712810475824,9.00529670715332,1108400,0.0,0.0
2001-01-09 00:00:00-05:00,8.984027862548828,9.047819776365744,8.962763891276524,8.984027862548828,509600,0.0,0.0
2001-01-10 00:00:00-05:00,8.962763891276524,9.037187790729591,8.888339991823456,8.984027862548828,383600,0.0,0.0
2001-01-11 00:00:00-05:00,9.026555379231771,9.03718736436632,8.88833957248264,8.898971557617188,634200,0.0,0.0
2001-01-12 00:00:00-05:00,8.824549350990397,8.920237235519208,8.80328537665066,8.8564453125,386000,0.0,0.0
2001-01-16 00:00:00-05:00,8.86708180013562,8.90960977040006,8.739497889342303,8.792657852172852,732800,0.0,0.0
2001-01-17 00:00:00-05:00,8.792653389480792,8.8564453125,8.728861466461584,8.8564453125,886200,0.0,0.0
2001-01-18 00:00:00-05:00,8.89897507967071,8.930871047698204,8.792655186245732,8.835183143615723,793400,0.0,0.0
2001-01-19 00:00:00-05:00,8.824545327659395,8.845809292304358,8.760753433724508,8.813913345336914,616400,0.0,0.0
2001-01-22 00:00:00-05:00,8.792654293196374,8.803286281459005,8.6331744692569,8.643806457519531,1704000,0.0,0.0
2001-01-23 00:00:00-05:00,8.68633110212243,8.68633110212243,8.548115307351818,8.558747291564941,1808200,0.0,0.0
2001-01-24 00:00:00-05:00,8.580013982561416,8.792653734297758,8.580013982561416,8.728861808776855,771800,0.0,0.0
2001-01-25 00:00:00-05:00,8.728862827787033,8.84581470489502,8.696966861303036,8.84581470489502,869200,0.0,0.0
2001-01-26 00:00:00-05:00,8.813921837305072,8.824553829871181,8.760761874474522,8.792657852172852,593200,0.0,0.0
2001-01-29 00:00:00-05:00,8.835605488594867,8.845812428856522,8.78287125288864,8.810089111328125,397400,0.0,0.0
2001-01-30 00:00:00-05:00,8.81179146085541,8.903651992252746,8.81179146085541,8.888341903686523,938400,0.0,0.0
2001-01-31 00:00:00-05:00,8.871329120587173,8.922362522121563,8.845812095357525,8.910454750061035,465000,0.0,0.0
2001-02-01 00:00:00-05:00,8.867928105179773,8.896846799009252,8.784573039631564,8.837307929992676,669400,0.0,0.0
2001-02-02 00:00:00-05:00,8.862826059741744,8.871332170359114,8.82029810235541,8.844114303588867,216000,0.0,0.0
2001-02-05 00:00:00-05:00,8.886642990167314,8.886642990167314,8.7913801241921,8.806690216064453,306600,0.0,0.0
2001-02-06 00:00:00-05:00,8.808390059298398,8.820297835091743,8.736943404538325,8.811792373657227,610800,0.0,0.0
2001-02-07 00:00:00-05:00,8.81179392270755,8.828805497492207,8.76246132921988,8.803288459777832,591600,0.0,0.0
2001-02-08 00:00:00-05:00,8.784572475050563,8.828801902555986,8.735239901650269,8.786273956298828,569400,0.0,0.0
2001-02-09 00:00:00-05:00,8.828803347441255,8.862825190874887,8.658691534572831,8.71142578125,919200,0.0,0.0
2001-02-12 00:00:00-05:00,8.726735063028963,8.735240523100506,8.590645755109264,8.595748901367188,295600,0.0,0.0
2001-02-13 00:00:00-05:00,8.607654802623712,8.719928538347505,8.599149344402564,8.704618453979492,769200,0.0,0.0
2001-02-14 00:00:00-05:00,8.679106276914464,8.760759883393519,8.675703962195522,8.708024978637695,321200,0.0,0.0
2001-02-15 00:00:00-05:00,8.68420716551503,8.794780093879256,8.68420716551503,8.72673511505127,656800,0.0,0.0
2001-02-16 00:00:00-05:00,8.71822665038618,8.760754585266113,8.70972119319515,8.760754585266113,490200,0.0,0.0
2001-02-20 00:00:00-05:00,8.76926040649414,8.803282885595415,8.718227012304638,8.76926040649414,932000,0.0,0.0
2001-02-21 00:00:00-05:00,8.799883391866775,8.801584873275562,8.599151414681351,8.611059188842773,770200,0.0,0.0
2001-02-22 00:00:00-05:00,8.612760120464078,8.634874185966503,8.437544535269986,8.446050643920898,762600,0.0,0.0
2001-02-23 00:00:00-05:00,8.446051957774216,8.548118788212694,8.439247329364962,8.454557418823242,1440000,0.0,0.0
2001-02-26 00:00:00-05:00,8.505587283922802,8.675699029601256,8.471564805002147,8.660388946533203,745400,0.0,0.0
2001-02-27 00:00:00-05:00,8.760756693891583,8.777767612367997,8.709723289537397,8.776066780090332,405600,0.0,0.0
2001-02-28 00:00:00-05:00,8.667195328508758,8.862823486328125,8.667195328508758,8.862823486328125,1018600,0.0,0.0
2001-03-01 00:00:00-05:00,8.845814736774035,9.04144359148427,8.845814736774035,9.03123664855957,759200,0.0,0.0
2001-03-02 00:00:00-05:00,9.031236091874856,9.100981908581751,9.015926002894071,9.061856269836426,973600,0.0,0.0
2001-03-05 00:00:00-05:00,9.056748470526463,9.056748470526463,8.854315103671635,8.973393440246582,560400,0.0,0.0
2001-03-06 00:00:00-05:00,8.973401077697309,8.973401077697309,8.87643736441157,8.946183204650879,553800,0.0,0.0
2001-03-07 00:00:00-05:00,8.946179220608869,8.981902541399993,8.854318696638842,8.898548126220703,454400,0.0,0.0
2001-03-08 00:00:00-05:00,8.983605941250186,9.007421493530273,8.922365578858459,9.007421493530273,732000,0.0,0.0
2001-03-09 00:00:00-05:00,9.007412429429948,9.007412429429948,8.94787295971878,8.95467758178711,253200,0.0,0.0
2001-03-12 00:00:00-05:00,8.922360050289813,9.100977230638902,8.9138545938779,9.03293228149414,1004000,0.0,0.0
2001-03-13 00:00:00-05:00,9.186036421250199,9.186036421250199,9.092475068966902,9.11799144744873,965600,0.0,0.0
2001-03-14 00:00:00-05:00,9.119695107841286,9.16222306439796,8.99040975651093,9.0686616897583,443800,0.0,0.0
2001-03-15 00:00:00-05:00,9.068656143439727,9.075460119144447,8.956382432752827,9.02953052520752,613000,0.0,0.0
2001-03-16 00:00:00-05:00,9.121965370280588,9.140969570523689,9.004485458818017,9.111599922180176,690600,0.4075,0.0
2001-03-19 00:00:00-05:00,9.199705756743366,9.343100547790527,9.156514649904196,9.343100547790527,717400,0.0,0.0
2001-03-20 00:00:00-05:00,9.343103441785914,9.343103441785914,9.14442402516784,9.151334762573242,498400,0.0,0.0
2001-03-21 00:00:00-05:00,9.191067356454312,9.242896551100285,8.854176602689526,8.96129035949707,838400,0.0,0.0
2001-03-22 00:00:00-05:00,8.918105512067578,9.007943153381348,8.802353584768415,9.007943153381348,766800,0.0,0.0
2001-03-23 00:00:00-05:00,9.007939500741491,9.215256999781362,8.942288816585965,8.96474838256836,1344000,0.0,0.0
2001-03-26 00:00:00-05:00,8.983751801476142,9.078772121413703,8.949198778123183,9.018304824829102,1455800,0.0,0.0
2001-03-27 00:00:00-05:00,8.983751611802184,9.00102779359186,8.845540180352508,8.897369384765625,1043800,0.0,0.0
2001-03-28 00:00:00-05:00,8.897369702657063,8.918101253354203,8.776434448676202,8.81098747253418,895400,0.0,0.0
2001-03-29 00:00:00-05:00,8.84553865052775,8.99238814747483,8.8196237232811,8.880091667175293,1114400,0.0,0.0
2001-03-30 00:00:00-05:00,8.88009338314414,9.045947104248759,8.871454633029941,8.988934516906738,546400,0.0,0.0
2001-04-02 00:00:00-04:00,9.044218968583033,9.044218968583033,8.95783674095934,9.004483222961426,400200,0.0,0.0
2001-04-03 00:00:00-04:00,9.004481748227928,9.004481748227928,8.87490842801361,8.931921005249023,662200,0.0,0.0
2001-04-04 00:00:00-04:00,8.931921726305452,9.00448247514204,8.931921726305452,9.00102710723877,1202800,0.0,0.0
2001-04-05 00:00:00-04:00,9.009665617139651,9.070132906230244,8.966474508062365,9.032124519348145,1326800,0.0,0.0
2001-04-06 00:00:00-04:00,9.075318170342003,9.096050383017708,8.982025849478164,8.983753204345703,768000,0.0,0.0
2001-04-09 00:00:00-04:00,8.995845070863776,9.026942725320465,8.897369384765625,8.897369384765625,467000,0.0,0.0
2001-04-10 00:00:00-04:00,8.914643830442037,8.978567140511869,8.912916476217104,8.921554565429688,746400,0.0,0.0
2001-04-11 00:00:00-04:00,8.914649340821128,8.916377355158154,8.690055587246853,8.750523567199707,732200,0.0,0.0
2001-04-12 00:00:00-04:00,8.785070788031678,8.785070788031678,8.71769276741887,8.767794609069824,594400,0.0,0.0
2001-04-16 00:00:00-04:00,8.802350996335857,8.869729042746789,8.733244935940718,8.772980690002441,330800,0.0,0.0
2001-04-17 00:00:00-04:00,8.776435124107365,8.966476440429688,8.750520848502616,8.966476440429688,416800,0.0,0.0
2001-04-18 00:00:00-04:00,8.96647681735365,9.121964454650879,8.698691344871845,9.121964454650879,1151000,0.0,0.0
2001-04-19 00:00:00-04:00,9.139240958853005,9.154789787909879,8.906008522999892,9.044219970703125,582400,0.0,0.0
2001-04-20 00:00:00-04:00,9.078767776489258,9.134052323778226,8.97510941508339,9.078767776489258,345400,0.0,0.0
2001-04-23 00:00:00-04:00,9.099500683863726,9.139237076050316,8.987204218645799,9.071858406066895,303400,0.0,0.0
2001-04-24 00:00:00-04:00,9.071857307746905,9.087406128315386,8.823076837695007,8.840353012084961,983800,0.0,0.0
2001-04-25 00:00:00-04:00,8.861088044436151,9.096047781883998,8.861088044436151,8.992388725280762,425000,0.0,0.0
2001-04-26 00:00:00-04:00,9.026942890402266,9.127146591938331,9.004483326429682,9.113325119018555,480000,0.0,0.0
2001-04-27 00:00:00-04:00,9.108139976233414,9.234257917419345,9.094318506985896,9.173789978027344,258600,0.0,0.0
2001-04-30 00:00:00-04:00,9.173789934507582,9.286087064957192,9.068404197692871,9.068404197692871,761000,0.0,0.0
2001-05-01 00:00:00-04:00,9.070133701452946,9.108142091667426,8.880093068468707,9.037308692932129,507600,0.0,0.0
2001-05-02 00:00:00-04:00,9.037307266829828,9.037307266829828,8.776432617232668,8.880091667175293,1655200,0.0,0.0
2001-05-03 00:00:00-04:00,8.880092842053054,8.96647506557869,8.862816001921487,8.944015502929688,510000,0.0,0.0
2001-05-04 00:00:00-04:00,8.892185023395658,8.914643923774717,8.767794428491463,8.838627815246582,712800,0.0,0.0
2001-05-07 00:00:00-04:00,8.871454525735496,8.928467112387986,8.819625320897655,8.842084884643555,310600,0.0,0.0
2001-05-08 00:00:00-04:00,8.850724843185914,8.850724843185914,8.772980690002441,8.772980690002441,341200,0.0,0.0
2001-05-09 00:00:00-04:00,8.776433077430008,8.826534921243864,8.769522341929337,8.78852653503418,257600,0.0,0.0
2001-05-10 00:00:00-04:00,8.788529520639136,8.809261734184219,8.75052178056162,8.772980690002441,280600,0.0,0.0
2001-05-11 00:00:00-04:00,8.767792809987908,8.862813092868661,8.750516634570987,8.809256553649902,567200,0.0,0.0
2001-05-14 00:00:00-04:00,8.77470898470842,8.945745468139648,8.76779824663897,8.945745468139648,418400,0.0,0.0
2001-05-15 00:00:00-04:00,8.945741360582765,8.957834817129303,8.890456799500322,8.937103271484375,467200,0.0,0.0
2001-05-16 00:00:00-04:00,8.937105606792162,9.02694320678711,8.916374055729984,9.02694320678711,458600,0.0,0.0
2001-05-17 00:00:00-04:00,9.026945152168842,9.089140477803117,9.009668965734551,9.066680908203125,274400,0.0,0.0
2001-05-18 00:00:00-04:00,9.083949865922145,9.125412940979004,9.018299228197806,9.125412940979004,360400,0.0,0.0
2001-05-21 00:00:00-04:00,9.139241797077048,9.15651798248291,9.02003387702623,9.15651798248291,994800,0.0,0.0
2001-05-22 00:00:00-04:00,9.15479161715088,9.268816166670087,9.15479161715088,9.19625473022461,397000,0.0,0.0
2001-05-23 00:00:00-04:00,9.197977126413203,9.272265213550117,9.159968746773563,9.237712860107422,1500600,0.0,0.0
2001-05-24 00:00:00-04:00,9.237716880482067,9.325826474577617,9.210074590271287,9.272269248962402,869800,0.0,0.0
2001-05-25 00:00:00-04:00,9.272267255784751,9.272267255784751,9.113324286000388,9.260173797607422,506600,0.0,0.0
2001-05-29 00:00:00-04:00,9.253266747959751,9.253266747959751,9.192798778247417,9.216985702514648,548200,0.0,0.0
2001-05-30 00:00:00-04:00,9.230799213447005,9.230799213447005,9.125412855182471,9.170331954956055,780400,0.0,0.0
2001-05-31 00:00:00-04:00,9.1703355610285,9.282632036533682,9.147876002309882,9.268811225891113,468000,0.0,0.0
2001-06-01 00:00:00-04:00,9.27744990023006,9.286087989807129,9.208343865525528,9.286087989807129,337200,0.0,0.0
2001-06-04 00:00:00-04:00,9.286088281916342,9.313730564858892,9.22562099393077,9.294726371765137,574200,0.0,0.0
2001-06-05 00:00:00-04:00,9.294723531301385,9.327549185356911,9.270536623498664,9.32409381866455,462800,0.0,0.0
2001-06-06 00:00:00-04:00,9.327552596281498,9.38110915198828,9.30163766613405,9.36901569366455,781400,0.0,0.0
2001-06-07 00:00:00-04:00,9.370743792752487,9.381109237670898,9.320641945499977,9.381109237670898,751400,0.0,0.0
2001-06-08 00:00:00-04:00,9.38111151987411,9.415664549110884,9.32582693671296,9.363835334777832,402000,0.0,0.0
2001-06-11 00:00:00-04:00,9.398386651530602,9.571151107190767,9.398386651530602,9.552146911621094,706400,0.0,0.0
2001-06-12 00:00:00-04:00,9.586699585375158,9.73527645823408,9.584971571816803,9.666171073913574,1304400,0.0,0.0
2001-06-13 00:00:00-04:00,9.657532322060952,9.68517460570547,9.636800115044544,9.674808502197266,770200,0.0,0.0
2001-06-14 00:00:00-04:00,9.65753493064649,9.75428262001269,9.61607116445797,9.70590877532959,1538600,0.0,0.0
2001-06-15 00:00:00-04:00,9.749101253187098,9.845849615062212,9.723186313332102,9.833755493164062,1555800,0.0,0.0
2001-06-18 00:00:00-04:00,9.815347036405713,10.02567603519504,9.815347036405713,10.02392292022705,1844600,0.4075,0.0
2001-06-19 00:00:00-04:00,9.990620170191207,10.078257189227973,9.973093033830812,10.032686233520508,1085800,0.0,0.0
2001-06-20 00:00:00-04:00,10.025676139759643,10.037945270193715,9.920511304959415,10.004643440246582,768000,0.0,0.0
2001-06-21 00:00:00-04:00,9.969587441654728,10.034438648326237,9.93453250042618,9.96432876586914,661600,0.0,0.0
2001-06-22 00:00:00-04:00,9.938041971374615,9.990624069596327,9.87669563293457,9.87669563293457,343400,0.0,0.0
2001-06-25 00:00:00-04:00,9.902991223346897,9.950315332435983,9.8153541328748,9.855667114257812,550800,0.0,0.0
2001-06-26 00:00:00-04:00,9.829369349678608,9.999384728789774,9.64007304887344,9.988868713378906,855000,0.0,0.0
2001-06-27 00:00:00-04:00,9.953813560178565,9.955566006504535,9.745237010663553,9.834627151489258,1158200,0.0,0.0
2001-06-28 00:00:00-04:00,9.834630274618796,9.876695685975006,9.78029506061456,9.832877159118652,937200,0.0,0.0
2001-06-29 00:00:00-04:00,9.850405122362751,9.97309713316898,9.843393997489786,9.911750793457031,1372600,0.0,0.0
2001-07-02 00:00:00-04:00,9.911747412227202,9.981857299804688,9.87669246843846,9.981857299804688,937400,0.0,0.0
2001-07-03 00:00:00-04:00,9.987119818645608,10.008152526972577,9.920515462222841,9.990625381469727,363200,0.0,0.0
2001-07-05 00:00:00-04:00,9.990620868597514,10.008148006183164,9.973093731011861,9.981857299804688,355800,0.0,0.0
2001-07-06 00:00:00-04:00,9.981855748550478,9.981855748550478,9.850400231234932,9.901229858398438,391000,0.0,0.0
2001-07-09 00:00:00-04:00,9.841638428797324,9.876692704807546,9.685643958635032,9.71894645690918,788200,0.0,0.0
2001-07-10 00:00:00-04:00,9.736478111642173,9.755758373562335,9.724208975623483,9.727714538574219,329400,0.0,0.0
2001-07-11 00:00:00-04:00,9.727711983657064,9.727711983657064,9.62605269063916,9.675129890441895,503800,0.0,0.0
2001-07-12 00:00:00-04:00,9.661105619533531,9.806583404541016,9.64007292037469,9.806583404541016,645800,0.0,0.0
2001-07-13 00:00:00-04:00,9.850402093909688,9.885457038879395,9.799572457134486,9.885457038879395,452600,0.0,0.0
2001-07-16 00:00:00-04:00,9.885457038879395,9.920511315231638,9.86792923208581,9.885457038879395,666800,0.0,0.0
2001-07-17 00:00:00-04:00,9.894220096830974,9.902983665466309,9.832873779148779,9.902983665466309,415800,0.0,0.0
2001-07-18 00:00:00-04:00,9.894222440941451,9.955568104540054,9.859167489477569,9.920513153076172,272600,0.0,0.0
2001-07-19 00:00:00-04:00,9.938037072037671,9.985361137692294,9.892465452392186,9.948553085327148,393400,0.0,0.0
2001-07-20 00:00:00-04:00,9.966084790564494,9.973095914580789,9.866178613493863,9.920513153076172,399000,0.0,0.0
2001-07-23 00:00:00-04:00,9.902986732994405,9.943299696098142,9.85391019854075,9.938041687011719,263000,0.0,0.0
2001-07-24 00:00:00-04:00,9.955564569442704,9.9660812517328,9.867927556210606,9.927520751953125,661000,0.0,0.0
2001-07-25 00:00:00-04:00,9.927525288759028,9.946805547459801,9.881954315244373,9.945053100585938,570000,0.0,0.0
2001-07-26 00:00:00-04:00,9.929278115661798,9.943299696098142,9.917008982048385,9.938041687011719,317400,0.0,0.0
2001-07-27 00:00:00-04:00,9.902983991811503,9.952060512680594,9.89947843051836,9.925769805908203,707200,0.0,0.0
2001-07-30 00:00:00-04:00,9.90824320767875,9.967836419694216,9.857414234273596,9.917007446289062,620200,0.0,0.0
2001-07-31 00:00:00-04:00,9.934536124748224,9.97660153467489,9.920513875694244,9.938041687011719,280400,0.0,0.0
2001-08-01 00:00:00-04:00,9.981860681425287,9.981860681425287,9.885460054811052,9.971343994140625,590200,0.0,0.0
2001-08-02 00:00:00-04:00,9.988873308204495,10.051971435546875,9.95732391022442,10.051971435546875,957600,0.0,0.0
2001-08-03 00:00:00-04:00,10.034443363410515,10.076509446374681,10.034443363410515,10.060734748840332,821000,0.0,0.0
2001-08-06 00:00:00-04:00,10.122076180170719,10.130839748767729,10.055471855322084,10.125581741333008,1094600,0.0,0.0
2001-08-07 00:00:00-04:00,10.125583840450224,10.139605419388742,9.990622716501965,10.085270881652832,1031800,0.0,0.0
2001-08-08 00:00:00-04:00,10.085270591655053,10.094034161816829,10.051968088975737,10.078259468078613,1331800,0.0,0.0
2001-08-09 00:00:00-04:00,10.00815290153208,10.051971435546875,9.9152578233784,10.051971435546875,814600,0.0,0.0
2001-08-10 00:00:00-04:00,10.078259468078613,10.095786608402166,10.016913808328631,10.078259468078613,424000,0.0,0.0
2001-08-13 00:00:00-04:00,10.094029920387062,10.095782366236035,9.990618231248744,10.0169095993042,533600,0.0,0.0
2001-08-14 00:00:00-04:00,10.018666542996568,10.095786898702329,10.008149857329505,10.085270881652832,632200,0.0,0.0
2001-08-15 00:00:00-04:00,10.113317601922024,10.286838619064824,10.113317601922024,10.258794784545898,412600,0.0,0.0
2001-08-16 00:00:00-04:00,10.279824042630604,10.279824042630604,10.104549979967627,10.244769096374512,747000,0.0,0.0
2001-08-17 00:00:00-04:00,10.244768329992661,10.281575719930235,10.174658442725196,10.271059036254883,594000,0.0,0.0
2001-08-20 00:00:00-04:00,10.279820403257558,10.427050590515137,10.279820403257558,10.427050590515137,639400,0.0,0.0
2001-08-21 00:00:00-04:00,10.462108481893306,10.586553573608398,10.455098027588182,10.586553573608398,939600,0.0,0.0
2001-08-22 00:00:00-04:00,10.516443387473753,10.674190305732846,10.49891624927495,10.639135360717773,1077000,0.0,0.0
2001-08-23 00:00:00-04:00,10.621610338490528,10.621610338490528,10.488402314852049,10.532220840454102,460800,0.0,0.0
2001-08-24 00:00:00-04:00,10.516447822207475,10.516447822207475,10.39375579722484,10.406024932861328,620200,0.0,0.0
2001-08-27 00:00:00-04:00,10.406021757404243,10.525208183174927,10.406021757404243,10.518197059631348,895200,0.0,0.0
2001-08-28 00:00:00-04:00,10.507684707641602,10.533975427172983,10.47788775649804,10.507684707641602,604600,0.0,0.0
2001-08-29 00:00:00-04:00,10.493664423966978,10.504181114922817,10.314884689425103,10.372725486755371,827600,0.0,0.0
2001-08-30 00:00:00-04:00,10.341171476353773,10.446335664598466,10.169402945624721,10.241265296936035,565000,0.0,0.0
2001-08-31 00:00:00-04:00,10.258795986957367,10.349938626980945,10.253537976311836,10.325400352478027,487600,0.0,0.0
2001-09-04 00:00:00-04:00,10.281577689851872,10.306115954511718,10.220232028202261,10.295599937438965,704200,0.0,0.0
2001-09-05 00:00:00-04:00,10.269310433751272,10.334161669146143,10.239513486493506,10.286837577819824,408400,0.0,0.0
2001-09-06 00:00:00-04:00,10.286835140733537,10.288588255895668,10.16239070892334,10.16239070892334,631600,0.0,0.0
2001-09-07 00:00:00-04:00,10.165897576952831,10.209716100991422,10.148370434784441,10.200952529907227,851400,0.0,0.0
2001-09-10 00:00:00-04:00,10.202703766043891,10.22023157475008,10.165896370687198,10.209714889526367,727200,0.0,0.0
2001-09-17 00:00:00-04:00,10.0344411582624,10.293846718451496,10.0344411582624,10.113314628601074,1862200,0.0,0.0
2001-09-18 00:00:00-04:00,10.183601660755118,10.49855849712407,10.15157210595193,10.406028747558594,1891400,0.4325,0.0
2001-09-19 00:00:00-04:00,10.40958270443579,10.45940613093548,10.000317195404662,10.187155723571777,1013200,0.0,0.0
2001-09-20 00:00:00-04:00,10.187159343165654,10.210291947456861,10.059041139452527,10.0892915725708,1027600,0.0,0.0
2001-09-21 00:00:00-04:00,10.009219849406403,10.082175913601441,9.891778363658448,9.993205070495605,1078000,0.0,0.0
2001-09-24 00:00:00-04:00,9.9647317326987,10.160467263073604,9.866863967511248,9.884657859802246,1169200,0.0,0.0
2001-09-25 00:00:00-04:00,9.911352113134612,10.018116853940764,9.875763639934673,9.93270492553711,1076400,0.0,0.0
2001-09-26 00:00:00-04:00,9.964732244101418,10.178262356519438,9.938040725501597,10.110644340515137,842200,0.0,0.0
2001-09-27 00:00:00-04:00,10.151574781736787,10.260119337314384,10.098192402591973,10.213854789733887,1013000,0.0,0.0
2001-09-28 00:00:00-04:00,10.249437498295697,10.45407064195344,10.249437498295697,10.391791343688965,704400,0.0,0.0
2001-10-01 00:00:00-04:00,10.391792895567288,10.498557616762712,10.292145324669628,10.363322257995605,699800,0.0,0.0
2001-10-02 00:00:00-04:00,10.41849050650664,10.569741418410283,10.007445451888962,10.014562606811523,2460000,0.0,0.0
2001-10-03 00:00:00-04:00,9.920247009844863,9.922026127679718,9.567922623506492,9.735187530517578,2863600,0.0,0.0
2001-10-04 00:00:00-04:00,9.736966653165215,10.027011034510675,9.736966653165215,9.884657859802246,1975000,0.0,0.0
2001-10-05 00:00:00-04:00,9.857965622711133,9.875759512477522,9.626640982987762,9.804582595825195,841600,0.0,0.0
2001-10-08 00:00:00-04:00,9.804588440360025,9.870427365087826,9.769000639613285,9.79569149017334,503800,0.0,0.0
2001-10-09 00:00:00-04:00,9.804584542948357,9.822379115042011,9.749423066441828,9.783231735229492,530000,0.0,0.0
2001-10-10 00:00:00-04:00,9.751196227026027,9.751196227026027,9.63553463364842,9.685358047485352,729200,0.0,0.0
2001-10-11 00:00:00-04:00,9.751207398068997,9.87576675415039,9.751207398068997,9.87576675415039,1316600,0.0,0.0
2001-10-12 00:00:00-04:00,9.964731613398808,9.964731613398808,9.786789977445258,9.8935546875,478800,0.0,2.0
2001-10-15 00:00:00-04:00,9.925587196200803,9.9291461114364,9.804586793365182,9.850852012634277,699200,0.0,0.0
2001-10-16 00:00:00-04:00,9.847288350954937,9.889994634403786,9.690699550033624,9.751199722290039,562500,0.0,0.0
2001-10-17 00:00:00-04:00,9.626644375162464,9.786792154665346,9.608850479125977,9.608850479125977,1219600,0.0,0.0
2001-10-18 00:00:00-04:00,9.658671691298386,9.69781906805306,9.512759605495376,9.519877433776855,1059600,0.0,0.0
2001-10-19 00:00:00-04:00,9.548353963623134,9.587501364548888,9.252970695495605,9.252970695495605,945400,0.0,0.0
2001-10-22 00:00:00-04:00,9.110612759521084,9.288554412328942,8.850818109332058,8.986053466796875,2138200,0.0,0.0
2001-10-23 00:00:00-04:00,8.91488270690321,9.16400146484375,8.91488270690321,9.16400146484375,2779400,0.0,0.0
2001-10-24 00:00:00-04:00,9.181791272024157,9.199585848958405,8.936232219474858,9.035879135131836,892100,0.0,0.0
2001-10-25 00:00:00-04:00,9.00384992185711,9.107056435665399,8.993173854079515,9.064350128173828,630200,0.0,0.0
2001-10-26 00:00:00-04:00,9.064342687033783,9.181784087732929,9.035872065009539,9.128401756286621,698300,0.0,0.0
2001-10-29 00:00:00-05:00,9.210261689817694,9.249409079316587,9.04299674351152,9.110614776611328,416500,0.0,0.0
2001-10-30 00:00:00-05:00,9.082143498937016,9.199584980440786,9.042996112171213,9.12129020690918,534200,0.0,0.0
2001-10-31 00:00:00-05:00,9.146197665263292,9.28855079633337,9.114168125923365,9.23516845703125,592500,0.0,0.0
2001-11-01 00:00:00-05:00,9.270755383262433,9.455814776133856,9.18178459962731,9.402432441711426,992500,0.0,0.0
2001-11-02 00:00:00-05:00,9.423793198147811,9.430911029760026,9.224498664562311,9.324146270751953,440400,0.0,0.0
2001-11-05 00:00:00-05:00,9.359731623856089,9.430908563779413,9.320584917812505,9.420231819152832,393200,0.0,0.0
2001-11-06 00:00:00-05:00,9.484291033909477,9.623086000411108,9.359731727066933,9.505643844604492,753400,0.0,0.0
2001-11-07 00:00:00-05:00,9.644441243199322,9.644441243199322,9.462940609537624,9.47005844116211,931900,0.0,0.0
2001-11-08 00:00:00-05:00,9.537670402279739,9.569699947651932,9.398876158195833,9.459376335144043,719200,0.0,0.0
2001-11-09 00:00:00-05:00,9.430913641681268,9.466502130804898,9.260089708440614,9.38109016418457,459400,0.0,0.0
2001-11-12 00:00:00-05:00,9.395317996312702,9.537671165585396,9.341935642684623,9.534112930297852,427800,0.0,0.0
2001-11-13 00:00:00-05:00,9.519881186776121,9.697822891201843,9.502087287851044,9.580381393432617,903300,0.0,0.0
2001-11-14 00:00:00-05:00,9.573261167855271,9.729850018645728,9.559026188034446,9.69426155090332,439300,0.0,0.0
2001-11-15 00:00:00-05:00,9.626640982987762,9.804582595825195,9.608847093221373,9.804582595825195,476300,0.0,0.0
2001-11-16 00:00:00-05:00,9.751202378100485,9.929144029813244,9.751202378100485,9.82593822479248,344200,0.0,0.0
2001-11-19 00:00:00-05:00,9.893559573016612,9.97897219778999,9.769000909375869,9.81170654296875,392500,0.0,0.0
2001-11-20 00:00:00-05:00,9.808140389308218,9.907787925481635,9.761875873923639,9.779669761657715,501800,0.0,0.0
2001-11-21 00:00:00-05:00,9.822376133723221,9.83661110828398,9.537669175781595,9.676464080810547,770000,0.0,0.0
2001-11-23 00:00:00-05:00,9.722733530294924,9.922028026828055,9.676468991004498,9.907793045043945,246000,0.0,0.0
2001-11-26 00:00:00-05:00,9.907795884068383,9.964737185108351,9.786795449659987,9.946943283081055,786500,0.0,0.0
2001-11-27 00:00:00-05:00,9.911353457645717,9.99320648195367,9.779676292581556,9.939824104309082,690600,0.0,0.0
2001-11-28 00:00:00-05:00,10.231644672427553,10.373997853850451,10.160467742319348,10.171144485473633,4870600,0.0,0.0
2001-11-29 00:00:00-05:00,10.14267745686134,10.192500918382798,10.064383348928514,10.16758918762207,2694600,0.0,0.0
2001-11-30 00:00:00-05:00,10.171143106479017,10.313496268601797,10.142672474054459,10.302820205688477,31955700,0.0,0.0
2001-12-03 00:00:00-05:00,10.142673846780406,10.317056578831235,10.142673846780406,10.210291862487793,2827700,0.0,0.0
2001-12-04 00:00:00-05:00,10.160473475128814,10.3135034860496,10.160473475128814,10.277915000915527,1685700,0.0,0.0
2001-12-05 00:00:00-05:00,10.267232657993661,10.334850670559291,10.249438086900875,10.285026550292969,2803500,0.0,0.0
2001-12-06 00:00:00-05:00,10.309941431333309,10.381118379935348,10.235206246215487,10.374000549316406,1215400,0.0,0.0
2001-12-07 00:00:00-05:00,10.377555687632261,10.409585234966404,10.317055506978155,10.391791343688965,1182300,0.0,0.0
2001-12-10 00:00:00-05:00,10.249438521230072,10.317056536661074,10.231644628176733,10.270792007446289,949700,0.0,0.0
2001-12-11 00:00:00-05:00,10.32061896108375,10.409589814196542,10.274354416134345,10.388236999511719,671300,0.0,0.0
2001-12-12 00:00:00-05:00,10.398915001164262,10.402473917405814,10.203179359436035,10.203179359436035,1099000,0.0,0.0
2001-12-13 00:00:00-05:00,10.199619029966938,10.213854692960691,10.01811839955921,10.071500778198242,1135800,0.0,0.0
2001-12-14 00:00:00-05:00,10.07150299905982,10.17826845867445,10.035915191315533,10.139121055603027,975800,0.0,0.0
2001-12-17 00:00:00-05:00,10.1426756983218,10.249440434155101,10.139116783288204,10.231646537780762,1802400,0.0,0.0
2001-12-18 00:00:00-05:00,10.261633758108546,10.294153075588685,10.211048459438555,10.290539741516113,1966400,0.433,0.0
2001-12-19 00:00:00-05:00,10.225500041894188,10.272472690773903,10.124329455087913,10.15323543548584,1055300,0.0,0.0
2001-12-20 00:00:00-05:00,10.117108882648587,10.160468223953355,10.099042892456055,10.099042892456055,2054700,0.0,0.0
2001-12-21 00:00:00-05:00,10.113492570572879,10.135171890258789,10.073746576837753,10.135171890258789,2283800,0.0,0.0
2001-12-24 00:00:00-05:00,10.149621248565724,10.2869244716203,10.12432860399037,10.258018493652344,251900,0.0,0.0
2001-12-26 00:00:00-05:00,10.207436498796204,10.355579769839574,10.189370515175538,10.333900451660156,488500,0.0,0.0
2001-12-27 00:00:00-05:00,10.279703027569239,10.442298966907332,10.279703027569239,10.315834999084473,785700,0.0,0.0
2001-12-28 00:00:00-05:00,10.297765806629458,10.424229735071782,10.25801982333168,10.395323753356934,532900,0.0,0.0
2001-12-31 00:00:00-05:00,10.388101030752226,10.46036635707023,9.575119210954226,10.373647689819336,824100,0.0,0.0
2002-01-02 00:00:00-05:00,10.319444846200224,10.424229457863143,10.171301607704537,10.388096809387207,1025000,0.0,0.0
2002-01-03 00:00:00-05:00,10.370035475880563,10.456753457571782,10.337516146599699,10.4495267868042,835500,0.0,0.0
2002-01-04 00:00:00-05:00,10.449525636879653,10.453138971865812,10.301382348313014,10.315834999084473,565100,0.0,0.0
2002-01-07 00:00:00-05:00,10.315836225896764,10.362808897129888,10.254410902173397,10.323062896728516,1190700,0.0,0.0
2002-01-08 00:00:00-05:00,10.32306507159828,10.33390508012969,10.272479743465194,10.297772407531738,782100,0.0,0.0
2002-01-09 00:00:00-05:00,10.279704345717882,10.32667632821473,10.221892356872559,10.221892356872559,1179500,0.0,0.0
2002-01-10 00:00:00-05:00,10.174922672165962,10.196602002053853,10.15324334227807,10.167695999145508,875900,0.0,0.0
2002-01-11 00:00:00-05:00,10.189368599693232,10.207434579917704,10.099037320224934,10.10987663269043,1202000,0.0,0.0
2002-01-14 00:00:00-05:00,10.153240601858426,10.16407991929004,10.059295945469156,10.106267929077148,1254300,0.0,0.0
2002-01-15 00:00:00-05:00,10.10626941111681,10.14601541865673,9.99064541373528,10.023164749145508,1031800,0.0,0.0
2002-01-16 00:00:00-05:00,10.070131492478748,10.095424140849282,9.918374913082552,9.954506874084473,848900,0.0,0.0
2002-01-17 00:00:00-05:00,9.936440013329133,9.94005334694382,9.864174719381207,9.885854721069336,1289000,0.0,0.0
2002-01-18 00:00:00-05:00,9.86417494262757,9.911147591508685,9.7232583743301,9.828042984008789,1207500,0.0,0.0
2002-01-22 00:00:00-05:00,9.828045369493188,9.979801975714746,9.809978696625679,9.943669319152832,916900,0.0,0.0
2002-01-23 00:00:00-05:00,9.914761579147765,9.990639524259372,9.875015595038077,9.954506874084473,2587000,0.0,0.0
2002-01-24 00:00:00-05:00,9.936444817591465,9.958124140588609,9.864179488703318,9.918378829956055,1353700,0.0,0.0
2002-01-25 00:00:00-05:00,9.921987132714607,9.947280469174373,9.849722524634126,9.936440467834473,683400,0.0,0.0
2002-01-28 00:00:00-05:00,9.918379647305006,9.932832300769691,9.860567655099647,9.914766311645508,537600,0.0,0.0
2002-01-29 00:00:00-05:00,9.9147668358156,9.9147668358156,9.726877506628265,9.806368827819824,816900,0.0,0.0
2002-01-30 00:00:00-05:00,9.8099786037183,9.856951263555855,9.755779963975279,9.781072616577148,899600,0.0,0.0
2002-01-31 00:00:00-05:00,9.763007527781335,9.773846843219449,9.636543564009143,9.676289558410645,1548400,0.0,0.0
2002-02-01 00:00:00-05:00,9.665451049804688,9.665451049804688,9.622091713821664,9.665451049804688,792100,0.0,0.0
2002-02-04 00:00:00-05:00,9.665447659718746,9.69435364384444,9.600409023142673,9.683513641357422,978300,0.0,0.0
2002-02-05 00:00:00-05:00,9.755781853889173,9.791914517108594,9.708809874125187,9.748555183410645,884000,0.0,0.0
2002-02-06 00:00:00-05:00,9.74855393223135,9.74855393223135,9.43058805289092,9.445040702819824,2592100,0.0,0.0
2002-02-07 00:00:00-05:00,9.445043412446093,9.473949409769693,9.398071425235246,9.401684761047363,1915000,0.0,0.0
2002-02-08 00:00:00-05:00,9.401679878892908,9.430585861206055,9.336641246395082,9.430585861206055,1447200,0.0,0.0
2002-02-11 00:00:00-05:00,9.426972747102884,9.557050015131875,9.423359413082856,9.538983345031738,2440400,0.0,0.0
2002-02-12 00:00:00-05:00,9.52091666231939,9.571501956525143,9.502849993550946,9.513689994812012,1100800,0.0,0.0
2002-02-13 00:00:00-05:00,9.50285518095117,9.575120517127118,9.488402527219973,9.56428050994873,1143300,0.0,0.0
2002-02-14 00:00:00-05:00,9.57511768842225,9.643769668590732,9.55705170430202,9.629316329956055,1047900,0.0,0.0
2002-02-15 00:00:00-05:00,9.629317015301169,9.676289680033928,9.62209034546949,9.647383689880371,1033600,0.0,0.0
2002-02-19 00:00:00-05:00,9.647379106393068,9.647379106393068,9.492009224694279,9.557047843933105,826800,0.0,0.0
2002-02-20 00:00:00-05:00,9.560666389863451,9.683517037779877,9.557053743607025,9.665451049804688,1085500,0.0,0.0
2002-02-21 00:00:00-05:00,9.665446566602217,9.665446566602217,9.495624015216514,9.513689994812012,769400,0.0,0.0
2002-02-22 00:00:00-05:00,9.52091865798339,9.683514575943176,9.50285198542802,9.650995254516602,945400,0.0,0.0
2002-02-25 00:00:00-05:00,9.65461107561873,9.791915065710477,9.622091745816647,9.763009071350098,736200,0.0,0.0
2002-02-26 00:00:00-05:00,9.773851529773683,9.784691539582731,9.683520182218757,9.744945526123047,484900,0.0,0.0
2002-02-27 00:00:00-05:00,9.773848114909924,9.82443412050452,9.669064146726669,9.755782127380371,533100,0.0,0.0
2002-02-28 00:00:00-05:00,9.75578170788309,9.8280470332404,9.72687571557481,9.737715721130371,1324100,0.0,0.0
2002-03-01 00:00:00-05:00,9.791914826265375,9.856953484279128,9.730489503604966,9.853340148925781,572200,0.0,0.0
2002-03-04 00:00:00-05:00,9.853336129803488,10.117103300449406,9.853336129803488,10.10987663269043,645900,0.0,0.0
2002-03-05 00:00:00-05:00,10.073749315210051,10.290544638520608,10.030390664051941,10.261638641357422,893300,0.0,0.0
2002-03-06 00:00:00-05:00,10.294155556752358,10.351967537501709,10.229116906116046,10.344740867614746,677200,0.0,0.0
2002-03-07 00:00:00-05:00,10.333900451660156,10.36280643895708,10.279701811625062,10.333900451660156,662700,0.0,0.0
2002-03-08 00:00:00-05:00,10.351967543107286,10.474818174559472,10.31944821777152,10.370034217834473,955900,0.0,0.0
2002-03-11 00:00:00-05:00,10.370035284507749,10.39532794255427,10.261637292514202,10.308609962463379,1096100,0.0,0.0
2002-03-12 00:00:00-05:00,10.297768472167691,10.33751446575357,10.225503154588486,10.326674461364746,642800,0.0,0.0
2002-03-13 00:00:00-05:00,10.315834999084473,10.33028833902911,10.225503691950026,10.315834999084473,855200,0.0,0.0
2002-03-14 00:00:00-05:00,10.32306147195238,10.478431427524765,10.319448137035213,10.47120475769043,1155000,0.0,0.0
2002-03-15 00:00:00-05:00,10.471203703997093,10.532629013061523,10.435071047634526,10.532629013061523,2384500,0.0,0.0
2002-03-18 00:00:00-05:00,10.618084312924656,10.618084312924656,10.467707358403775,10.522723197937012,1858400,0.433,0.0
2002-03-19 00:00:00-05:00,10.475045906012955,10.58141050544361,10.47137808883625,10.541065216064453,1157700,0.0,0.0
2002-03-20 00:00:00-05:00,10.526394478863233,10.625422742794848,10.51905884462694,10.563071250915527,630100,0.0,0.0
2002-03-21 00:00:00-05:00,10.563070949622118,10.680438995361328,10.526394178615963,10.680438995361328,1344600,0.0,0.0
2002-03-22 00:00:00-05:00,10.636428686444805,10.739125491122754,10.588748451865783,10.665770530700684,953300,0.0,0.0
2002-03-25 00:00:00-05:00,10.691443059436494,10.691443059436494,10.530062588851232,10.574075698852539,731200,0.0,0.0
2002-03-26 00:00:00-05:00,10.508055464290495,10.636426266034867,10.508055464290495,10.58141040802002,820800,0.0,0.0
2002-03-27 00:00:00-05:00,10.599750217362033,10.706114830094593,10.581411828749713,10.654766082763672,1187500,0.0,0.0
2002-03-28 00:00:00-05:00,10.7097813083699,10.757461532537873,10.508055561038704,10.541065216064453,1207400,0.0,0.0
2002-04-01 00:00:00-05:00,10.526393286056079,10.636424988873799,10.416360883673853,10.62908935546875,982300,0.0,0.0
2002-04-02 00:00:00-05:00,10.654769488301442,10.81981783682473,10.64009891263543,10.757466316223145,1128500,0.0,0.0
2002-04-03 00:00:00-05:00,10.74645622063597,10.764795303344727,10.654762905785615,10.764795303344727,1001800,0.0,0.0
2002-04-04 00:00:00-05:00,10.801472454727325,10.827146470207644,10.695107876806626,10.812475204467773,1045900,0.0,0.0
2002-04-05 00:00:00-05:00,10.816145642437396,10.948184267840926,10.816145642437396,10.88216495513916,769800,0.0,0.0
2002-04-08 00:00:00-04:00,10.88216258252678,11.036207378723331,10.88216258252678,11.017868995666504,1049600,0.0,0.0
2002-04-09 00:00:00-04:00,11.039879519489688,11.12790505185748,10.988530767601583,11.1022310256958,703400,0.0,0.0
2002-04-10 00:00:00-04:00,11.098561363142933,11.355302281653879,11.098561363142933,11.267276763916016,767000,0.0,0.0
2002-04-11 00:00:00-04:00,11.278280630332729,11.278280630332729,11.047213725227042,11.175583839416504,773600,0.0,0.0
2002-04-12 00:00:00-04:00,11.204924073121578,11.333294868469238,11.149908217848168,11.333294868469238,1035700,0.0,0.0
2002-04-15 00:00:00-04:00,11.168243329375064,11.241597543787872,11.120562425420648,11.149904251098633,1174700,0.0,0.0
2002-04-16 00:00:00-04:00,11.076555858406806,11.113232635107984,10.85649170037637,10.900504112243652,1116500,0.0,0.0
2002-04-17 00:00:00-04:00,10.911506950384771,10.911506950384771,10.709781891632083,10.856491088867188,1137800,0.0,0.0
2002-04-18 00:00:00-04:00,10.85649170037637,10.959187794443146,10.783136747844667,10.900504112243652,1066400,0.0,0.0
2002-04-19 00:00:00-04:00,10.96285231693863,10.96285231693863,10.779465690294279,10.783133506774902,438000,0.0,0.0
2002-04-22 00:00:00-04:00,10.783137033759854,10.816146693317906,10.603418164813071,10.621756553649902,752800,0.0,0.0
2002-04-23 00:00:00-04:00,10.676772490822229,10.676772490822229,10.232976371534235,10.35767936706543,1682000,0.0,0.0
2002-04-24 00:00:00-04:00,10.372352722015451,10.489720106211502,10.3100012117157,10.335675239562988,1267300,0.0,0.0
2002-04-25 00:00:00-04:00,10.339342130857558,10.423699843240321,10.298996833820265,10.343009948730469,606000,0.0,0.0
2002-04-26 00:00:00-04:00,10.361347170563455,10.412695215866622,10.309999125260289,10.354011535644531,953800,0.0,0.0
2002-04-29 00:00:00-04:00,10.379686847804168,10.379686847804168,10.269655108609248,10.3063325881958,462000,0.0,0.0
2002-04-30 00:00:00-04:00,10.287993380201533,10.401693635567586,10.273322808274617,10.343009948730469,1076200,0.0,0.0
2002-05-01 00:00:00-04:00,10.379684592395712,10.58141033650626,10.343007820343416,10.563071250915527,1077500,0.0,0.0
2002-05-02 00:00:00-04:00,10.563073410609851,10.742792988321032,10.434703283051478,10.717118263244629,942100,0.0,0.0
2002-05-03 00:00:00-04:00,10.636424926340045,10.783134095755972,10.56673780853079,10.676770210266113,630400,0.0,0.0
2002-05-06 00:00:00-04:00,10.676772661526458,10.72812070771981,10.544734028955368,10.552069664001465,566000,0.0,0.0
2002-05-07 00:00:00-04:00,10.555735835839037,10.555735835839037,10.387019753905705,10.489716529846191,589300,0.0,0.0
2002-05-08 00:00:00-04:00,10.544734419437876,10.581411896461903,10.32467025685841,10.453041076660156,706600,0.0,0.0
2002-05-09 00:00:00-04:00,10.324670818750809,10.423699802235658,10.310000246881605,10.332006454467773,757300,0.0,0.0
2002-05-10 00:00:00-04:00,10.332003622580272,10.379683842542473,10.273319952058547,10.339339256286621,802800,0.0,0.0
2002-05-13 00:00:00-04:00,10.328338306343458,10.508057178273933,10.328338306343458,10.37968635559082,433100,0.0,0.0
2002-05-14 00:00:00-04:00,10.379684758112413,10.610752343292654,10.343007985474555,10.541065216064453,660600,0.0,0.0
2002-05-15 00:00:00-04:00,10.636424852792524,10.687772886841918,10.60341520245663,10.658431053161621,724100,0.0,0.0
2002-05-16 00:00:00-04:00,10.68410507018632,10.717114720522215,10.607083019112228,10.658431053161621,570400,0.0,0.0
2002-05-17 00:00:00-04:00,10.647429189386036,10.709780678594324,10.632757921541941,10.7061128616333,394600,0.0,0.0
2002-05-20 00:00:00-04:00,10.673100750145833,10.673100750145833,10.522723787203923,10.618084907531738,511500,0.0,0.0
2002-05-21 00:00:00-04:00,10.63642827486056,10.662102300145385,10.52639653804996,10.537399291992188,302900,0.0,0.0
2002-05-22 00:00:00-04:00,10.55573631624382,10.574074702269968,10.445703901393179,10.563071250915527,697400,0.0,0.0
2002-05-23 00:00:00-04:00,10.566739909532503,10.816145896911621,10.508056230097964,10.816145896911621,614100,0.0,0.0
2002-05-24 00:00:00-04:00,10.816145040033486,10.819812857153153,10.698777690462498,10.775799751281738,935900,0.0,0.0
2002-05-28 00:00:00-04:00,10.750127544109013,10.819814682006836,10.643763627957846,10.819814682006836,542500,0.0,0.0
2002-05-29 00:00:00-04:00,10.819810380794323,10.94818115234375,10.74278833760332,10.94818115234375,478700,0.0,0.0
2002-05-30 00:00:00-04:00,10.72811752515688,10.819810837337709,10.643759845845988,10.812475204467773,917400,0.0,0.0
2002-05-31 00:00:00-04:00,10.874833540475635,10.874833540475635,10.533734092195795,10.614424705505371,923100,0.0,0.0
2002-06-03 00:00:00-04:00,10.63642827486056,10.69144414326586,10.500721813200414,10.537399291992188,660900,0.0,0.0
2002-06-04 00:00:00-04:00,10.50805351073988,10.629088655696757,10.500717877817776,10.566737174987793,1051700,0.0,0.0
2002-06-05 00:00:00-04:00,10.566736429767825,10.625420089877068,10.508052769658581,10.555733680725098,781800,0.0,0.0
2002-06-06 00:00:00-04:00,10.58141050544361,10.59974889176254,10.504387743861999,10.541065216064453,995700,0.0,0.0
2002-06-07 00:00:00-04:00,10.541068427786515,10.559407519257714,10.449375069124942,10.497056007385254,576100,0.0,0.0
2002-06-10 00:00:00-04:00,10.47137770293858,10.66943562579412,10.438368049129323,10.636425971984863,723800,0.0,0.0
2002-06-11 00:00:00-04:00,10.636425047706718,10.78680203551948,10.603415396765916,10.643760681152344,831900,0.0,0.0
2002-06-12 00:00:00-04:00,10.64009351230751,10.706112818209046,10.636425695361362,10.695109367370605,1111000,0.0,0.0
2002-06-13 00:00:00-04:00,10.698782958323223,10.72445699123767,10.654769830780651,10.709786415100098,700700,0.0,0.0
2002-06-14 00:00:00-04:00,10.70977821174336,10.746454973776496,10.60341364306697,10.618084907531738,784000,0.0,0.0
2002-06-17 00:00:00-04:00,10.63275504943231,10.698774337768555,10.585074840947447,10.698774337768555,2090500,0.0,0.0
2002-06-18 00:00:00-04:00,10.714788367346612,10.75946394513593,10.469070559188836,10.491408348083496,3144100,0.433,0.0
2002-06-19 00:00:00-04:00,10.461622680629866,10.524913663893992,10.428115647719128,10.517467498779297,1208400,0.0,0.0
2002-06-20 00:00:00-04:00,10.517467938912995,10.606819793712349,10.48023782188691,10.573312759399414,865000,0.0,0.0
2002-06-21 00:00:00-04:00,10.517469775342677,10.647774852633518,10.517469775342677,10.569591522216797,1016200,0.0,0.0
2002-06-24 00:00:00-04:00,10.588204647158118,10.625434762626202,10.510021333664602,10.517467498779297,1202700,0.0,0.0
2002-06-25 00:00:00-04:00,10.517468310239023,10.636604120844328,10.506299061705233,10.610543251037598,1051100,0.0,0.0
2002-06-26 00:00:00-04:00,10.610542499165955,10.632880284545216,10.483960531841158,10.53608226776123,1241600,0.0,0.0
2002-06-27 00:00:00-04:00,10.517465412150326,10.614263409120799,10.405775798010298,10.606817245483398,1777700,0.0,0.0
2002-06-28 00:00:00-04:00,10.610538383152175,10.774350402633782,10.610538383152175,10.70361328125,1924800,0.0,0.0
2002-07-01 00:00:00-04:00,10.703617162557185,10.725954947371278,10.48768334907329,10.591927528381348,802500,0.0,0.0
2002-07-02 00:00:00-04:00,10.591925223352334,10.606816839952536,10.428113180118777,10.454174041748047,718600,0.0,0.0
2002-07-03 00:00:00-04:00,10.398333240275106,10.439286444377192,10.215906428528848,10.364826202392578,736400,0.0,0.0
2002-07-05 00:00:00-04:00,10.368551089236915,10.487686929053016,10.253138333178269,10.461626052856445,584800,0.0,0.0
2002-07-08 00:00:00-04:00,10.461624447005038,10.53608398040781,10.238244426585704,10.275474548339844,847000,0.0,0.0
2002-07-09 00:00:00-04:00,10.275475539391225,10.331320372355817,10.111663413936922,10.160062789916992,1188900,0.0,0.0
2002-07-10 00:00:00-04:00,10.167508323988459,10.238245491669558,9.903175781236033,9.959020614624023,1386400,0.0,0.0
2002-07-11 00:00:00-04:00,9.944125558338337,9.985078756328736,9.683516170495459,9.86594295501709,1741500,0.0,0.0
2002-07-12 00:00:00-04:00,9.903171661013943,10.02603052739423,9.750528848544656,9.810096740722656,980700,0.0,0.0
2002-07-15 00:00:00-04:00,9.806372945790875,9.828710726207381,9.542039822125462,9.724467277526855,1113000,0.0,0.0
2002-07-16 00:00:00-04:00,9.6723484296205,10.152615502344085,9.653733724055222,9.828714370727539,1784300,0.0,0.0
2002-07-17 00:00:00-04:00,9.921783839477472,10.033474141504874,9.538315719800522,9.549484252929688,1621900,0.0,0.0
2002-07-18 00:00:00-04:00,9.549488935990157,9.549488935990157,9.28515644076327,9.326108932495117,1274200,0.0,0.0
2002-07-19 00:00:00-04:00,9.288881007561557,9.326110422336898,8.979872178229465,9.035717010498047,1364700,0.0,0.0
2002-07-22 00:00:00-04:00,9.05060845790422,9.381955781767074,8.55917280735457,8.804890632629395,1842000,0.0,0.0
2002-07-23 00:00:00-04:00,8.793718313445682,8.998482843144041,8.562892210964671,8.577784538269043,1623300,0.0,0.0
2002-07-24 00:00:00-04:00,8.413973792468253,8.909132390395666,8.339513564616842,8.730428695678711,2253400,0.0,0.0
2002-07-25 00:00:00-04:00,8.767660775104245,9.06550106729571,8.525666025896264,8.938919067382812,1488300,0.0,0.0
2002-07-26 00:00:00-04:00,9.031991128769192,9.437797873025133,9.009653344803414,9.385675430297852,1431700,0.0,0.0
2002-07-29 00:00:00-04:00,9.437798339205296,9.884557591115284,9.415460554136143,9.847328186035156,1336900,0.0,0.0
2002-07-30 00:00:00-04:00,9.851050923509906,10.238242999618814,9.63884018222558,9.999971389770508,975500,0.0,0.0
2002-07-31 00:00:00-04:00,9.981358405958103,10.044649406492647,9.757978362300559,9.959020614624023,1220400,0.0,0.0
2002-08-01 00:00:00-04:00,9.66117872020954,9.8622202143663,9.54204220466228,9.698408126831055,1354000,0.0,0.0
2002-08-02 00:00:00-04:00,9.728190279734331,9.754251853698952,9.40056687533722,9.590439796447754,728900,0.0,0.0
2002-08-05 00:00:00-04:00,9.64256143948811,9.661176849299364,9.24047781893364,9.270261764526367,688300,0.0,0.0
2002-08-06 00:00:00-04:00,9.270262849247914,9.296323715927796,9.13995780574314,9.1771879196167,1228600,0.0,0.0
2002-08-07 00:00:00-04:00,9.195798864211683,9.307488441467285,9.166014929603188,9.307488441467285,961200,0.0,0.0
2002-08-08 00:00:00-04:00,9.344727400549107,9.504816467200559,9.307497269450169,9.456417083740234,604500,0.0,0.0
2002-08-09 00:00:00-04:00,9.456409287448164,9.493639387852921,9.19207692377408,9.333550453186035,782200,0.0,0.0
2002-08-12 00:00:00-04:00,9.214421011111927,9.482476639433536,9.214421011111927,9.419185638427734,1029700,0.0,0.0
2002-08-13 00:00:00-04:00,9.456413990722899,9.553212015877028,9.311217308044434,9.311217308044434,713600,0.0,0.0
2002-08-14 00:00:00-04:00,9.363337702402584,9.489919662475586,9.270262773531574,9.489919662475586,827100,0.0,0.0
2002-08-15 00:00:00-04:00,9.47130796102084,9.664903334718725,9.348449044396638,9.60161304473877,755100,0.0,0.0
2002-08-16 00:00:00-04:00,9.623943482441971,9.86593804724006,9.564375611417983,9.843600273132324,1325300,0.0,0.0
2002-08-19 00:00:00-04:00,9.828712773389707,9.86966597110431,9.623948205027471,9.847328186035156,1296700,0.0,0.0
2002-08-20 00:00:00-04:00,9.810097436202058,9.936679393580564,9.780313488001548,9.880834579467773,702500,0.0,0.0
2002-08-21 00:00:00-04:00,9.892006191540757,10.04837214573219,9.880837651309227,10.026034355163574,1177300,0.0,0.0
2002-08-22 00:00:00-04:00,10.026034416907951,10.089325415663435,9.880837712159424,10.044649124145508,793000,0.0,0.0
2002-08-23 00:00:00-04:00,9.99624899314102,10.163783464023888,9.985079744373312,10.085600852966309,878600,0.0,0.0
2002-08-26 00:00:00-04:00,10.119104855627919,10.30153160351262,10.070705502249282,10.290362358093262,901000,0.0,0.0
2002-08-27 00:00:00-04:00,10.290364702515355,10.405778134493934,10.238242965560776,10.331317901611328,943500,0.0,0.0
2002-08-28 00:00:00-04:00,10.275473825822754,10.439285923959266,10.18984504888305,10.420670509338379,1052400,0.0,0.0
2002-08-29 00:00:00-04:00,10.368551011065005,10.424395846794567,10.249415172147108,10.353658676147461,855300,0.0,0.0
2002-08-30 00:00:00-04:00,10.357379332829842,10.454177356794334,10.349933167115932,10.394609451293945,617400,0.0,0.0
2002-09-03 00:00:00-04:00,10.387165745250925,10.387165745250925,10.085603063482278,10.134001731872559,965400,0.0,0.0
2002-09-04 00:00:00-04:00,10.178675215087553,10.268027069815904,10.10421498109455,10.13772201538086,764500,0.0,0.0
2002-09-05 00:00:00-04:00,10.137721252845287,10.201012233947115,10.07070718931331,10.163782119750977,831100,0.0,0.0
2002-09-06 00:00:00-04:00,10.145169258117676,10.145169258117676,10.145169258117676,10.145169258117676,663600,0.0,0.0
2002-09-09 00:00:00-04:00,10.145169258117676,10.160061590539863,10.052094310795496,10.145169258117676,811400,0.0,0.0
2002-09-10 00:00:00-04:00,10.148891263511436,10.182398297797745,10.10421498109455,10.13772201538086,981600,0.0,0.0
2002-09-11 00:00:00-04:00,10.145167737859865,10.152613902955146,10.07070750711782,10.081876754760742,576000,0.0,0.0
2002-09-12 00:00:00-04:00,10.0744332415522,10.0744332415522,9.884560242274686,9.951574325561523,1039300,0.0,0.0
2002-09-13 00:00:00-04:00,9.947849581806345,9.97763353495136,9.884558592610004,9.96646499633789,695600,0.0,0.0
2002-09-16 00:00:00-04:00,9.970187136217476,9.985078756328736,9.828712839580854,9.86594295501709,593700,0.0,0.0
2002-09-17 00:00:00-04:00,9.955296232396906,9.959019315484513,9.795207210157285,9.821268081665039,1990200,0.0,0.0
2002-09-18 00:00:00-04:00,9.727773293789095,9.841326775493386,9.48552475915495,9.572583198547363,2940900,0.433,0.0
2002-09-19 00:00:00-04:00,9.57258531861341,9.59529587559295,9.322766304016113,9.322766304016113,1152100,0.0,0.0
2002-09-20 00:00:00-04:00,9.32276554227487,9.515807065716965,9.25463387690313,9.485526084899902,1722500,0.0,0.0
2002-09-23 00:00:00-04:00,9.45902900582897,9.45902900582897,9.326549462383772,9.364400863647461,938700,0.0,0.0
2002-09-24 00:00:00-04:00,9.364401633234626,9.39089739971006,9.25084814206691,9.269773483276367,1793300,0.0,0.0
2002-09-25 00:00:00-04:00,9.273560597922595,9.277345811331934,9.08430425918948,9.13351058959961,1895900,0.0,0.0
2002-09-26 00:00:00-04:00,9.160003210978308,9.220565156013262,9.12593702665173,9.205424308776855,1279300,0.0,0.0
2002-09-27 00:00:00-04:00,9.205425859015122,9.273558239142101,9.084301948547363,9.084301948547363,1196600,0.0,0.0
2002-09-30 00:00:00-04:00,9.08808691282333,9.114582677270194,8.985888345423623,9.061591148376465,1239800,0.0,0.0
2002-10-01 00:00:00-04:00,9.057806183376973,9.141078691334695,8.88747523305953,9.084301948547363,1349000,0.0,0.0
2002-10-02 00:00:00-04:00,9.084303666284379,9.084303666284379,8.724716357378385,8.819344520568848,1329600,0.0,0.0
2002-10-03 00:00:00-04:00,8.819345394443475,8.872337662010734,8.76635384883188,8.857196807861328,1553300,0.0,0.0
2002-10-04 00:00:00-04:00,8.857200417930766,8.887481416616023,8.72472077794929,8.766357421875,1595300,0.0,0.0
2002-10-07 00:00:00-04:00,8.792845310258299,8.83826712847926,8.599803846241008,8.603589057922363,2111400,0.0,0.0
2002-10-08 00:00:00-04:00,8.592236743702081,8.592236743702081,8.402980434122348,8.512748718261719,3964200,0.0,0.0
2002-10-09 00:00:00-04:00,8.527891073552329,8.527891073552329,8.293212890625,8.293212890625,1780600,0.0,0.0
2002-10-10 00:00:00-04:00,8.213723554146446,8.724714976961868,8.156946087650976,8.667938232421875,3408500,0.0,0.0
2002-10-11 00:00:00-04:00,8.72471282524068,9.04644859422694,8.72471282524068,8.982101440429688,1844600,0.0,0.0
2002-10-14 00:00:00-04:00,8.982103702079122,9.016169893370385,8.815558680161265,8.838269233703613,1031100,0.0,0.0
2002-10-15 00:00:00-04:00,8.857191808525407,9.20542331589435,8.857191808525407,9.137290954589844,1144500,0.0,0.0
2002-10-16 00:00:00-04:00,9.137291507478007,9.171357690191572,8.936680344781804,8.982101440429688,819400,0.0,0.0
2002-10-17 00:00:00-04:00,9.076735343452349,9.163793100493475,9.001033228529709,9.016173362731934,794700,0.0,0.0
2002-10-18 00:00:00-04:00,9.01616826509282,9.160003429447855,8.89504437213406,8.99724292755127,898600,0.0,0.0
2002-10-21 00:00:00-04:00,9.031309613520591,9.08051592703056,8.898830077517058,9.042664527893066,597500,0.0,0.0
2002-10-22 00:00:00-04:00,9.02374259372648,9.027527807263832,8.834486248592881,8.857196807861328,1331300,0.0,0.0
2002-10-23 00:00:00-04:00,8.857200417930766,8.898837061856478,8.686870071059689,8.766357421875,868300,0.0,0.0
2002-10-24 00:00:00-04:00,8.857193958174578,8.925326336014875,8.838268618532464,8.891260147094727,1087000,0.0,0.0
2002-10-25 00:00:00-04:00,8.913971700339479,9.095658302307129,8.8685505913142,9.095658302307129,878700,0.0,0.0
2002-10-28 00:00:00-05:00,9.216782109797855,9.216782109797855,8.89883146268036,8.963178634643555,749600,0.0,0.0
2002-10-29 00:00:00-05:00,8.898831217890198,9.001029792071423,8.72471504832713,8.940467834472656,1009900,0.0,0.0
2002-10-30 00:00:00-05:00,8.936678625348996,9.027521521121729,8.887471605583457,9.00859546661377,630200,0.0,0.0
2002-10-31 00:00:00-05:00,9.080518714218744,9.141080682645562,8.90640323548055,8.978320121765137,740700,0.0,0.0
2002-11-01 00:00:00-05:00,8.913969802152401,9.04266412024504,8.887474040537215,9.0275239944458,815500,0.0,0.0
2002-11-04 00:00:00-05:00,9.03131295558376,9.330337603318569,9.008601674523653,9.25841999053955,818100,0.0,0.0
2002-11-05 00:00:00-05:00,9.258418126211298,9.311410382725061,9.084302671545325,9.129724502563477,1359500,0.0,0.0
2002-11-06 00:00:00-05:00,9.16000384666063,9.273557320992673,9.065375710732134,9.220565795898438,682700,0.0,0.0
2002-11-07 00:00:00-05:00,9.231924530084076,9.315197786208863,9.17136255578733,9.186503410339355,773000,0.0,0.0
2002-11-08 00:00:00-05:00,9.197854575323793,9.250846822672173,9.103226438861798,9.148648262023926,508700,0.0,0.0
2002-11-11 00:00:00-05:00,9.13350574318901,9.175142346642932,9.069158593285339,9.137290954589844,456800,0.0,0.0
2002-11-12 00:00:00-05:00,9.178929791606356,9.432533241531017,9.160004451952226,9.364400863647461,988100,0.0,0.0
2002-11-13 00:00:00-05:00,9.368188139930782,9.493097286251636,9.296270533880719,9.322766304016113,847400,0.0,0.0
2002-11-14 00:00:00-05:00,9.387108415490134,9.640711784362793,9.364397870772414,9.640711784362793,1174200,0.0,0.0
2002-11-15 00:00:00-05:00,9.64071405233575,9.68992108641447,9.534731004083806,9.565011978149414,863400,0.0,0.0
2002-11-18 00:00:00-05:00,9.565013000321436,9.621789742517517,9.500665833311091,9.527161598205566,807300,0.0,0.0
2002-11-19 00:00:00-05:00,9.515802748629259,9.580149893917225,9.45145560334129,9.474166870117188,637600,0.0,0.0
2002-11-20 00:00:00-05:00,9.462809562683105,9.500660945324853,9.24327240970706,9.462809562683105,1128200,0.0,0.0
2002-11-21 00:00:00-05:00,9.557444980341101,9.674783706665039,9.428750613938472,9.674783706665039,1241600,0.0,0.0
2002-11-22 00:00:00-05:00,9.595290342073218,9.928380966186523,9.55743895429882,9.928380966186523,1793700,0.0,0.0
2002-11-25 00:00:00-05:00,9.845115740388843,9.894322075361476,9.746702348487872,9.875396728515625,1395700,0.0,0.0
2002-11-26 00:00:00-05:00,9.841326769767939,9.91702957216371,9.735342990804945,9.7694091796875,1192100,0.0,0.0
2002-11-27 00:00:00-05:00,9.77319655490134,9.913246553741244,9.72777544097611,9.894320487976074,692600,0.0,0.0
2002-11-29 00:00:00-05:00,9.879176936544768,9.909457909328328,9.860250877332955,9.886747360229492,421200,0.0,0.0
2002-12-02 00:00:00-05:00,9.90188704292372,10.106284141540527,9.845110311737487,10.106284141540527,934700,0.0,0.0
2002-12-03 00:00:00-05:00,10.049511179815719,10.053296393180563,9.90189146836494,9.913247108459473,1600900,0.0,0.0
2002-12-04 00:00:00-05:00,9.879179231215991,9.962451745223943,9.795905995252534,9.833757400512695,808600,0.0,0.0
2002-12-05 00:00:00-05:00,9.82997183527317,9.82997183527317,9.65207117547236,9.71263313293457,1162000,0.0,0.0
2002-12-06 00:00:00-05:00,9.670993140046077,9.697489618896217,9.576365024304119,9.633142471313477,1342500,0.0,0.0
2002-12-09 00:00:00-05:00,9.538519554426063,9.68613926441618,9.530949127771283,9.644502639770508,1594200,0.0,0.0
2002-12-10 00:00:00-05:00,9.63314560994544,9.636930100487564,9.443889316798815,9.48173999786377,1957700,0.0,0.0
2002-12-11 00:00:00-05:00,9.424958180041358,9.519586275668189,9.424958180041358,9.462809562683105,1118500,0.0,0.0
2002-12-12 00:00:00-05:00,9.443888117905692,9.47795430410385,9.394681083639298,9.459028244018555,643200,0.0,0.0
2002-12-13 00:00:00-05:00,9.447675458001514,9.542303621107886,9.353047294895141,9.390898704528809,1397300,0.0,0.0
2002-12-16 00:00:00-05:00,9.424960507529045,9.512018203735352,9.322761965744988,9.512018203735352,837400,0.0,0.0
2002-12-17 00:00:00-05:00,9.500668440819771,9.504453654265774,9.356833217694216,9.368188858032227,1939300,0.0,0.0
2002-12-18 00:00:00-05:00,9.40786662397738,9.430981569568383,9.24606053521862,9.303848266601562,2467000,0.433,0.0
2002-12-19 00:00:00-05:00,9.246062587721454,9.303850331932505,9.157454664277104,9.195980072021484,1257100,0.0,0.0
2002-12-20 00:00:00-05:00,9.16901026046797,9.284586464645178,9.149747927177225,9.25761890411377,2769800,0.0,0.0
2002-12-23 00:00:00-05:00,9.265324883939373,9.37704849243164,9.261473004511599,9.37704849243164,1591200,0.0,0.0
2002-12-24 00:00:00-05:00,9.361637292319624,9.404015310771353,9.323112622611845,9.400162696838379,776500,0.0,0.0
2002-12-26 00:00:00-05:00,9.404011686278771,9.538850182719495,9.404011686278771,9.438684463500977,848000,0.0,0.0
2002-12-27 00:00:00-05:00,9.400162696838379,9.500328454662752,9.36934252018557,9.400162696838379,825400,0.0,0.0
2002-12-30 00:00:00-05:00,9.400160194129045,9.515736376914173,9.400160194129045,9.49647331237793,1040400,0.0,0.0
2002-12-31 00:00:00-05:00,9.477211489959862,9.62745972733134,9.454096546089822,9.46950626373291,1090300,0.0,0.0
2003-01-02 00:00:00-05:00,9.515737126844169,9.654427528381348,9.48876883436807,9.654427528381348,840900,0.0,0.0
2003-01-03 00:00:00-05:00,9.631308638147798,9.823934810910753,9.619750803250229,9.812376976013184,898300,0.0,0.0
2003-01-06 00:00:00-05:00,9.816236700593455,10.01271562735962,9.812384086169288,9.981895446777344,1265200,0.0,0.0
2003-01-07 00:00:00-05:00,9.885579668238385,9.920252454047109,9.758446365210022,9.823939323425293,1171400,0.0,0.0
2003-01-08 00:00:00-05:00,9.746887623934033,9.877873528255332,9.746887623934033,9.789265632629395,1106800,0.0,0.0
2003-01-09 00:00:00-05:00,9.76615246861616,9.920253344480859,9.76615246861616,9.877875328063965,1105700,0.0,0.0
2003-01-10 00:00:00-05:00,9.858614945468666,9.89714035576298,9.812384306153271,9.83935260772705,911900,0.0,0.0
2003-01-13 00:00:00-05:00,9.881729142429082,9.89713959929337,9.704513297355918,9.71992301940918,773400,0.0,0.0
2003-01-14 00:00:00-05:00,9.71606688219392,9.72762472065132,9.615901153328734,9.66983699798584,1097000,0.0,0.0
2003-01-15 00:00:00-05:00,9.650577393344099,9.669840464345022,9.558116856972742,9.592789649963379,969100,0.0,0.0
2003-01-16 00:00:00-05:00,9.592791066456552,9.619758635028912,9.454100608825684,9.454100608825684,646000,0.0,0.0
2003-01-17 00:00:00-05:00,9.454104573312422,9.454104573312422,9.253772930180434,9.276887893676758,1289700,0.0,0.0
2003-01-21 00:00:00-05:00,9.319260245504841,9.330817352786482,9.222947099165882,9.242209434509277,1006300,0.0,0.0
2003-01-22 00:00:00-05:00,9.24220968663768,9.296144814919337,9.188274558356026,9.226799964904785,912700,0.0,0.0
2003-01-23 00:00:00-05:00,9.303851297242835,9.407869688501657,9.296146067932305,9.342376708984375,1336400,0.0,0.0
2003-01-24 00:00:00-05:00,9.319259909021788,9.33466962977792,9.130486237190647,9.145895957946777,696200,0.0,0.0
2003-01-27 00:00:00-05:00,9.14590022973816,9.26532837692081,9.118932654710916,9.153605461120605,741400,0.0,0.0
2003-01-28 00:00:00-05:00,9.188276184326915,9.284589350337026,9.014912191584255,9.11507797241211,2030000,0.0,0.0
2003-01-29 00:00:00-05:00,9.115074912243598,9.253766059875488,9.068845019573565,9.253766059875488,1289000,0.0,0.0
2003-01-30 00:00:00-05:00,9.280732506244718,9.342372845616497,9.195977223311221,9.1998291015625,673900,0.0,0.0
2003-01-31 00:00:00-05:00,9.207539175128298,9.423280476509646,9.188276834487734,9.415575981140137,903700,0.0,0.0
2003-02-03 00:00:00-05:00,9.361639021984878,9.365491636629663,9.21139072489379,9.215243339538574,1530700,0.0,0.0
2003-02-04 00:00:00-05:00,9.180566771062873,9.203681714624588,9.084253648943115,9.1998291015625,1271300,0.0,0.0
2003-02-05 00:00:00-05:00,9.246060187783664,9.307700530250688,9.165157513849762,9.207534790039062,922900,0.0,0.0
2003-02-06 00:00:00-05:00,9.134336442093819,9.22294507574215,9.122779337347692,9.149746894836426,805600,0.0,0.0
2003-02-07 00:00:00-05:00,9.169012708605242,9.234505688015757,9.057289823029137,9.072699546813965,549800,0.0,0.0
2003-02-10 00:00:00-05:00,9.076549640887686,9.188273230249045,9.041876853486636,9.169010162353516,572800,0.0,0.0
2003-02-11 00:00:00-05:00,9.188275842754251,9.203685566641221,9.022617085805413,9.038026809692383,813600,0.0,0.0
2003-02-12 00:00:00-05:00,9.014910313113441,9.064993560496903,8.937860237247252,8.953269958496094,535700,0.0,0.0
2003-02-13 00:00:00-05:00,8.96097731501502,9.103520393371582,8.907042175616446,9.103520393371582,916300,0.0,0.0
2003-02-14 00:00:00-05:00,9.103514466420012,9.153597693092403,8.949413643602433,9.061137199401855,609700,0.0,0.0
2003-02-18 00:00:00-05:00,9.138192526224477,9.195981011148133,9.022617025999388,9.072699546813965,587600,0.0,0.0
2003-02-19 00:00:00-05:00,9.111222428288736,9.172862775932622,9.045729467065742,9.169010162353516,524200,0.0,0.0
2003-02-20 00:00:00-05:00,9.169014663354645,9.19983485230599,9.118932131862936,9.180572509765625,422900,0.0,0.0
2003-02-21 00:00:00-05:00,9.180572891129975,9.380904495041198,9.149752700898349,9.35008430480957,953600,0.0,0.0
2003-02-24 00:00:00-05:00,9.342380902592545,9.346233518977172,9.192132537649275,9.276887893676758,720700,0.0,0.0
2003-02-25 00:00:00-05:00,9.246062007785103,9.419425964355469,9.246062007785103,9.419425964355469,636800,0.0,0.0
2003-02-26 00:00:00-05:00,9.400166109731835,9.400166109731835,9.303852930872264,9.353936195373535,679800,0.0,0.0
2003-02-27 00:00:00-05:00,9.365492299772882,9.477215927949157,9.346229959996153,9.392459869384766,743400,0.0,0.0
2003-02-28 00:00:00-05:00,9.419429186390493,9.515742365250064,9.346230964710072,9.353936195373535,584600,0.0,0.0
2003-03-03 00:00:00-05:00,9.438687733322752,9.48106575012207,9.380899996203373,9.48106575012207,805600,0.0,0.0
2003-03-04 00:00:00-05:00,9.481064308006655,9.481064308006655,9.292290670230889,9.311553001403809,801200,0.0,0.0
2003-03-05 00:00:00-05:00,9.284587238888488,9.380900382995605,9.276882011005283,9.380900382995605,1144300,0.0,0.0
2003-03-06 00:00:00-05:00,9.380905524644119,9.380905524644119,9.292297559854422,9.315412521362305,637100,0.0,0.0
2003-03-07 00:00:00-05:00,9.246064036850324,9.361639543386492,9.246064036850324,9.334671974182129,649900,0.0,0.0
2003-03-10 00:00:00-05:00,9.338524068927274,9.338524068927274,9.207538110249004,9.215243339538574,493000,0.0,0.0
2003-03-11 00:00:00-05:00,9.284588933522494,9.32311434515924,9.169012698612258,9.215243339538574,571000,0.0,0.0
2003-03-12 00:00:00-05:00,9.207534327686675,9.246059723496739,9.13818876219072,9.1998291015625,660900,0.0,0.0
2003-03-13 00:00:00-05:00,9.2576218814284,9.377050002823928,9.2576218814284,9.334671974182129,1067400,0.0,0.0
2003-03-14 00:00:00-05:00,9.323115948411571,9.369345862476719,9.24606511188801,9.265327453613281,1004400,0.0,0.0
2003-03-17 00:00:00-05:00,9.296144789439078,9.554264057353958,9.296144789439078,9.55041217803955,2276000,0.0,0.0
2003-03-18 00:00:00-05:00,9.547668490053608,9.641772728921248,9.52022151386813,9.586878776550293,2292000,0.433,0.0
2003-03-19 00:00:00-05:00,9.645690847634492,9.763320922851562,9.575112503354738,9.763320922851562,966400,0.0,0.0
2003-03-20 00:00:00-05:00,9.684904878250107,9.861350059509277,9.626089069956315,9.861350059509277,1233300,0.0,0.0
2003-03-21 00:00:00-05:00,9.861345339851672,9.955449541059604,9.802530307580929,9.900555610656738,1060500,0.0,0.0
2003-03-24 00:00:00-05:00,9.861351765614872,9.861351765614872,9.500618385323182,9.504539489746094,1016000,0.0,0.0
2003-03-25 00:00:00-05:00,9.524137507385808,9.688819276143105,9.5202164060525,9.680977821350098,1069700,0.0,0.0
2003-03-26 00:00:00-05:00,9.680982135989678,9.735876083374023,9.61040377628184,9.735876083374023,685600,0.0,0.0
2003-03-27 00:00:00-05:00,9.704504177039201,9.728030038366795,9.567268614859875,9.637846946716309,755500,0.0,0.0
2003-03-28 00:00:00-05:00,9.645692979268782,9.688823617513943,9.53198323327257,9.539825439453125,566400,0.0,0.0
2003-03-31 00:00:00-05:00,9.508458887246295,9.5359058654053,9.398670226736211,9.437880516052246,918800,0.0,0.0
2003-04-01 00:00:00-05:00,9.44964207871597,9.708428893294071,9.430036563748583,9.665297508239746,924100,0.0,0.0
2003-04-02 00:00:00-05:00,9.763321777021126,9.89663627279652,9.763321777021126,9.81037425994873,1186600,0.0,0.0
2003-04-03 00:00:00-05:00,9.818219010634243,9.857428550720215,9.763324308340612,9.857428550720215,691100,0.0,0.0
2003-04-04 00:00:00-05:00,9.85742448727917,9.928002826938481,9.81429386138916,9.81429386138916,1173200,0.0,0.0
2003-04-07 00:00:00-04:00,9.990743463463565,10.010348982131006,9.916244736149489,9.959375381469727,1145600,0.0,0.0
2003-04-08 00:00:00-04:00,10.026031280828398,10.02995238402673,9.920163738095322,9.955452919006348,812600,0.0,0.0
2003-04-09 00:00:00-04:00,9.93584659367685,10.037793017233875,9.888794110545206,9.947609901428223,866600,0.0,0.0
2003-04-10 00:00:00-04:00,9.94761234842664,9.94761234842664,9.794692301537603,9.806455612182617,749700,0.0,0.0
2003-04-11 00:00:00-04:00,9.841741613365222,9.963292792557176,9.724110788579708,9.755478858947754,711700,0.0,0.0
2003-04-14 00:00:00-04:00,9.84174160650751,9.880951881408691,9.763321056705143,9.880951881408691,897100,0.0,0.0
2003-04-15 00:00:00-04:00,9.900558969977626,9.95937402220468,9.869190892264932,9.955452919006348,1253100,0.0,0.0
2003-04-16 00:00:00-04:00,9.93584731498898,10.07308292388916,9.908400342783724,10.07308292388916,981000,0.0,0.0
2003-04-17 00:00:00-04:00,10.057398897813798,10.273055076599121,10.029951924556777,10.273055076599121,1104800,0.0,0.0
2003-04-21 00:00:00-04:00,10.21424020870846,10.371081352233887,10.202477646455852,10.371081352233887,735200,0.0,0.0
2003-04-22 00:00:00-04:00,10.33186715763177,10.47302308637937,10.296577988476441,10.44949722290039,1068700,0.0,0.0
2003-04-23 00:00:00-04:00,10.3906837252873,10.488709043450386,10.312263171607299,10.484787940979004,671900,0.0,0.0
2003-04-24 00:00:00-04:00,10.449501497141208,10.476948473739155,10.331871383757427,10.394607543945312,1301600,0.0,0.0
2003-04-25 00:00:00-04:00,10.398524864169378,10.398524864169378,10.273052589443902,10.33578872680664,710400,0.0,0.0
2003-04-28 00:00:00-04:00,10.218159392459643,10.335790228005113,10.135818480664286,10.331869125366211,1090400,0.0,0.0
2003-04-29 00:00:00-04:00,10.292658442088653,10.394604863069437,10.26129037008486,10.327947616577148,1068500,0.0,0.0
2003-04-30 00:00:00-04:00,10.273054409695682,10.3514742213572,10.13581880444567,10.159344673156738,961800,0.0,0.0
2003-05-01 00:00:00-04:00,10.135819462440084,10.312264611038334,10.002504951299755,10.273055076599121,955000,0.0,0.0
2003-05-02 00:00:00-04:00,10.249528085740842,10.445578742302825,10.233844422110312,10.40636920928955,766000,0.0,0.0
2003-05-05 00:00:00-04:00,10.390684931946058,10.508315028252486,10.331869883792844,10.496552467346191,670300,0.0,0.0
2003-05-06 00:00:00-04:00,10.496554067515657,10.692604756496342,10.480869653417669,10.680841445922852,1257700,0.0,0.0
2003-05-07 00:00:00-04:00,10.680836464439524,10.680836464439524,10.492628070287191,10.551443099975586,1242900,0.0,0.0
2003-05-08 00:00:00-04:00,10.508312864743333,10.610259276227442,10.461261135057596,10.582812309265137,534600,0.0,0.0
2003-05-09 00:00:00-04:00,10.61417986469301,10.782783508300781,10.606337660833644,10.782783508300781,966700,0.0,0.0
2003-05-12 00:00:00-04:00,10.782783508300781,10.790625712160148,10.731810678962344,10.782783508300781,611900,0.0,0.0
2003-05-13 00:00:00-04:00,10.782791157974144,10.83376402347444,10.712212768916615,10.822001457214355,512500,0.0,0.0
2003-05-14 00:00:00-04:00,10.8259198713389,10.84160353841254,10.704367899116367,10.716131210327148,529800,0.0,0.0
2003-05-15 00:00:00-04:00,10.782779556522044,10.818068713082356,10.625939276183686,10.790621757507324,853700,0.0,0.0
2003-05-16 00:00:00-04:00,10.743575953494503,10.782786234832312,10.641629521165765,10.69260311126709,679000,0.0,0.0
2003-05-19 00:00:00-04:00,10.69652262469181,10.81023160101307,10.614180971330935,10.618102073669434,1087000,0.0,0.0
2003-05-20 00:00:00-04:00,10.645548366513623,10.79846835651435,10.645548366513623,10.727890014648438,687400,0.0,0.0
2003-05-21 00:00:00-04:00,10.727888385468829,10.743572043571831,10.63770454685042,10.712203979492188,674700,0.0,0.0
2003-05-22 00:00:00-04:00,10.735731033018304,10.786704610230466,10.657311238045805,10.782783508300781,767100,0.0,0.0
2003-05-23 00:00:00-04:00,10.782780436289574,10.84551655354356,10.712202117410463,10.810227394104004,748500,0.0,0.0
2003-05-27 00:00:00-04:00,10.743569299469094,10.845515668657388,10.704359042416142,10.790621757507324,759600,0.0,0.0
2003-05-28 00:00:00-04:00,10.767105806610425,10.78671132846966,10.504398544564355,10.508318901062012,1021000,0.0,0.0
2003-05-29 00:00:00-04:00,10.508316269851509,10.508316269851509,9.880954684926763,10.175030708312988,2095100,0.0,0.0
2003-05-30 00:00:00-04:00,10.233843901560094,10.386763166580467,10.17110775448128,10.382842063903809,995900,0.0,0.0
2003-06-02 00:00:00-04:00,10.410293434337799,10.535766529396405,10.343636156411801,10.418135643005371,971600,0.0,0.0
2003-06-03 00:00:00-04:00,10.339714738450791,10.465187072753906,10.226004968067276,10.465187072753906,899100,0.0,0.0
2003-06-04 00:00:00-04:00,10.465180616204945,10.637704595495087,10.4416540071324,10.594573974609375,768200,0.0,0.0
2003-06-05 00:00:00-04:00,10.610263480668822,10.688684058385137,10.555369524991834,10.684762954711914,773900,0.0,0.0
2003-06-06 00:00:00-04:00,10.696523401558807,10.959231294327765,10.684760093688965,10.880810737609863,1091000,0.0,0.0
2003-06-09 00:00:00-04:00,10.861204051147004,10.861204051147004,10.72788957703266,10.782783508300781,1358700,0.0,0.0
2003-06-10 00:00:00-04:00,10.704363520660642,10.880809377279546,10.680837655736042,10.876888275146484,826900,0.0,0.0
2003-06-11 00:00:00-04:00,10.876893682100379,10.892578098429414,10.78278942774856,10.853367805480957,740700,0.0,0.0
2003-06-12 00:00:00-04:00,10.880813651128648,10.884734754801869,10.661237080546643,10.684762954711914,715400,0.0,0.0
2003-06-13 00:00:00-04:00,10.723969956616562,10.74357472109965,10.437736207070065,10.484787940979004,751100,0.0,0.0
2003-06-16 00:00:00-04:00,10.50831614194905,10.64555176743372,10.484790269769219,10.625946998596191,1085100,0.0,0.0
2003-06-17 00:00:00-04:00,10.645551647105359,10.680840828913222,10.563210721469664,10.606341361999512,1996600,0.0,0.0
2003-06-18 00:00:00-04:00,10.51987330235444,10.567691243382951,10.388374914576525,10.40032958984375,2456000,0.433,0.0
2003-06-19 00:00:00-04:00,10.420252185610218,10.444160773573582,10.32063218238251,10.38438892364502,972600,0.0,0.0
2003-06-20 00:00:00-04:00,10.420255499345243,10.448148987512933,10.360483630408687,10.380407333374023,1248300,0.0,0.0
2003-06-23 00:00:00-04:00,10.360477301842135,10.364462192009192,10.153267573395672,10.173192024230957,1287000,0.0,0.0
2003-06-24 00:00:00-04:00,10.173197949523244,10.300711468977894,10.1492885945951,10.260863304138184,1299400,0.0,0.0
2003-06-25 00:00:00-04:00,10.288756791513823,10.340559633817604,10.201091436898881,10.260863304138184,1175200,0.0,0.0
2003-06-26 00:00:00-04:00,10.236946929726727,10.3644603522781,10.22100737188783,10.352505683898926,977500,0.0,0.0
2003-06-27 00:00:00-04:00,10.360481894739006,10.484010504518807,10.320633735443463,10.42025375366211,634700,0.0,0.0
2003-06-30 00:00:00-04:00,10.420252648486798,10.46408569506699,10.272815462783075,10.340557098388672,1255100,0.0,0.0
2003-07-01 00:00:00-04:00,10.340555967958425,10.46806944220792,10.236951080120646,10.456114768981934,1050200,0.0,0.0
2003-07-02 00:00:00-04:00,10.456117460155564,10.671297073364258,10.420254191287448,10.671297073364258,639700,0.0,0.0
2003-07-03 00:00:00-04:00,10.61152518689976,10.659343135382853,10.55972310608021,10.647388458251953,473000,0.0,0.0
2003-07-07 00:00:00-04:00,10.679264513099907,10.818732675779268,10.623477552044301,10.790839195251465,751400,0.0,0.0
2003-07-08 00:00:00-04:00,10.79083936719622,10.830687522888184,10.723097730531991,10.830687522888184,650800,0.0,0.0
2003-07-09 00:00:00-04:00,10.810765131395948,10.838659377740287,10.623479751898383,10.731069564819336,933100,0.0,0.0
2003-07-10 00:00:00-04:00,10.707159663178537,10.715128686834587,10.472056364415913,10.511903762817383,631200,0.0,0.0
2003-07-11 00:00:00-04:00,10.57167852230345,10.747009238904745,10.57167852230345,10.69919204711914,976200,0.0,0.0
2003-07-14 00:00:00-04:00,10.782863784557913,10.834666587107774,10.65933525238815,10.691213607788086,653700,0.0,0.0
2003-07-15 00:00:00-04:00,10.719108398271343,10.727078178116106,10.579640291148177,10.639412879943848,665000,0.0,0.0
2003-07-16 00:00:00-04:00,10.699186259355626,10.703171149855544,10.507916075600388,10.559718132019043,649500,0.0,0.0
2003-07-17 00:00:00-04:00,10.519869620315461,10.591596126733176,10.39235616892402,10.480021476745605,610500,0.0,0.0
2003-07-18 00:00:00-04:00,10.480023560239042,10.571674536682528,10.440176168787401,10.519871711730957,535500,0.0,0.0
2003-07-21 00:00:00-04:00,10.523856602884177,10.56768964552931,10.424236604174526,10.519871711730957,565100,0.0,0.0
2003-07-22 00:00:00-04:00,10.567689207425675,10.699187569869288,10.523856166597724,10.6792631149292,722000,0.0,0.0
2003-07-23 00:00:00-04:00,10.679260475828574,10.68324536583183,10.551747035884599,10.571671485900879,515000,0.0,0.0
2003-07-24 00:00:00-04:00,10.59956121847709,10.675272581763009,10.563697981133222,10.619484901428223,400600,0.0,0.0
2003-07-25 00:00:00-04:00,10.619491794722723,10.850610163161782,10.619491794722723,10.798808097839355,1029500,0.0,0.0
2003-07-28 00:00:00-04:00,10.87850668943164,10.882491581733001,10.774902529758247,10.838659286499023,1093100,0.0,0.0
2003-07-29 00:00:00-04:00,10.838655456910697,10.930305667338018,10.802792198910401,10.87850284576416,1276500,0.0,0.0
2003-07-30 00:00:00-04:00,10.898430181595097,11.065791843164048,10.878505721860446,11.017973899841309,1990400,0.0,0.0
2003-07-31 00:00:00-04:00,11.097668161908494,11.157440009953762,11.017971857821282,11.117591857910156,2048200,0.0,0.0
2003-08-01 00:00:00-04:00,11.097670400349628,11.197290420532227,11.0578222402685,11.197290420532227,1842000,0.0,0.0
2003-08-04 00:00:00-04:00,11.157442107596664,11.336758445484923,11.085715572441359,11.296910285949707,1295500,0.0,0.0
2003-08-05 00:00:00-04:00,11.296911721532238,11.416455455288771,11.269018234325081,11.340744018554688,1325000,0.0,0.0
2003-08-06 00:00:00-04:00,11.276982591861566,11.372618451333368,11.197287055688676,11.348709106445312,898200,0.0,0.0
2003-08-07 00:00:00-04:00,11.348704767014157,11.456294497750438,11.276978279856637,11.452309608459473,928600,0.0,0.0
2003-08-08 00:00:00-04:00,11.500131836305005,11.500131836305005,11.380587392826703,11.432390213012695,574800,0.0,0.0
2003-08-11 00:00:00-04:00,11.408482651713022,11.492163851233238,11.400513628934215,11.440361022949219,1136200,0.0,0.0
2003-08-12 00:00:00-04:00,11.476219906314466,11.488174575981304,11.280964861996285,11.412463188171387,621900,0.0,0.0
2003-08-13 00:00:00-04:00,11.416454823210856,11.436379284427499,11.201275962354481,11.28097152709961,964100,0.0,0.0
2003-08-14 00:00:00-04:00,11.336755114254176,11.456298797692273,11.276982512494923,11.432390213012695,1144700,0.0,0.0
2003-08-15 00:00:00-04:00,11.472237033714174,11.472237033714174,11.344722823413637,11.352692604064941,437500,0.0,0.0
2003-08-18 00:00:00-04:00,11.380587904500109,11.55193441582797,11.364649100677179,11.436375617980957,823800,0.0,0.0
2003-08-19 00:00:00-04:00,11.508099192895049,11.524038753735503,11.424418778602949,11.52005386352539,657100,0.0,0.0
2003-08-20 00:00:00-04:00,11.524042792465137,11.647571392110258,11.500134202865517,11.607723236083984,818500,0.0,0.0
2003-08-21 00:00:00-04:00,11.675464994688664,11.683434777984841,11.51607312896698,11.599754333496094,686700,0.0,0.0
2003-08-22 00:00:00-04:00,11.64757554739194,11.64757554739194,11.356685196693403,11.36067008972168,649900,0.0,0.0
2003-08-25 00:00:00-04:00,11.376605844979713,11.376605844979713,11.169396783469356,11.296910285949707,597200,0.0,0.0
2003-08-26 00:00:00-04:00,11.296902726311458,11.452309608459473,11.201267663448071,11.452309608459473,412000,0.0,0.0
2003-08-27 00:00:00-04:00,11.412468348102058,11.583814890597674,11.412468348102058,11.539981842041016,537100,0.0,0.0
2003-08-28 00:00:00-04:00,11.539975127400533,11.551929795516518,11.404492688952372,11.516066551208496,600600,0.0,0.0
2003-08-29 00:00:00-04:00,11.51606970299609,11.59178110170528,11.456297866137314,11.587796211242676,620600,0.0,0.0
2003-09-02 00:00:00-04:00,11.635612198670835,11.7073379349303,11.539976363578184,11.69538402557373,917200,0.0,0.0
2003-09-03 00:00:00-04:00,11.735233013433723,11.810943644975309,11.683430202336773,11.795004844665527,1166000,0.0,0.0
2003-09-04 00:00:00-04:00,11.795003452667974,11.870714835314486,11.771094875004856,11.798988342285156,730700,0.0,0.0
2003-09-05 00:00:00-04:00,11.755154415119643,11.763124193742865,11.659519351760748,11.715306282043457,613700,0.0,0.0
2003-09-08 00:00:00-04:00,11.711321392731845,11.779062990949386,11.635610775931005,11.715306282043457,538300,0.0,0.0
2003-09-09 00:00:00-04:00,11.67545957657942,11.719292604326885,11.595764060722233,11.69538402557373,643400,0.0,0.0
2003-09-10 00:00:00-04:00,11.655538606829888,11.67147816974399,11.468253302830338,11.547948837280273,638600,0.0,0.0
2003-09-11 00:00:00-04:00,11.61568632937295,11.759139304431253,11.61568632937295,11.715306282043457,917300,0.0,0.0
2003-09-12 00:00:00-04:00,11.71530552550295,11.79101689745449,11.567868430694018,11.75515365600586,829100,0.0,0.0
2003-09-15 00:00:00-04:00,11.715307714528024,11.755155852476625,11.647566108027405,11.69538402557373,493300,0.0,0.0
2003-09-16 00:00:00-04:00,11.679445746890666,11.79500528360734,11.679445746890666,11.791020393371582,878300,0.0,0.0
2003-09-17 00:00:00-04:00,11.828632325655853,11.828632325655853,11.606213906695839,11.715400695800781,1898700,0.433,0.0
2003-09-18 00:00:00-04:00,11.767967163198444,11.905462372088014,11.739659462190652,11.82862663269043,1687500,0.0,0.0
2003-09-19 00:00:00-04:00,11.869071209355356,11.94186290993693,11.84885086401197,11.897378921508789,1340000,0.0,0.0
2003-09-22 00:00:00-04:00,11.889287296721257,11.89333136460397,11.731572505930792,11.848847389221191,813800,0.0,0.0
2003-09-23 00:00:00-04:00,11.828627245970985,11.929726624141678,11.808407678867665,11.921638488769531,544300,0.0,0.0
2003-09-24 00:00:00-04:00,11.889290017757075,11.925685865704141,11.731575190871295,11.76797103881836,527800,0.0,0.0
2003-09-25 00:00:00-04:00,11.767970549279893,11.840762242145946,11.687090719133783,11.772014617919922,567400,0.0,0.0
2003-09-26 00:00:00-04:00,11.747749328613281,11.767969670303117,11.626430363782934,11.747749328613281,701200,0.0,0.0
2003-09-29 00:00:00-04:00,11.747752941664642,11.840764999389648,11.72753336508339,11.840764999389648,627800,0.0,0.0
2003-09-30 00:00:00-04:00,11.77606142873676,11.901424500460806,11.662829794430502,11.840764999389648,1250600,0.0,0.0
2003-10-01 00:00:00-04:00,11.889286695192931,11.949946167710474,11.800319520255671,11.929726600646973,1018300,0.0,0.0
2003-10-02 00:00:00-04:00,11.929732548405024,11.990392051165328,11.889292622789014,11.949952125549316,1182900,0.0,0.0
2003-10-03 00:00:00-04:00,12.01061042997082,12.135973484627,11.966126441955566,11.966126441955566,1179600,0.0,0.0
2003-10-06 00:00:00-04:00,12.006568230752357,12.131931304931639,11.998480091430489,12.13193130493164,959000,0.0,0.0
2003-10-07 00:00:00-04:00,12.131924966430793,12.135969033978846,12.010606025297292,12.03891372680664,758800,0.0,0.0
2003-10-08 00:00:00-04:00,12.030828143997857,12.083399490621282,11.970168660562463,12.07935619354248,698100,0.0,0.0
2003-10-09 00:00:00-04:00,12.083403797505548,12.160239581951434,11.990392504997477,12.075316429138184,755600,0.0,0.0
2003-10-10 00:00:00-04:00,12.127884144245925,12.196631768305313,12.095532366531344,12.111708641052246,573300,0.0,0.0
2003-10-13 00:00:00-04:00,12.172367635423944,12.25324669077486,12.15214729309082,12.15214729309082,530100,0.0,0.0
2003-10-14 00:00:00-04:00,12.111710955209459,12.156194175986801,11.897379904819097,12.010611534118652,893800,0.0,0.0
2003-10-15 00:00:00-04:00,12.051048356907227,12.071268700014699,11.94994895535154,11.990388870239258,987300,0.0,0.0
2003-10-16 00:00:00-04:00,11.998479778266367,12.071271487608456,11.978260201816852,12.051051139831543,586400,0.0,0.0
2003-10-17 00:00:00-04:00,12.051049596023212,12.079358079284413,11.796279417290812,11.800323486328125,630700,0.0,0.0
2003-10-20 00:00:00-04:00,11.76797280227481,11.933775791623049,11.76797280227481,11.844808578491211,475800,0.0,0.0
2003-10-21 00:00:00-04:00,11.881204483400326,12.002524260248359,11.820544980640024,11.949952125549316,678500,0.0,0.0
2003-10-22 00:00:00-04:00,11.945909314054482,11.945909314054482,11.711357890187637,11.796281814575195,611200,0.0,0.0
2003-10-23 00:00:00-04:00,11.800319054495963,11.800319054495963,11.59407623901511,11.707307815551758,583500,0.0,0.0
2003-10-24 00:00:00-04:00,11.707310985670055,11.707310985670055,11.533419891923682,11.666871070861816,433300,0.0,0.0
2003-10-27 00:00:00-05:00,11.670915215900896,11.962081216037886,11.670915215900896,11.772014617919922,603400,0.0,0.0
2003-10-28 00:00:00-05:00,11.759878873196941,11.78818657383151,11.33526182102442,11.557680130004883,960400,0.0,0.0
2003-10-29 00:00:00-05:00,11.585995846809235,11.747754799015976,11.529380406368755,11.735623359680176,519900,0.0,0.0
2003-10-30 00:00:00-05:00,11.743707262809657,11.88120174407959,11.743707262809657,11.88120174407959,517300,0.0,0.0
2003-10-31 00:00:00-05:00,11.881197967229618,11.9782540440092,11.755834960769246,11.82862663269043,578000,0.0,0.0
2003-11-03 00:00:00-05:00,11.828628835564947,11.9782562747492,11.828628835564947,11.962080001831055,727200,0.0,0.0
2003-11-04 00:00:00-05:00,11.962079515527604,12.010607560982043,11.666869488717175,11.792232513427734,1179100,0.0,0.0
2003-11-05 00:00:00-05:00,11.792239291763012,11.792239291763012,11.44445695152312,11.618348121643066,1063700,0.0,0.0
2003-11-06 00:00:00-05:00,11.61833987279903,11.739659584372655,11.513196431299358,11.707307815551758,926500,0.0,0.0
2003-11-07 00:00:00-05:00,11.687087477959315,11.83671489083535,11.585988103978131,11.707307815551758,717400,0.0,0.0
2003-11-10 00:00:00-05:00,11.687090227703653,11.719442004136292,11.598123035345692,11.646650314331055,759000,0.0,0.0
2003-11-11 00:00:00-05:00,11.638568549787477,11.66687627137325,11.525336892116828,11.565776824951172,471800,0.0,0.0
2003-11-12 00:00:00-05:00,11.606212248915613,11.699223518371582,11.541508690048222,11.699223518371582,797600,0.0,0.0
2003-11-13 00:00:00-05:00,11.699222848442965,11.70326691705651,11.602167515699522,11.666871070861816,405300,0.0,0.0
2003-11-14 00:00:00-05:00,11.63451936946787,11.828630036225862,11.63451936946787,11.772014617919922,443500,0.0,0.0
2003-11-17 00:00:00-05:00,11.772011353193554,11.772011353193554,11.666867911693881,11.707307815551758,708400,0.0,0.0
2003-11-18 00:00:00-05:00,11.767971013096963,11.808410929763896,11.691135248562514,11.7760591506958,824700,0.0,0.0
2003-11-19 00:00:00-05:00,11.788192348559223,11.816500063061001,11.723488780747335,11.731576919555664,1025100,0.0,0.0
2003-11-20 00:00:00-05:00,11.731574989578384,11.735619058317253,11.525332111859523,11.610255241394043,773000,0.0,0.0
2003-11-21 00:00:00-05:00,11.72753045357696,11.731574522154702,11.541507926964181,11.569815635681152,1345100,0.0,0.0
2003-11-24 00:00:00-05:00,11.626427377220963,11.678998709455836,11.553635708490395,11.65877914428711,715100,0.0,0.0
2003-11-25 00:00:00-05:00,11.727530709643423,11.913553240317938,11.723486640977383,11.877158164978027,1353000,0.0,0.0
2003-11-26 00:00:00-05:00,11.978254641457232,11.986342005486408,11.836715358031606,11.929726600646973,603500,0.0,0.0
2003-11-28 00:00:00-05:00,11.962081786216068,11.99038949671834,11.873114585876465,11.873114585876465,172100,0.0,0.0
2003-12-01 00:00:00-05:00,11.909511479568874,11.998478687718823,11.909511479568874,11.970170974731445,811000,0.0,0.0
2003-12-02 00:00:00-05:00,11.99039643869207,12.051055963648912,11.92973691373523,12.006572723388672,1210300,0.0,0.0
2003-12-03 00:00:00-05:00,12.010612117381834,12.051051270720079,11.937820407249141,11.945908546447754,647900,0.0,0.0
2003-12-04 00:00:00-05:00,11.970167111721386,11.970167111721386,11.816495617486556,11.848847389221191,890100,0.0,0.0
2003-12-05 00:00:00-05:00,11.848850510647281,11.873114924335715,11.80841136382113,11.824586868286133,996000,0.0,0.0
2003-12-08 00:00:00-05:00,11.828630911224394,11.860982691410548,11.816498704406856,11.832674980163574,599700,0.0,0.0
2003-12-09 00:00:00-05:00,11.860983071218001,11.953994345815655,11.836719428133247,11.897378921508789,640300,0.0,0.0
2003-12-10 00:00:00-05:00,11.921641921073158,11.941862265325067,11.84885022442082,11.856938362121582,542100,0.0,0.0
2003-12-11 00:00:00-05:00,11.860984906256034,11.978260613409722,11.860984906256034,11.949952125549316,1158000,0.0,0.0
2003-12-12 00:00:00-05:00,11.9903916391556,12.083402924947205,11.966127993150703,12.051051139831543,1086200,0.0,0.0
2003-12-15 00:00:00-05:00,12.131929885607411,12.131929885607411,11.970170974731445,11.970170974731445,852200,0.0,0.0
2003-12-16 00:00:00-05:00,12.018696605211506,12.1238400756157,11.953993049782344,12.111708641052246,1698100,0.0,0.0
2003-12-17 00:00:00-05:00,12.112937390934272,12.145763747712872,12.047284677377075,12.104730606079102,922000,0.433,0.0
2003-12-18 00:00:00-05:00,12.096523336337114,12.166279439525736,12.039077409937795,12.080110549926758,767600,0.0,0.0
2003-12-19 00:00:00-05:00,12.039087136873126,12.088326318528855,12.030880345716277,12.051397323608398,948300,0.0,0.0
2003-12-22 00:00:00-05:00,12.051388204319329,12.080111168990943,12.006251669754173,12.043181419372559,752300,0.0,0.0
2003-12-23 00:00:00-05:00,12.014460508587778,12.104732810508164,12.002150329063179,12.03087329864502,672400,0.0,0.0
2003-12-24 00:00:00-05:00,12.026767182020034,12.112936853894736,12.026767182020034,12.09652328491211,548100,0.0,0.0
2003-12-26 00:00:00-05:00,12.108837222041664,12.14987037459901,12.030874310446938,12.063700675964355,218700,0.0,0.0
2003-12-29 00:00:00-05:00,12.129355542293338,12.18680227904366,12.006256845592867,12.145769119262695,677000,0.0,0.0
2003-12-30 00:00:00-05:00,12.145768373847087,12.248350875682547,12.12114879254644,12.166284561157227,875600,0.0,0.0
2003-12-31 00:00:00-05:00,12.178596129201404,12.260661670424405,12.100633199793455,12.108839988708496,1024800,0.0,0.0
2004-01-02 00:00:00-05:00,12.10883289637276,12.178588996008413,12.039076796737108,12.117039680480957,1085400,0.0,0.0
2004-01-05 00:00:00-05:00,12.186800307396902,12.2688658310394,12.063700847969704,12.112940788269043,1327700,0.0,0.0
2004-01-06 00:00:00-05:00,12.112938622957193,12.178591343192016,12.05959529861505,12.158074378967285,782600,0.0,0.0
2004-01-07 00:00:00-05:00,12.195006138034028,12.207316318593918,12.026770916926974,12.063700675964355,1089600,0.0,0.0
2004-01-08 00:00:00-05:00,12.096526413211715,12.117043379745919,11.989840535160589,12.100629806518555,2202800,0.0,0.0
2004-01-09 00:00:00-05:00,12.108837222041664,12.108837222041664,12.02266752340701,12.063700675964355,1585200,0.0,0.0
2004-01-12 00:00:00-05:00,12.063699868981118,12.096526232302665,11.961117385771002,12.002150535583496,811500,0.0,0.0
2004-01-13 00:00:00-05:00,12.063700592934941,12.104733745209872,11.796986277111316,11.870845794677734,1672900,0.0,0.0
2004-01-14 00:00:00-05:00,11.829815065775527,11.940604364820672,11.829815065775527,11.92829418182373,912300,0.0,0.0
2004-01-15 00:00:00-05:00,11.952913816768698,11.973430788518828,11.833918511187738,11.96112060546875,686400,0.0,0.0
2004-01-16 00:00:00-05:00,12.02266996439659,12.02266996439659,11.80109214782715,11.801092147827148,671300,0.0,0.0
2004-01-20 00:00:00-05:00,11.79698586694151,11.862638595241805,11.673887197039022,11.690299987792969,898300,0.0,0.0
2004-01-21 00:00:00-05:00,11.641063741478554,11.694406303059656,11.632856952729938,11.673890113830566,750900,0.0,0.0
2004-01-22 00:00:00-05:00,11.673887939508468,11.998048208277762,11.616441211610356,11.669784545898438,1346300,0.0,0.0
2004-01-23 00:00:00-05:00,11.887257843336908,11.895464629807625,11.780571967144281,11.891361236572266,894200,0.0,0.0
2004-01-26 00:00:00-05:00,11.891364415475348,11.936500970488357,11.8092988767564,11.92829418182373,859300,0.0,0.0
2004-01-27 00:00:00-05:00,11.961117385771002,12.051390471886934,11.940601202185874,12.002150535583496,1010800,0.0,0.0
2004-01-28 00:00:00-05:00,12.002148693596245,12.145764304577957,11.981632513159765,12.034975051879883,1141000,0.0,0.0
2004-01-29 00:00:00-05:00,12.034978500855562,12.153974572886884,11.98163594684857,12.125250816345215,802800,0.0,0.0
2004-01-30 00:00:00-05:00,12.125242572385494,12.125242572385494,11.907768327784394,11.940594673156738,1325900,0.0,0.0
2004-02-02 00:00:00-05:00,11.981632097555945,12.080111168990943,11.948805740410947,12.043181419372559,911500,0.0,0.0
2004-02-03 00:00:00-05:00,12.055489107914408,12.170381732981978,11.92008030602569,11.936493873596191,965200,0.0,0.0
2004-02-04 00:00:00-05:00,11.936498869411928,11.936498869411928,11.653370971458319,11.669784545898438,901200,0.0,0.0
2004-02-05 00:00:00-05:00,11.669780007786983,11.879048304664996,11.669780007786983,11.817498207092285,892200,0.0,0.0
2004-02-06 00:00:00-05:00,11.842124310666811,12.063702108561777,11.75595460179927,12.039082527160645,920400,0.0,0.0
2004-02-09 00:00:00-05:00,12.002150802830151,12.014460982840674,11.858535166609714,12.006254196166992,1393200,0.0,0.0
2004-02-10 00:00:00-05:00,12.006255526956233,12.153974572886884,11.998048739372898,12.125250816345215,998600,0.0,0.0
2004-02-11 00:00:00-05:00,12.12114442711036,12.20320992943737,12.051388319679248,12.186797142028809,1579800,0.0,0.0
2004-02-12 00:00:00-05:00,12.18679558794264,12.18679558794264,12.030869822913742,12.06779956817627,735100,0.0,0.0
2004-02-13 00:00:00-05:00,12.067802961072864,12.100629323575225,11.846225209842482,11.88725757598877,1155100,0.0,0.0
2004-02-17 00:00:00-05:00,11.969326019287111,12.043185543818652,11.911880070270293,11.96932601928711,630700,0.0,0.0
2004-02-18 00:00:00-05:00,12.051393715884423,12.080116693692156,11.940604416361069,11.96112060546875,694400,0.0,0.0
2004-02-19 00:00:00-05:00,12.026763646471498,12.039073819589605,11.89956165481832,12.022660255432129,934900,0.0,0.0
2004-02-20 00:00:00-05:00,12.100631972587848,12.100631972587848,11.94060351818645,11.993946075439453,990000,0.0,0.0
2004-02-23 00:00:00-05:00,12.0267769084491,12.104739858883555,11.961124144707249,12.018570899963379,633200,0.0,0.0
2004-02-24 00:00:00-05:00,11.879058581351272,12.0267769084491,11.86674839465867,12.018570899963379,1235200,0.0,0.0
2004-02-25 00:00:00-05:00,12.010354928170889,12.121144175789443,12.010354928170889,12.104730606079102,1911100,0.0,0.0
2004-02-26 00:00:00-05:00,12.166291009424317,12.223737773096405,12.145774811240367,12.195013999938965,1716600,0.0,0.0
2004-02-27 00:00:00-05:00,12.22372997280806,12.256556338540676,12.17449003288799,12.207316398620605,940300,0.0,0.0
2004-03-01 00:00:00-05:00,12.268861414124837,12.412477007099014,12.252448628362027,12.387857437133789,1791600,0.0,0.0
2004-03-02 00:00:00-05:00,12.391963257248173,12.523268699645996,12.371446292722156,12.523268699645996,1067900,0.0,0.0
2004-03-03 00:00:00-05:00,12.51506404955841,12.74895200657329,12.457618104366631,12.654576301574707,1883200,0.0,0.0
2004-03-04 00:00:00-05:00,12.638165433417859,12.638165433417859,12.506859940495461,12.556099891662598,1123400,0.0,0.0
2004-03-05 00:00:00-05:00,12.515065772795658,12.666888226533219,12.515065772795658,12.605338096618652,1173100,0.0,0.0
2004-03-08 00:00:00-05:00,12.605337676044215,12.65868101583806,12.519168749266692,12.613544464111328,940300,0.0,0.0
2004-03-09 00:00:00-05:00,12.609439754556993,12.654576301574709,12.58482017556656,12.654576301574707,880700,0.0,0.0
2004-03-10 00:00:00-05:00,12.629954871698773,12.761260317261703,12.474029068111152,12.498648643493652,1713200,0.0,0.0
2004-03-11 00:00:00-05:00,12.498649039947049,12.498649039947049,12.145765839463873,12.153972625732422,1048700,0.0,0.0
2004-03-12 00:00:00-05:00,12.207314137184818,12.285277034847818,12.17038438474667,12.248347282409668,749000,0.0,0.0
2004-03-15 00:00:00-05:00,12.252452315847124,12.330414441307404,12.125249470352923,12.244245529174805,660600,0.0,0.0
2004-03-16 00:00:00-05:00,12.268860204880792,12.338616298441972,12.22372446150022,12.305789947509766,921300,0.0,0.0
2004-03-17 00:00:00-05:00,12.344515959029438,12.623464584350586,12.30704518890363,12.623464584350586,1894500,0.433,0.0
2004-03-18 00:00:00-05:00,12.615136151147762,12.615136151147762,12.473580100840636,12.502724647521973,1326400,0.0,0.0
2004-03-19 00:00:00-05:00,12.498562672047031,12.648444959946001,12.490235657689368,12.569340705871582,987000,0.0,0.0
2004-03-22 00:00:00-05:00,12.386150979995728,12.527707054724306,12.365334237168282,12.490236282348633,1096700,0.0,0.0
2004-03-23 00:00:00-05:00,12.49856145176923,12.531868711840188,12.427783424854983,12.511051177978516,866100,0.0,0.0
2004-03-24 00:00:00-05:00,12.49855954655102,12.56933756267622,12.344512995887609,12.381983757019043,1066000,0.0,0.0
2004-03-25 00:00:00-05:00,12.427780691587586,12.473577667795603,12.411126668161002,12.456924438476562,1066600,0.0,0.0
2004-03-26 00:00:00-05:00,12.486071846050194,12.486071846050194,12.177979469299316,12.177979469299316,1040000,0.0,0.0
2004-03-29 00:00:00-05:00,12.19879588674605,12.34035194718567,12.094710594899725,12.282064437866211,766400,0.0,0.0
2004-03-30 00:00:00-05:00,12.302886455419253,12.32786750793457,12.223782171445041,12.32786750793457,717100,0.0,0.0
2004-03-31 00:00:00-05:00,12.323697728859411,12.427783012390137,12.236265677757602,12.427783012390137,1017300,0.0,0.0
2004-04-01 00:00:00-05:00,12.48607151172884,12.577666282653807,12.436111016354404,12.577666282653809,1273200,0.0,0.0
2004-04-02 00:00:00-05:00,12.681745080657992,12.952367336107667,12.590150356635046,12.852445602416992,2173900,0.0,0.0
2004-04-05 00:00:00-04:00,12.844123916873109,12.848287423432822,12.294553756713869,12.294553756713867,2992600,0.0,0.0
2004-04-06 00:00:00-04:00,12.282064138551496,12.323698413096945,11.96980827062222,12.057239532470703,2301400,0.0,0.0
2004-04-07 00:00:00-04:00,12.036421582650537,12.36533144498726,11.88653852699252,12.086382865905762,2749900,0.0,0.0
2004-04-08 00:00:00-04:00,12.090546643830171,12.173814392315004,11.91151983313165,11.928173065185547,1059300,0.0,0.0
2004-04-12 00:00:00-04:00,11.919849849177321,11.924013357044002,11.095494350164973,11.557633399963379,2326000,0.0,0.0
2004-04-13 00:00:00-04:00,11.636734936810868,11.819924462814829,11.174596026979906,11.453544616699219,2072900,0.0,0.0
2004-04-14 00:00:00-04:00,11.345293879852479,11.703347445404441,11.241208614899703,11.416071891784668,1852300,0.0,0.0
2004-04-15 00:00:00-04:00,11.386931105388856,11.674206733703613,11.36611357052097,11.674206733703613,1154300,0.0,0.0
2004-04-16 00:00:00-04:00,11.674201016809091,11.774122752919668,11.595096011264623,11.657546997070312,1205300,0.0,0.0
2004-04-19 00:00:00-04:00,11.511834830565576,11.769966742122048,11.386932779426948,11.707515716552734,934800,0.0,0.0
2004-04-20 00:00:00-04:00,11.740822259769883,11.740822259769883,11.36195182800293,11.36195182800293,1194500,0.0,0.0
2004-04-21 00:00:00-04:00,11.30366125908125,11.528485845249893,11.24537375634464,11.428564071655273,1002500,0.0,0.0
2004-04-22 00:00:00-04:00,11.36611414680991,11.74498456542972,11.253702629254827,11.540977478027344,1191900,0.0,0.0
2004-04-23 00:00:00-04:00,11.55346609012163,11.561793103114764,11.345295529939259,11.428564071655273,937100,0.0,0.0
2004-04-26 00:00:00-04:00,11.424402836100073,11.728331723795442,11.424402836100073,11.640899658203125,888100,0.0,0.0
2004-04-27 00:00:00-04:00,11.611752501021652,11.82408654773512,11.611752501021652,11.757472038269043,1127100,0.0,0.0
2004-04-28 00:00:00-04:00,11.761639994837578,11.840745052551298,11.61175689477114,11.67837142944336,1054900,0.0,0.0
2004-04-29 00:00:00-04:00,11.657551608122596,11.832414914008742,11.357786281221067,11.54513931274414,1026700,0.0,0.0
2004-04-30 00:00:00-04:00,11.649225406394836,11.744983682117255,11.424401594085342,11.432727813720703,1198600,0.0,0.0
2004-05-03 00:00:00-04:00,11.44937651497977,11.665874006939701,11.349454778869195,11.657546997070312,1517500,0.0,0.0
2004-05-04 00:00:00-04:00,11.645064657473357,12.028098645186335,11.620084404435621,11.890706062316895,1508900,0.0,0.0
2004-05-05 00:00:00-04:00,11.849069098883179,12.053076967242161,11.849069098883179,11.87405014038086,1579100,0.0,0.0
2004-05-06 00:00:00-04:00,11.782452223761846,11.81159676635633,11.611752444817801,11.720001220703125,1227600,0.0,0.0
2004-05-07 00:00:00-04:00,11.657549121897848,11.703346890419708,11.382764098981713,11.386927604675293,2460300,0.0,0.0
2004-05-10 00:00:00-04:00,11.345294056788202,11.51183032448835,11.107979776052042,11.38276481628418,1538400,0.0,0.0
2004-05-11 00:00:00-04:00,11.357790555801369,11.561797690430039,11.311992760275837,11.424405097961426,948900,0.0,0.0
2004-05-12 00:00:00-04:00,11.349459036435826,11.453544316527012,11.2079029919832,11.428564071655273,986000,0.0,0.0
2004-05-13 00:00:00-04:00,11.386931480904456,11.486853269242232,11.27035566412316,11.407748222351074,1138000,0.0,0.0
2004-05-14 00:00:00-04:00,11.407742093728853,11.582605327904503,11.332800594209667,11.436885833740234,1168600,0.0,0.0
2004-05-17 00:00:00-04:00,11.332807008447272,11.540977605330559,11.249539246158642,11.48685359954834,1460800,0.0,0.0
2004-05-18 00:00:00-04:00,11.491013057223812,11.628405570983887,11.44521528793461,11.628405570983887,1187300,0.0,0.0
2004-05-19 00:00:00-04:00,11.615919422218733,11.803273281491546,11.303663519502596,11.36195182800293,1457000,0.0,0.0
2004-05-20 00:00:00-04:00,11.499339000497335,11.678364967044782,11.399416459674752,11.553462982177734,1630900,0.0,0.0
2004-05-21 00:00:00-04:00,11.678369660661142,11.761638213443675,11.55763113264502,11.60759162902832,1034400,0.0,0.0
2004-05-24 00:00:00-04:00,11.682534671038708,11.786619978356857,11.636737675812078,11.707515716552734,848600,0.0,0.0
2004-05-25 00:00:00-04:00,11.657548519381697,11.978131294250488,11.657548519381697,11.978131294250488,1047700,0.0,0.0
2004-05-26 00:00:00-04:00,11.978126833416987,12.11551928660697,11.857387601831185,12.094701766967773,1036100,0.0,0.0
2004-05-27 00:00:00-04:00,12.115526489050197,12.365331314474378,12.040584962012176,12.157160758972168,986000,0.0,0.0
2004-05-28 00:00:00-04:00,12.136345520317962,12.332026387696029,12.128018505938511,12.257084846496582,1067400,0.0,0.0
2004-06-01 00:00:00-04:00,12.265408749018587,12.290389787436359,11.961479928571194,12.157160758972168,1054500,0.0,0.0
2004-06-02 00:00:00-04:00,12.136343798750081,12.3528413772583,12.107200046663914,12.3528413772583,952100,0.0,0.0
2004-06-03 00:00:00-04:00,12.248760143598615,12.394479746306745,12.128020794635095,12.173818588256836,881300,0.0,0.0
2004-06-04 00:00:00-04:00,12.261250278474401,12.3986428608722,12.173818201980572,12.240432739257812,797800,0.0,0.0
2004-06-07 00:00:00-04:00,12.240432296767287,12.332027877793262,12.211288537025528,12.286230087280273,558200,0.0,0.0
2004-06-08 00:00:00-04:00,12.32786750793457,12.344520748836686,12.161330334264845,12.32786750793457,767400,0.0,0.0
2004-06-09 00:00:00-04:00,12.307043598775648,12.486070411999457,12.286226859887725,12.3528413772583,1002000,0.0,0.0
2004-06-10 00:00:00-04:00,12.340351710891206,12.377822478767008,12.25292044858616,12.277900695800781,530700,0.0,0.0
2004-06-14 00:00:00-04:00,12.11552783447743,12.132181067830967,12.01560605203299,12.057239532470703,1409500,0.0,0.0
2004-06-15 00:00:00-04:00,12.094711488527189,12.26124860307224,12.094711488527189,12.24459457397461,1249700,0.0,0.0
2004-06-16 00:00:00-04:00,12.212054036972665,12.338823249257688,12.14866983381709,12.309243202209473,711100,0.433,0.0
2004-06-17 00:00:00-04:00,12.254311614439962,12.305019465404113,12.110640310344474,12.212055206298828,1378600,0.0,0.0
2004-06-18 00:00:00-04:00,12.09373745317539,12.241633663200306,12.09373745317539,12.157121658325195,1059100,0.0,0.0
2004-06-21 00:00:00-04:00,12.174026160836764,12.410661755940074,12.157124078885987,12.36840534210205,973700,0.0,0.0
2004-06-22 00:00:00-04:00,12.410659690429052,12.448689569982482,12.321921155540586,12.431787490844727,701500,0.0,0.0
2004-06-23 00:00:00-04:00,12.3810803738917,12.533203125000002,12.3810803738917,12.533203125,733200,0.0,0.0
2004-06-24 00:00:00-04:00,12.465594075307123,12.613491115361507,12.465594075307123,12.571234703063965,881800,0.0,0.0
2004-06-25 00:00:00-04:00,12.5923641859213,12.685328466571203,12.554333490378,12.67687702178955,896200,0.0,0.0
2004-06-28 00:00:00-04:00,12.774063244437226,12.81631965253202,12.626166219092426,12.702227592468262,814500,0.0,0.0
2004-06-29 00:00:00-04:00,12.659970798034927,12.664196519312846,12.427561769566807,12.431787490844727,1066600,0.0,0.0
2004-06-30 00:00:00-04:00,12.427560536666041,12.643067464616612,12.41065845920509,12.562780380249023,1107500,0.0,0.0
2004-07-01 00:00:00-04:00,12.567007927332615,12.655746466312994,12.465593029907867,12.592361450195312,793500,0.0,0.0
2004-07-02 00:00:00-04:00,12.63039465373611,12.883932350795392,12.63039465373611,12.782517433166504,952400,0.0,0.0
2004-07-06 00:00:00-04:00,12.824773788452148,12.888158010917575,12.579687537204812,12.824773788452148,657000,0.0,0.0
2004-07-07 00:00:00-04:00,12.803642240101333,12.883929333327607,12.75293519614974,12.854350090026855,863000,0.0,0.0
2004-07-08 00:00:00-04:00,12.854346721929172,12.947310148798088,12.62193775177002,12.62193775177002,959900,0.0,0.0
2004-07-09 00:00:00-04:00,12.727581920909508,12.761386886190552,12.528977044656166,12.702227592468262,726200,0.0,0.0
2004-07-12 00:00:00-04:00,12.727584655024485,12.79519460011041,12.63884609836538,12.782517433166504,428800,0.0,0.0
2004-07-13 00:00:00-04:00,12.782513717677103,12.782513717677103,12.647293866809564,12.69800090789795,617400,0.0,0.0
2004-07-14 00:00:00-04:00,12.698005521532277,12.769841194152832,12.676877714397952,12.769841194152832,616000,0.0,0.0
2004-07-15 00:00:00-04:00,12.76983912146885,12.90505980549295,12.757162761635438,12.900834083557129,1310000,0.0,0.0
2004-07-16 00:00:00-04:00,13.078313226476718,13.078313226476718,12.858580473749681,12.875482559204102,639200,0.0,0.0
2004-07-19 00:00:00-04:00,12.896601629733837,13.00646792479399,12.824766006270414,12.934632301330566,688500,0.0,0.0
2004-07-20 00:00:00-04:00,12.972671539231301,12.972671539231301,12.883932978250579,12.913512229919434,1461600,0.0,0.0
2004-07-21 00:00:00-04:00,12.951537366425597,13.023373006484958,12.774061126630347,12.803640365600586,584100,0.0,0.0
2004-07-22 00:00:00-04:00,12.761386310193455,12.782514110300255,12.537427921581388,12.545879364013672,964000,0.0,0.0
2004-07-23 00:00:00-04:00,12.516302310463487,12.571235083932761,12.402210235595703,12.402210235595703,709000,0.0,0.0
2004-07-26 00:00:00-04:00,12.381078887111544,12.402207492213789,12.275438279521945,12.326146125793457,523700,0.0,0.0
2004-07-27 00:00:00-04:00,12.326150011299452,12.486723430823835,12.241637176197695,12.288119316101074,488600,0.0,0.0
2004-07-28 00:00:00-04:00,12.288116219782866,12.53320241265301,12.144444919896168,12.444464683532715,749600,0.0,0.0
2004-07-29 00:00:00-04:00,12.444463788348571,12.676872800637376,12.39375594251752,12.40643310546875,480700,0.0,0.0
2004-07-30 00:00:00-04:00,12.444462583995135,12.58813385964268,12.444462583995135,12.48671817779541,997200,0.0,0.0
2004-08-02 00:00:00-04:00,12.495170364941053,12.647293090820312,12.355724801543012,12.647293090820312,946100,0.0,0.0
2004-08-03 00:00:00-04:00,12.630395980018934,12.714908823237861,12.541658220015846,12.60081672668457,1016700,0.0,0.0
2004-08-04 00:00:00-04:00,12.668420243912522,13.01492127435044,12.524748967003074,12.989567756652832,1238900,0.0,0.0
2004-08-05 00:00:00-04:00,12.989574515390219,13.065635914033122,12.88393386304712,12.955769538879395,1022900,0.0,0.0
2004-08-06 00:00:00-04:00,12.883927447072532,13.133239326927143,12.7487076083664,12.803640365600586,1015100,0.0,0.0
2004-08-09 00:00:00-04:00,12.845901568075908,12.917737234985136,12.761389540283595,12.81209659576416,697100,0.0,0.0
2004-08-10 00:00:00-04:00,12.888155217231445,12.947313704579207,12.78251460069676,12.795191764831543,1323500,0.0,0.0
2004-08-11 00:00:00-04:00,12.803640365600586,12.841671045983412,12.782512568042934,12.803640365600586,1410600,0.0,0.0
2004-08-12 00:00:00-04:00,12.80364261814762,12.80364261814762,12.668422755652236,12.693777084350586,767800,0.0,0.0
2004-08-13 00:00:00-04:00,12.655749215809555,12.727584884505328,12.655749215809555,12.67687702178955,764600,0.0,0.0
2004-08-16 00:00:00-04:00,12.697999765864694,12.879701726366239,12.664194806188162,12.803640365600586,1073500,0.0,0.0
2004-08-17 00:00:00-04:00,12.84589201128473,12.926179063035312,12.740251450655789,12.867020606994629,1316300,0.0,0.0
2004-08-18 00:00:00-04:00,12.888158345117663,13.116342519079137,12.879706900310023,13.103665351867676,1113200,0.0,0.0
2004-08-19 00:00:00-04:00,13.036052096530154,13.069857061206168,12.845898666493875,12.862801551818848,1069400,0.0,0.0
2004-08-20 00:00:00-04:00,12.968439637155754,13.167043665134784,12.951536755128377,13.158592224121094,1130400,0.0,0.0
2004-08-23 00:00:00-04:00,13.158590305767252,13.226200212072552,13.099431839243529,13.154364585876465,885000,0.0,0.0
2004-08-24 00:00:00-04:00,13.26000719946862,13.602282503395024,13.221977326564602,13.593831062316895,1851600,0.0,0.0
2004-08-25 00:00:00-04:00,13.589608252823066,13.69947377996212,13.492419083291033,13.5515775680542,1465300,0.0,0.0
2004-08-26 00:00:00-04:00,13.551578296556771,13.669895272443561,13.521999052585073,13.648767471313477,803100,0.0,0.0
2004-08-27 00:00:00-04:00,13.669895392014043,13.691024805276847,13.593834017722113,13.636091232299805,544000,0.0,0.0
2004-08-30 00:00:00-04:00,13.614967133681214,13.703704890505419,13.538905738703795,13.657222747802734,862700,0.0,0.0
2004-08-31 00:00:00-04:00,13.657211238960079,13.800882462630142,13.627632011611565,13.686790466308594,1178000,0.0,0.0
2004-09-01 00:00:00-04:00,13.7544111123098,13.851600308429953,13.56425763644504,13.644545555114746,1200300,0.0,0.0
2004-09-02 00:00:00-04:00,13.644539757760665,13.686795351355416,13.564251873204041,13.674118995666504,837000,0.0,0.0
2004-09-03 00:00:00-04:00,13.66989514314286,13.805115003433862,13.61073665575903,13.788213729858398,615800,0.0,0.0
2004-09-07 00:00:00-04:00,13.893850017363013,14.003715515136719,13.800885787898611,14.003715515136719,1129400,0.0,0.0
2004-09-08 00:00:00-04:00,13.944559991328338,14.03329771349661,13.872725152986705,13.919205665588379,1079300,0.0,0.0
2004-09-09 00:00:00-04:00,13.919204290060824,13.919204290060824,13.58538123318633,13.593831062316895,1141800,0.0,0.0
2004-09-10 00:00:00-04:00,13.526219476763998,13.589604471055694,13.36987186597781,13.568476676940918,963400,0.0,0.0
2004-09-13 00:00:00-04:00,13.416359732956831,13.475518226623535,13.369877598804976,13.475518226623535,1319600,0.0,0.0
2004-09-14 00:00:00-04:00,13.483966419968269,13.496643582401312,13.18394749615076,13.217752456665039,1463500,0.0,0.0
2004-09-15 00:00:00-04:00,13.283311219589779,13.437569288833071,13.193327890722706,13.360440254211426,1292300,0.433,0.0
2004-09-16 00:00:00-04:00,13.360440744057684,13.480418520279303,13.334731337336951,13.476134300231934,1007800,0.0,0.0
2004-09-17 00:00:00-04:00,13.561832264530832,13.574687376221542,13.35615538120318,13.399004936218262,1173400,0.0,0.0
2004-09-20 00:00:00-04:00,13.403294916974707,13.403294916974707,13.249036788940428,13.24903678894043,666200,0.0,0.0
2004-09-21 00:00:00-04:00,13.283313135771373,13.399006704393193,13.210469127819195,13.31759262084961,609600,0.0,0.0
2004-09-22 00:00:00-04:00,13.26188663592891,13.309020409543251,13.129052937440262,13.13333797454834,686300,0.0,0.0
2004-09-23 00:00:00-04:00,13.111915105644306,13.171903997442618,12.991936504760325,12.996221542358398,914400,0.0,0.0
2004-09-24 00:00:00-04:00,13.026213289921401,13.086202986580405,12.987648776814607,13.034783363342285,717400,0.0,0.0
2004-09-27 00:00:00-04:00,13.090496513319037,13.184765753399624,12.983372971254928,13.060502052307129,629900,0.0,0.0
2004-09-28 00:00:00-04:00,13.060494394018534,13.146193504333498,13.013360618903862,13.146193504333496,730000,0.0,0.0
2004-09-29 00:00:00-04:00,13.11191402366497,13.150478541577975,13.004790544414908,13.146193504333496,876700,0.0,0.0
2004-09-30 00:00:00-04:00,13.17619025322699,13.369012876530649,13.129055652577776,13.283313751220703,1108000,0.0,0.0
2004-10-01 00:00:00-04:00,13.283314146743452,13.681813701911748,13.223325247612726,13.608969688415527,1176900,0.0,0.0
2004-10-04 00:00:00-04:00,13.613251003468633,13.75465313637992,13.60896596651871,13.668954849243164,723800,0.0,0.0
2004-10-05 00:00:00-04:00,13.690384424750425,13.793222075381562,13.647534858795789,13.720378875732422,1380800,0.0,0.0
2004-10-06 00:00:00-04:00,13.72466538511266,13.77608585357666,13.711811085284287,13.77608585357666,535700,0.0,0.0
2004-10-07 00:00:00-04:00,13.771796065127763,13.79750629201898,13.634678124190849,13.65181827545166,665900,0.0,0.0
2004-10-08 00:00:00-04:00,13.694664689266215,13.77179372224374,13.65610099006471,13.763223648071289,801700,0.0,0.0
2004-10-11 00:00:00-04:00,13.806078884583142,13.857497713164758,13.707524631441212,13.741804122924805,452900,0.0,0.0
2004-10-12 00:00:00-04:00,13.711808076034304,13.900344848632812,13.711808076034304,13.900344848632812,594800,0.0,0.0
2004-10-13 00:00:00-04:00,13.857499251155465,13.917488163587805,13.81893471679535,13.831789016723633,904600,0.0,0.0
2004-10-14 00:00:00-04:00,13.89606270925154,14.003186225891113,13.836073801465401,14.003186225891113,771700,0.0,0.0
2004-10-15 00:00:00-04:00,14.110305717417454,14.247423648835763,14.011752306371461,14.213143348693848,1100500,0.0,0.0
2004-10-18 00:00:00-04:00,14.19171795595823,14.380256324006275,14.170293587200378,14.30312728881836,901800,0.0,0.0
2004-10-19 00:00:00-04:00,14.307412488402113,14.543083830024578,14.118875742019076,14.136015892028809,1265700,0.0,0.0
2004-10-20 00:00:00-04:00,14.097448704975458,14.140297437319408,13.806072748228383,14.088878631591797,1185000,0.0,0.0
2004-10-21 00:00:00-04:00,14.131728545375669,14.440244674682617,14.050315293286113,14.440244674682617,1247600,0.0,0.0
2004-10-22 00:00:00-04:00,14.457386049120455,14.57736382754958,14.34597671094372,14.371686935424805,815300,0.0,0.0
2004-10-25 00:00:00-04:00,14.333123119372953,14.337407339709392,14.106020211748461,14.123160362243652,720700,0.0,0.0
2004-10-26 00:00:00-04:00,14.136022564361069,14.358838081359865,14.101742248160981,14.358838081359863,870700,0.0,0.0
2004-10-27 00:00:00-04:00,14.315982159020104,14.47881031036377,14.294557789400454,14.47881031036377,710700,0.0,0.0
2004-10-28 00:00:00-04:00,14.397401809692383,14.470246660231055,14.31170429316503,14.397401809692383,907600,0.0,0.0
2004-10-29 00:00:00-04:00,14.418820282066656,14.461669017919583,14.24742206950596,14.290270805358887,1059300,0.0,0.0
2004-11-01 00:00:00-05:00,14.375971758260748,14.508805471786761,14.358831607888094,14.461670875549316,1057200,0.0,0.0
2004-11-02 00:00:00-05:00,14.461674840342717,14.48309921689486,14.097455535230814,14.127449989318848,1476400,0.0,0.0
2004-11-03 00:00:00-05:00,14.410253776369617,14.410253776369617,13.960335400203327,14.196006774902344,1243800,0.0,0.0
2004-11-04 00:00:00-05:00,14.277419406450884,14.354548454284668,14.2002903586171,14.354548454284668,1218100,0.0,0.0
2004-11-05 00:00:00-05:00,14.350261575725611,14.350261575725611,13.866063006134937,14.140298843383789,1643600,0.0,0.0
2004-11-08 00:00:00-05:00,14.183156576571795,14.397403664644333,14.140307812787512,14.337414741516113,1078500,0.0,0.0
2004-11-09 00:00:00-05:00,14.375968454368605,14.384538527585354,14.166007381568416,14.243136405944824,1104200,0.0,0.0
2004-11-10 00:00:00-05:00,14.226000586086638,14.4188232056711,14.178865986346565,14.354548454284668,632600,0.0,0.0
2004-11-11 00:00:00-05:00,14.397394247266249,14.568792459442427,14.371685659641967,14.543082237243652,625100,0.0,0.0
2004-11-12 00:00:00-05:00,14.500238092390354,14.924447902818999,14.457389343067263,14.881597518920898,1151200,0.0,0.0
2004-11-15 00:00:00-05:00,14.877315225626514,15.147265323577237,14.847320770298655,14.945874214172363,1469800,0.0,0.0
2004-11-16 00:00:00-05:00,14.945872847011247,15.03585620476367,14.783044651143715,14.82589340209961,1277400,0.0,0.0
2004-11-17 00:00:00-05:00,14.825891714889119,15.018714341397263,14.333124596673734,14.384543418884277,1165900,0.0,0.0
2004-11-18 00:00:00-05:00,14.465956690265545,14.594506197654232,14.161726343205409,14.384543418884277,1167600,0.0,0.0
2004-11-19 00:00:00-05:00,14.440245678998455,14.461670048451609,14.18743419647217,14.187434196472168,818300,0.0,0.0
2004-11-22 00:00:00-05:00,14.1060190786692,14.303127524381546,14.097450638684592,14.251707077026367,803500,0.0,0.0
2004-11-23 00:00:00-05:00,14.256001296146838,14.30313591659085,14.101743132721177,14.298850059509277,1095300,0.0,0.0
2004-11-24 00:00:00-05:00,14.341702323849118,14.675927298383089,14.324562162443335,14.650217056274414,1412800,0.0,0.0
2004-11-26 00:00:00-05:00,14.693060016501331,14.710200169224166,14.500237384806773,14.521661758422852,548500,0.0,0.0
2004-11-29 00:00:00-05:00,14.547375430036753,14.633074579356068,14.358836974619196,14.465960502624512,950300,0.0,0.0
2004-11-30 00:00:00-05:00,14.547370713490572,14.547370713490572,14.35454809868286,14.444531440734863,1084500,0.0,0.0
2004-12-01 00:00:00-05:00,14.4873812712555,14.783041513069998,14.431676599177502,14.731622695922852,1084100,0.0,0.0
2004-12-02 00:00:00-05:00,14.731627251175148,14.74019732911213,14.500240050602315,14.633073806762695,1309600,0.0,0.0
2004-12-03 00:00:00-05:00,14.633064259740932,14.903014183044434,14.633064259740932,14.903014183044434,1277300,0.0,0.0
2004-12-06 00:00:00-05:00,14.868739778967306,15.104411114837072,14.817320964767907,15.022997856140137,1483900,0.0,0.0
2004-12-07 00:00:00-05:00,15.0229996105313,15.0229996105313,14.804466764157905,14.834461212158203,754100,0.0,0.0
2004-12-08 00:00:00-05:00,14.834459950766515,14.993003887658137,14.774471059866846,14.988718032836914,1093100,0.0,0.0
2004-12-09 00:00:00-05:00,14.954443130247274,15.241533361674138,14.87731406980347,15.220108985900879,1177400,0.0,0.0
2004-12-10 00:00:00-05:00,15.494341686190278,15.494341686190278,15.117266539864866,15.374363899230957,1166600,0.0,0.0
2004-12-13 00:00:00-05:00,15.417210371412107,15.472915036257588,15.314372750469925,15.38293170928955,787100,0.0,0.0
2004-12-14 00:00:00-05:00,15.425778033550062,15.498621200779516,15.340078939782154,15.434348106384277,1409000,0.0,0.0
2004-12-15 00:00:00-05:00,15.461671039823138,15.604793636017385,15.34890617788818,15.505041122436523,887900,0.433,0.0
2004-12-16 00:00:00-05:00,15.505047926718543,15.596126132853245,15.296868460783516,15.335902214050293,993700,0.0,0.0
2004-12-17 00:00:00-05:00,15.340231830472984,15.505041122436522,15.15807549814165,15.505041122436523,1585300,0.0,0.0
2004-12-20 00:00:00-05:00,15.505046695798182,15.513721046331415,15.257833496222233,15.461676597595215,859200,0.0,0.0
2004-12-21 00:00:00-05:00,15.439986975223858,15.721897523639793,15.387942536326245,15.700212478637695,1207500,0.0,0.0
2004-12-22 00:00:00-05:00,15.713226586412537,15.821653489427636,15.665518484371775,15.786957740783691,877000,0.0,0.0
2004-12-23 00:00:00-05:00,15.786954704431789,15.825988448188278,15.596122332972097,15.613471031188965,826600,0.0,0.0
2004-12-27 00:00:00-05:00,15.617814193008357,15.674196659582988,15.461680804319885,15.656847953796387,645100,0.0,0.0
2004-12-28 00:00:00-05:00,15.630823954384631,15.752261565801184,15.596126548572261,15.66118335723877,803800,0.0,0.0
2004-12-29 00:00:00-05:00,15.665520920037912,15.825993952664048,15.630825165999491,15.808645248413086,546300,0.0,0.0
2004-12-30 00:00:00-05:00,15.852012905074282,15.886710308214651,15.756598355364753,15.860687255859375,483400,0.0,0.0
2004-12-31 00:00:00-05:00,15.878033183874754,15.938751974300875,15.682864461460111,15.69153881072998,1433700,0.0,0.0
2005-01-03 00:00:00-05:00,15.62215126323429,15.77394829363778,15.309881195588769,15.374938011169434,1549200,0.0,0.0
2005-01-04 00:00:00-05:00,15.439987544379125,15.58744817207719,15.262167521666425,15.279516220092773,1101700,0.0,0.0
2005-01-05 00:00:00-05:00,15.275188331122338,15.309884092724342,14.611614311805493,14.789434432983398,2217500,0.0,0.0
2005-01-06 00:00:00-05:00,14.811121145256493,15.001951970227166,14.724379259555691,14.789434432983398,1489900,0.0,0.0
2005-01-07 00:00:00-05:00,14.832805524364199,14.884849991617747,14.681006817717654,14.72437858581543,1199000,0.0,0.0
2005-01-10 00:00:00-05:00,14.767744326835748,14.824126781436561,14.63329602170119,14.637632369995117,928500,0.0,0.0
2005-01-11 00:00:00-05:00,14.615951299684045,14.694018825939732,14.459816247172668,14.468490600585938,1106100,0.0,0.0
2005-01-12 00:00:00-05:00,14.446802409333317,14.503183212589343,14.17790247526437,14.455476760864258,1091000,0.0,0.0
2005-01-13 00:00:00-05:00,14.455476493568776,14.780757224879,14.455476493568776,14.585588455200195,1513000,0.0,0.0
2005-01-14 00:00:00-05:00,14.659317557501064,14.828463268422247,14.589924402906135,14.676666259765625,1020300,0.0,0.0
2005-01-18 00:00:00-05:00,14.681005037952167,14.832803726196289,14.559567410927736,14.832803726196289,785600,0.0,0.0
2005-01-19 00:00:00-05:00,14.84147834777832,15.02797279521111,14.750398471395515,14.84147834777832,1205500,0.0,0.0
2005-01-20 00:00:00-05:00,14.841473553330694,14.889181650675683,14.641966814027732,14.70268726348877,950700,0.0,0.0
2005-01-21 00:00:00-05:00,14.663655836985146,14.77208274648957,14.581250326905245,14.620284080505371,757300,0.0,0.0
2005-01-24 00:00:00-05:00,14.650641405665818,14.74605760193003,14.403428219402274,14.442461967468262,971300,0.0,0.0
2005-01-25 00:00:00-05:00,14.446798382789831,14.533538564996634,14.125854083450715,14.143202781677246,1465200,0.0,0.0
2005-01-26 00:00:00-05:00,14.138869829592943,14.273319807173038,14.03044290864679,14.086825370788574,1403600,0.0,0.0
2005-01-27 00:00:00-05:00,13.95671012592743,14.01309257485654,13.80924948181808,13.865631103515625,2143900,0.0,0.0
2005-01-28 00:00:00-05:00,13.800577298716965,13.926352914361763,13.757206368245253,13.804914474487305,2190700,0.0,0.0
2005-01-31 00:00:00-05:00,13.804913920635094,13.930688704002122,13.470958844802363,13.679139137268066,2048100,0.0,0.0
2005-02-01 00:00:00-05:00,13.687811324480059,13.96538474491601,13.63576687687003,13.90466594696045,1425700,0.0,0.0
2005-02-02 00:00:00-05:00,13.813584214492325,14.017426444257355,13.709494512448602,13.878640174865723,1658600,0.0,0.0
2005-02-03 00:00:00-05:00,13.791902127443096,14.065138394112676,13.770217077111957,13.774554252624512,1036000,0.0,0.0
2005-02-04 00:00:00-05:00,13.90032959128087,14.000082150377091,13.549026632984974,13.969722747802734,2393200,0.0,0.0
2005-02-07 00:00:00-05:00,13.926352645400328,14.182240220286582,13.878644540079668,13.969722747802734,1020500,0.0,0.0
2005-02-08 00:00:00-05:00,13.96972505330969,14.030443868479189,13.922016940115475,14.017433166503906,1053100,0.0,0.0
2005-02-09 00:00:00-05:00,14.060803789470619,14.22561318985102,14.01309732899811,14.173568725585938,1131300,0.0,0.0
2005-02-10 00:00:00-05:00,14.199585659793982,14.281989497206483,14.09549512170079,14.26030445098877,833100,0.0,0.0
2005-02-11 00:00:00-05:00,14.260308813115781,14.308016922066107,14.108510134231697,14.281993865966797,759300,0.0,0.0
2005-02-14 00:00:00-05:00,14.303680013169613,14.377411183860305,14.18657873345871,14.251635551452637,697600,0.0,0.0
2005-02-15 00:00:00-05:00,14.295003621614585,14.446802290461905,14.251633518780135,14.355722427368164,1143800,0.0,0.0
2005-02-16 00:00:00-05:00,14.35138674332012,14.507521767894378,14.203926070607036,14.407769203186035,851600,0.0,0.0
2005-02-17 00:00:00-05:00,14.459814611056721,14.589926588606225,14.416444503361406,14.55089282989502,1510600,0.0,0.0
2005-02-18 00:00:00-05:00,14.555226047760852,14.620281187914484,14.321023572496545,14.481494903564453,1258900,0.0,0.0
2005-02-22 00:00:00-05:00,14.481499708129961,14.481499708129961,14.095500123313396,14.134533882141113,1230000,0.0,0.0
2005-02-23 00:00:00-05:00,14.026105203046423,14.182240218820313,13.822262909188481,13.90032958984375,1398500,0.0,0.0
2005-02-24 00:00:00-05:00,13.900332838106046,13.974064014768215,13.856962725573293,13.943704605102539,699300,0.0,0.0
2005-02-25 00:00:00-05:00,13.865632746971292,14.251633103353365,13.865632746971292,14.234284400939941,1189600,0.0,0.0
2005-02-28 00:00:00-05:00,14.212601246443734,14.247297001436474,14.000083749682858,14.229949951171875,1338700,0.0,0.0
2005-03-01 00:00:00-05:00,14.229948869234091,14.39909459131405,14.203925814120474,14.334037780761719,857400,0.0,0.0
2005-03-02 00:00:00-05:00,14.290668217999901,14.364397728586056,14.11284813747999,14.281993865966797,663500,0.0,0.0
2005-03-03 00:00:00-05:00,14.290671045593792,14.438131750406587,14.27332233809492,14.420783042907715,614100,0.0,0.0
2005-03-04 00:00:00-05:00,14.429452122075183,14.772081524845069,14.429452122075183,14.750394821166992,1307200,0.0,0.0
2005-03-07 00:00:00-05:00,14.850149989026704,14.945564542655022,14.659317572843442,14.819788932800293,873100,0.0,0.0
2005-03-08 00:00:00-05:00,14.811119087532694,14.854489197125712,14.694017806275191,14.815455436706543,934700,0.0,0.0
2005-03-09 00:00:00-05:00,14.728711536563472,14.728711536563472,14.268982482061604,14.290667533874512,1132700,0.0,0.0
2005-03-10 00:00:00-05:00,14.364401090994178,14.54222121313809,14.225614734904486,14.511861801147461,1087600,0.0,0.0
2005-03-11 00:00:00-05:00,14.47282143785286,14.47715944013917,14.065136909484862,14.065136909484863,1135400,0.0,0.0
2005-03-14 00:00:00-05:00,14.108508399423334,14.394755363464354,14.052127599836073,14.394755363464355,803500,0.0,0.0
2005-03-15 00:00:00-05:00,14.481495715534246,14.602933307533712,14.268979929535183,14.442461967468262,1236000,0.0,0.0
2005-03-16 00:00:00-05:00,14.474541654172652,14.492118914104172,14.083456840125056,14.162552833557129,1805500,0.433,0.0
2005-03-17 00:00:00-05:00,14.171338928301044,14.342712991325495,14.171338928301044,14.294376373291016,796200,0.0,0.0
2005-03-18 00:00:00-05:00,14.333926413173854,14.35589714917042,14.114215700688774,14.19331169128418,1179500,0.0,0.0
2005-03-21 00:00:00-05:00,14.127405225422539,14.188923981721299,13.951635913488605,14.004366874694824,669600,0.0,0.0
2005-03-22 00:00:00-05:00,14.021935392613909,14.232857442187903,13.709946632385256,13.709946632385254,1208200,0.0,0.0
2005-03-23 00:00:00-05:00,13.71434209690067,13.960418695213296,13.490237910565362,13.815409660339355,1307900,0.0,0.0
2005-03-24 00:00:00-05:00,13.881322111547542,14.127398699328904,13.740707397460938,13.740707397460938,894500,0.0,0.0
2005-03-28 00:00:00-05:00,14.017544918475096,14.017544918475096,13.793439865112306,13.793439865112305,1282500,0.0,0.0
2005-03-29 00:00:00-05:00,13.749496855903338,13.986783990703634,13.74510254105687,13.86374568939209,915300,0.0,0.0
2005-03-30 00:00:00-05:00,13.885714380679321,14.171338081359863,13.885714380679321,14.171338081359863,1065100,0.0,0.0
2005-03-31 00:00:00-05:00,14.215289207413639,14.430606545901176,14.140588334143999,14.153770446777344,1226700,0.0,0.0
2005-04-01 00:00:00-05:00,14.500901831316217,14.500901831316217,13.99996185443584,14.105422019958496,1422900,0.0,0.0
2005-04-04 00:00:00-04:00,14.052704165263755,14.087858701867363,13.929666639672257,13.995579719543457,1837800,0.0,0.0
2005-04-05 00:00:00-04:00,14.004364752041509,14.052700551179868,13.916480109395291,13.999970436096191,886000,0.0,0.0
2005-04-06 00:00:00-04:00,14.052693155127272,14.215278568883592,14.043904527862166,14.14936637878418,1111400,0.0,0.0
2005-04-07 00:00:00-04:00,14.171336031103232,14.351498685688597,14.13618152471627,14.333921432495117,1154500,0.0,0.0
2005-04-08 00:00:00-04:00,14.391053212108353,14.413023950462648,14.07906436920166,14.07906436920166,1305700,0.0,0.0
2005-04-11 00:00:00-04:00,14.153760825623369,14.206492592832848,14.061482747395832,14.171338081359863,527400,0.0,0.0
2005-04-12 00:00:00-04:00,14.114208793495958,14.369073899857762,14.03511367973787,14.307555198669434,897800,0.0,0.0
2005-04-13 00:00:00-04:00,14.281198059597733,14.391053429286947,14.171342689908519,14.250438690185547,858600,0.0,0.0
2005-04-14 00:00:00-04:00,14.219679207560988,14.259227207384633,13.977996893290939,14.083457946777344,785500,0.0,0.0
2005-04-15 00:00:00-04:00,14.017542116909885,14.149369036256743,13.991177068292426,14.043907165527344,750600,0.0,0.0
2005-04-18 00:00:00-04:00,14.043908755831369,14.127399901855556,13.841775296658696,14.035120964050293,892600,0.0,0.0
2005-04-19 00:00:00-04:00,13.94723093354496,14.153758627597673,13.942836620293257,14.105422019958496,969400,0.0,0.0
2005-04-20 00:00:00-04:00,14.09664246030028,14.197709203688046,13.977997616560305,14.057093620300293,709100,0.0,0.0
2005-04-21 00:00:00-04:00,14.074665282467786,14.184520619798967,13.942839212922253,14.180127143859863,551100,0.0,0.0
2005-04-22 00:00:00-04:00,14.136187364351024,14.474542084933223,14.096641042717863,14.461359977722168,1392500,0.0,0.0
2005-04-25 00:00:00-04:00,14.49211854618403,14.685463371742882,14.478936439699934,14.672281265258789,1186700,0.0,0.0
2005-04-26 00:00:00-04:00,14.672282040755846,14.808503294577058,14.619551935772717,14.707436561584473,970700,0.0,0.0
2005-04-27 00:00:00-04:00,14.672281910041434,14.918358524870106,14.588792438206966,14.830473899841309,1213100,0.0,0.0
2005-04-28 00:00:00-04:00,14.742590119991416,14.764560858443227,14.62834127428606,14.685464859008789,1453200,0.0,0.0
2005-04-29 00:00:00-04:00,14.993055228783659,15.094121932983397,14.808499075790918,15.094121932983398,1487700,0.0,0.0
2005-05-02 00:00:00-04:00,15.085339988563415,15.13367494258595,14.584398100758152,15.11609935760498,1730600,0.0,0.0
2005-05-03 00:00:00-04:00,15.124886391655131,15.155647437118663,14.944723653636773,15.07655143737793,736000,0.0,0.0
2005-05-04 00:00:00-04:00,15.067763444182757,15.278685560328222,14.997456072134268,15.256714820861816,815800,0.0,0.0
2005-05-05 00:00:00-04:00,15.278681597813405,15.392930419164362,15.182008357721376,15.335806846618652,902100,0.0,0.0
2005-05-06 00:00:00-04:00,15.3050516081521,15.384145935778683,14.918360219846628,15.155648231506348,1227700,0.0,0.0
2005-05-09 00:00:00-04:00,15.129279607811215,15.515970926332246,15.129279607811215,15.472027778625488,1086800,0.0,0.0
2005-05-10 00:00:00-04:00,15.47202775219476,15.498393640773774,15.296260190447054,15.428086280822754,968500,0.0,0.0
2005-05-11 00:00:00-04:00,15.520364193657857,15.61264228820801,15.287471380861854,15.612642288208008,1323200,0.0,0.0
2005-05-12 00:00:00-04:00,15.656586444306347,15.66537507429555,15.414904986512427,15.529153823852539,1123700,0.0,0.0
2005-05-13 00:00:00-04:00,15.577488270589186,15.599459004357499,15.239133606526623,15.335806846618652,1011500,0.0,0.0
2005-05-16 00:00:00-04:00,15.322625309099129,15.533547401428223,15.322625309099129,15.533547401428223,810300,0.0,0.0
2005-05-17 00:00:00-04:00,15.467635520741617,15.573095731028092,15.375357417675994,15.537942886352539,961800,0.0,0.0
2005-05-18 00:00:00-04:00,15.731291947568025,15.75765784535047,15.546735691871714,15.652195930480957,1053800,0.0,0.0
2005-05-19 00:00:00-04:00,16.078432305780506,16.078432305780506,15.805991452695121,15.915846824645996,1362900,0.0,0.0
2005-05-20 00:00:00-04:00,15.994939859432478,16.082822799682617,15.79719989135039,16.082822799682617,1344000,0.0,0.0
2005-05-23 00:00:00-04:00,16.025697290336026,16.139946104633328,15.95538994086243,16.03887939453125,924600,0.0,0.0
2005-05-24 00:00:00-04:00,15.994940474687676,16.038881946502983,15.770834610154393,15.907055854797363,1027400,0.0,0.0
2005-05-25 00:00:00-04:00,15.819170753474218,15.902660217886304,15.643401519042866,15.713708877563477,1074600,0.0,0.0
2005-05-26 00:00:00-04:00,15.779621092300097,15.86750570023008,15.639006390115917,15.735679626464844,964500,0.0,0.0
2005-05-27 00:00:00-04:00,15.805985534652235,15.827956265564188,15.687341576216511,15.788408279418945,593300,0.0,0.0
2005-05-31 00:00:00-04:00,15.81038038395327,15.893869839176066,15.753255137611637,15.775227546691895,1151500,0.0,0.0
2005-06-01 00:00:00-04:00,15.836743414918109,15.911444228297746,15.775224703603309,15.902655601501465,2826700,0.0,0.0
2005-06-02 00:00:00-04:00,15.871896743774412,15.924628506206387,15.810378030529659,15.871896743774414,722500,0.0,0.0
2005-06-03 00:00:00-04:00,15.920237689671461,16.01691093752863,15.775229494145385,15.841141700744629,1812000,0.0,0.0
2005-06-06 00:00:00-04:00,15.858719230044706,15.924633114027365,15.81917123490705,15.907055854797363,927800,0.0,0.0
2005-06-07 00:00:00-04:00,15.937815869164007,16.30692994672255,15.937815869164007,16.065248489379883,977500,0.0,0.0
2005-06-08 00:00:00-04:00,16.214648348432107,16.320108532835313,16.170705208047927,16.21904182434082,880100,0.0,0.0
2005-06-09 00:00:00-04:00,16.219046823179006,16.219046823179006,16.034490605462004,16.078432083129883,1157400,0.0,0.0
2005-06-10 00:00:00-04:00,16.065241916176458,16.13554925093232,15.968568702289987,16.06963539123535,584300,0.0,0.0
2005-06-13 00:00:00-04:00,15.99494392416246,16.227836792276793,15.951000766610658,16.19268226623535,1075200,0.0,0.0
2005-06-14 00:00:00-04:00,16.170713666464454,16.289357693171763,16.122377024888113,16.214656829833984,1146800,0.0,0.0
2005-06-15 00:00:00-04:00,16.300465048650995,16.31380367536857,16.095931523553684,16.251554489135742,1851500,0.433,0.0
2005-06-16 00:00:00-04:00,16.309359076922338,16.327145044460867,16.10482553871892,16.278234481811523,647000,0.0,0.0
2005-06-17 00:00:00-04:00,16.40718827904247,16.70509574923024,16.304919763433475,16.58504295349121,2085800,0.0,0.0
2005-06-20 00:00:00-04:00,16.496108197094202,16.616160945011195,16.456090614455203,16.540573120117188,704900,0.0,0.0
2005-06-21 00:00:00-04:00,16.56280612711496,16.598378068526316,16.273790039720026,16.358272552490234,1034800,0.0,0.0
2005-06-22 00:00:00-04:00,16.447193990019894,16.53612041488854,16.22932017830092,16.296016693115234,876500,0.0,0.0
2005-06-23 00:00:00-04:00,16.27823867689291,16.371612486288814,16.162631554262465,16.2115421295166,902200,0.0,0.0
2005-06-24 00:00:00-04:00,16.167074624834388,16.300465988187952,16.055914872679217,16.1181640625,826100,0.0,0.0
2005-06-27 00:00:00-04:00,16.122609706274392,16.22932381465517,16.1181640625,16.1181640625,566400,0.0,0.0
2005-06-28 00:00:00-04:00,16.131499519853357,16.358266319537506,16.082588967130782,16.318248748779297,826000,0.0,0.0
2005-06-29 00:00:00-04:00,16.358268705043077,16.518339011418767,16.34492838206969,16.411624908447266,921000,0.0,0.0
2005-06-30 00:00:00-04:00,16.52279184507806,16.540577819340296,16.318258229553905,16.371614456176758,1307700,0.0,0.0
2005-07-01 00:00:00-04:00,16.41607778533927,16.638397376340052,16.362721558424965,16.62061309814453,1051500,0.0,0.0
2005-07-05 00:00:00-04:00,16.620602735314414,16.949634574994743,16.540567596762372,16.896278381347656,1467200,0.0,0.0
2005-07-06 00:00:00-04:00,16.91406434461762,17.043010034080666,16.89183273861157,16.896278381347656,1336800,0.0,0.0
2005-07-07 00:00:00-04:00,16.785122456847724,17.10970872730811,16.67840834922086,17.091922760009766,1220400,0.0,0.0
2005-07-08 00:00:00-04:00,17.09192056446103,17.398722524375916,17.047457348089907,17.300901412963867,1109100,0.0,0.0
2005-07-11 00:00:00-04:00,17.41206219442246,17.6521676480191,17.349813009304018,17.57657814025879,1217300,0.0,0.0
2005-07-12 00:00:00-04:00,17.576571486639367,17.718855769094905,17.500983703655926,17.63882064819336,857000,0.0,0.0
2005-07-13 00:00:00-04:00,17.718860188590337,17.718860188590337,17.47875646216069,17.518774032592773,1068700,0.0,0.0
2005-07-14 00:00:00-04:00,17.629935374804706,17.687737218145493,17.265331564697032,17.305347442626953,1758800,0.0,0.0
2005-07-15 00:00:00-04:00,17.340923294236614,17.358709263668892,17.158621347964253,17.2697811126709,1614400,0.0,0.0
2005-07-18 00:00:00-04:00,17.287567953164885,17.358710138315214,17.17196084219342,17.24310302734375,1544200,0.0,0.0
2005-07-19 00:00:00-04:00,17.33202313068329,17.465414453848563,17.296452902715142,17.41650390625,751100,0.0,0.0
2005-07-20 00:00:00-04:00,17.41650558891744,17.585468852537673,17.26977562810837,17.518774032592773,1000100,0.0,0.0
2005-07-21 00:00:00-04:00,17.36314767161446,17.5187722950431,17.229756348791838,17.345361709594727,1391500,0.0,0.0
2005-07-22 00:00:00-04:00,17.33647438868287,17.438741149435305,17.251991897853795,17.32758140563965,1105400,0.0,0.0
2005-07-25 00:00:00-04:00,17.30535289839437,17.438745984866987,17.300907253721608,17.407621383666992,795400,0.0,0.0
2005-07-26 00:00:00-04:00,17.385387608311067,17.616600136892217,17.349817363386624,17.581029891967773,1108500,0.0,0.0
2005-07-27 00:00:00-04:00,17.60770371769611,17.652168635384324,17.38538421774458,17.585472106933594,1001000,0.0,0.0
2005-07-28 00:00:00-04:00,17.652166531558137,18.114591443423613,17.603255976011965,18.007877349853516,1553300,0.0,0.0
2005-07-29 00:00:00-04:00,17.99009812919123,18.034563058249436,17.887831336602783,17.963420867919922,1308200,0.0,0.0
2005-08-01 00:00:00-04:00,17.998990999004743,18.00788398475907,17.82558201720435,17.856706619262695,904000,0.0,0.0
2005-08-02 00:00:00-04:00,17.892270199668737,18.083463367453017,17.834466667364016,18.043447494506836,1386900,0.0,0.0
2005-08-03 00:00:00-04:00,17.963420867919922,18.030115717261808,17.830027776908924,17.963420867919922,1579600,0.0,0.0
2005-08-04 00:00:00-04:00,17.87004655607272,17.87004655607272,17.5543531714538,17.567691802978516,1048700,0.0,0.0
2005-08-05 00:00:00-04:00,17.469862975583005,17.469862975583005,16.611709753679428,16.896278381347656,1965900,0.0,0.0
2005-08-08 00:00:00-04:00,16.62949925343174,16.673962474899533,16.16262694720401,16.25600242614746,2029300,0.0,0.0
2005-08-09 00:00:00-04:00,16.296025739205355,16.60727179134713,16.242667819269247,16.398292541503906,1679800,0.0,0.0
2005-08-10 00:00:00-04:00,16.473873229308644,16.758441894059303,16.473873229308644,16.562801361083984,1859700,0.0,0.0
2005-08-11 00:00:00-04:00,16.540570642114492,16.62060579540213,16.43385653900993,16.60726547241211,849800,0.0,0.0
2005-08-12 00:00:00-04:00,16.562800917583303,16.789566036183466,16.487213110104246,16.665067672729492,651900,0.0,0.0
2005-08-15 00:00:00-04:00,16.6295037591574,17.00300068763981,16.540575595963755,16.88294792175293,807900,0.0,0.0
2005-08-16 00:00:00-04:00,16.936296946916126,17.19418664484999,16.89627937528604,17.02967071533203,1639600,0.0,0.0
2005-08-17 00:00:00-04:00,16.962981069572024,17.00744429776748,16.81624936343284,16.847373962402344,1171700,0.0,0.0
2005-08-18 00:00:00-04:00,16.78511952582318,16.820691454208283,16.57169304400127,16.69174575805664,782600,0.0,0.0
2005-08-19 00:00:00-04:00,16.829589923776908,16.829589923776908,16.46054033815026,16.509450912475586,987000,0.0,0.0
2005-08-22 00:00:00-04:00,16.496107254818043,16.638391608037395,16.353822901598686,16.478322982788086,1175500,0.0,0.0
2005-08-23 00:00:00-04:00,16.478324237139645,16.625054245494947,16.44275229804538,16.456090927124023,1042100,0.0,0.0
2005-08-24 00:00:00-04:00,16.473876527040733,16.700643393270074,16.473876527040733,16.52278709411621,1307300,0.0,0.0
2005-08-25 00:00:00-04:00,16.593934513817473,16.736218919599263,16.42941848766301,16.69620132446289,1268300,0.0,0.0
2005-08-26 00:00:00-04:00,16.700640471144993,16.834031824089106,16.509445576665303,16.513891220092773,1454500,0.0,0.0
2005-08-29 00:00:00-04:00,16.473880767822266,16.56280894029149,16.318257738123975,16.473880767822266,1259400,0.0,0.0
2005-08-30 00:00:00-04:00,16.358269324190776,16.522785280342312,16.32269738979953,16.487215042114258,1488400,0.0,0.0
2005-08-31 00:00:00-04:00,16.48721744563234,16.82069674643076,16.451645506055392,16.794017791748047,1549500,0.0,0.0
2005-09-01 00:00:00-04:00,16.794011636789563,17.10081187046384,16.69174489223147,16.896278381347656,1913500,0.0,0.0
2005-09-02 00:00:00-04:00,16.918515732528814,17.100817677544885,16.85182089186248,16.967426300048828,1389500,0.0,0.0
2005-09-06 00:00:00-04:00,17.09636843521257,17.416507334594286,17.05190352129634,17.41206169128418,1777200,0.0,0.0
2005-09-07 00:00:00-04:00,17.38539030802479,17.40762362273904,17.16307073019243,17.394283294677734,1621000,0.0,0.0
2005-09-08 00:00:00-04:00,17.296456276954043,17.4832038265841,17.260884345883728,17.340919494628906,1272500,0.0,0.0
2005-09-09 00:00:00-04:00,17.363157767644598,17.527673771580346,17.363157767644598,17.47431755065918,1161600,0.0,0.0
2005-09-12 00:00:00-04:00,17.474309498406384,17.50098844465501,17.3587041236548,17.39872169494629,991900,0.0,0.0
2005-09-13 00:00:00-04:00,17.354257517315787,17.389829447149317,17.171955617326383,17.211973190307617,1393200,0.0,0.0
2005-09-14 00:00:00-04:00,17.211989974265023,17.309811180532815,17.14974073251811,17.207544326782227,1135300,0.0,0.0
2005-09-15 00:00:00-04:00,17.14143565288027,17.384258087438784,17.14143565288027,17.352781295776367,1382700,0.433,0.0
2005-09-16 00:00:00-04:00,17.357265746097017,17.42921289585478,17.190888283911324,17.42471694946289,1699500,0.0,0.0
2005-09-19 00:00:00-04:00,17.357270546502615,17.41572815789665,17.168409869414585,17.195390701293945,776400,0.0,0.0
2005-09-20 00:00:00-04:00,17.195389523659355,17.289819855736262,17.01102480683294,17.03800392150879,1027500,0.0,0.0
2005-09-21 00:00:00-04:00,16.94807361297435,17.011028898189505,16.682768057599784,16.714244842529297,1576600,0.0,0.0
2005-09-22 00:00:00-04:00,16.71424568631437,16.79518648460672,16.444444168910685,16.736730575561523,1964300,0.0,0.0
2005-09-23 00:00:00-04:00,16.73672452723221,16.817665296274125,16.525378995249916,16.741220474243164,1364000,0.0,0.0
2005-09-26 00:00:00-04:00,16.741223231964653,16.88511757499668,16.741223231964653,16.795183181762695,762800,0.0,0.0
2005-09-27 00:00:00-04:00,16.799676366766814,16.862629910643015,16.520881365877035,16.772695541381836,1458200,0.0,0.0
2005-09-28 00:00:00-04:00,16.77269657983948,16.81766462493191,16.430948013914623,16.610815048217773,1330900,0.0,0.0
2005-09-29 00:00:00-04:00,16.50290436516131,16.81767399475748,16.417465889562123,16.651294708251953,1461300,0.0,0.0
2005-09-30 00:00:00-04:00,16.65578210012984,17.064981851615098,16.633298936602053,17.0200138092041,1309100,0.0,0.0
2005-10-03 00:00:00-04:00,16.997535346613915,17.28082808840832,16.952569007122186,17.21787452697754,1599400,0.0,0.0
2005-10-04 00:00:00-04:00,17.217870356478816,17.217870356478816,16.961558509676635,16.975048065185547,1343100,0.0,0.0
2005-10-05 00:00:00-04:00,16.885114596608734,16.912095424426507,16.68276267636436,16.817665100097656,1977100,0.0,0.0
2005-10-06 00:00:00-04:00,16.81767068368041,17.029014568009433,16.61082103244644,16.8536434173584,1647300,0.0,0.0
2005-10-07 00:00:00-04:00,16.705243115052145,16.75020943410232,16.466916821091893,16.61530876159668,2251500,0.0,0.0
2005-10-10 00:00:00-04:00,16.637799049099677,16.637799049099677,16.372493536188987,16.448938369750977,1168800,0.0,0.0
2005-10-11 00:00:00-04:00,16.525374625783083,16.624302587422505,16.336514024858886,16.466917037963867,1790800,0.0,0.0
2005-10-12 00:00:00-04:00,16.37698432283408,16.444435524405385,16.012752637343915,16.18812370300293,1476800,0.0,0.0
2005-10-13 00:00:00-04:00,16.165645332788205,16.403970009035678,15.97228699401375,16.20611572265625,1144300,0.0,0.0
2005-10-14 00:00:00-04:00,16.34102228703837,16.69176464760067,16.323035059482244,16.660287857055664,1171100,0.0,0.0
2005-10-17 00:00:00-04:00,16.660279510860665,16.835650603287267,16.583836405076998,16.817665100097656,867100,0.0,0.0
2005-10-18 00:00:00-04:00,16.772697314422654,17.002030066049183,16.65128616038901,16.77719497680664,1129300,0.0,0.0
2005-10-19 00:00:00-04:00,16.70525117624523,17.10545744112049,16.55236321620071,17.10095977783203,1526900,0.0,0.0
2005-10-20 00:00:00-04:00,17.091960731564466,17.17290149145898,16.80417212543082,16.849140167236328,1344700,0.0,0.0
2005-10-21 00:00:00-04:00,16.907601291322834,17.109953253805173,16.8266605063299,17.105457305908203,1705900,0.0,0.0
2005-10-24 00:00:00-04:00,17.217875409461016,17.564121730432678,17.1953922385628,17.447206497192383,1394100,0.0,0.0
2005-10-25 00:00:00-04:00,17.402232088388402,17.523643213384403,17.244846534346838,17.456192016601562,1777700,0.0,0.0
2005-10-26 00:00:00-04:00,17.357264052081444,17.663039837547995,17.31229773112968,17.456192016601562,1311700,0.0,0.0
2005-10-27 00:00:00-04:00,17.447203339356804,17.49666733559379,17.217872293132935,17.222368240356445,1116200,0.0,0.0
2005-10-28 00:00:00-04:00,17.37525810896362,17.779962018322284,17.289821379368288,17.752981185913086,1964800,0.0,0.0
2005-10-31 00:00:00-05:00,17.865387041328045,17.874380646237903,17.591088095318955,17.649545669555664,2026900,0.0,0.0
2005-11-01 00:00:00-05:00,17.199884540791114,17.28981892067683,16.862631902736386,17.05599021911621,3406300,0.0,0.0
2005-11-02 00:00:00-05:00,17.145921808408318,17.33028648525764,16.95705946985114,17.321292877197266,1633400,0.0,0.0
2005-11-03 00:00:00-05:00,17.31230488524879,17.375258446738204,16.98404580365691,17.109952926635742,1483000,0.0,0.0
2005-11-04 00:00:00-05:00,17.132437294844465,17.141430906451482,16.943576597165105,17.051496505737305,1472200,0.0,0.0
2005-11-07 00:00:00-05:00,17.064982122370374,17.177399657148367,16.95256458759238,17.087465286254883,1706900,0.0,0.0
2005-11-08 00:00:00-05:00,16.952569422775497,17.082974211997108,16.777198292959646,17.033510208129883,3497700,0.0,0.0
2005-11-09 00:00:00-05:00,17.06497517604827,17.465181162496645,17.03799436115617,17.361757278442383,1435500,0.0,0.0
2005-11-10 00:00:00-05:00,17.415733019570265,17.76197940624359,17.298819479501134,17.7394962310791,1770400,0.0,0.0
2005-11-11 00:00:00-05:00,17.717008179372712,18.05426086008141,17.627073788112558,17.9013729095459,866600,0.0,0.0
2005-11-14 00:00:00-05:00,17.901370414530874,18.22063582941855,17.833919201647856,17.94633674621582,1437900,0.0,0.0
2005-11-15 00:00:00-05:00,17.83392097099844,17.986808915393517,17.784456972024184,17.842914581298828,1222700,0.0,0.0
2005-11-16 00:00:00-05:00,17.86989974975586,17.92385970930011,17.766474063874778,17.86989974975586,1083000,0.0,0.0
2005-11-17 00:00:00-05:00,17.874395388530818,18.103726499136393,17.82493137840746,18.049766540527344,1484400,0.0,0.0
2005-11-18 00:00:00-05:00,18.189156619661865,18.189156619661865,18.01378554806507,18.135196685791016,1115600,0.0,0.0
2005-11-21 00:00:00-05:00,18.135207380389712,18.360042572021484,18.117220153373637,18.360042572021484,1063800,0.0,0.0
2005-11-22 00:00:00-05:00,18.38252108195388,18.73326334295412,18.34205068911878,18.72876739501953,1344700,0.0,0.0
2005-11-23 00:00:00-05:00,18.818699462857044,18.962593807054613,18.70628189924295,18.881654739379883,1747700,0.0,0.0
2005-11-25 00:00:00-05:00,18.92661222813449,18.935605834860695,18.764730737773014,18.832181930541992,398900,0.0,0.0
2005-11-28 00:00:00-05:00,18.863672861910533,18.863672861910533,18.661320847004273,18.6748104095459,1073500,0.0,0.0
2005-11-29 00:00:00-05:00,18.67480191795477,18.74225313070501,18.503928485603865,18.512920379638672,1413800,0.0,0.0
2005-11-30 00:00:00-05:00,18.625346068422665,18.63433968174577,18.306080514555955,18.328563690185547,1345200,0.0,0.0
2005-12-01 00:00:00-05:00,18.50393909629759,18.557899068226632,18.418500615773645,18.45897102355957,1766700,0.0,0.0
2005-12-02 00:00:00-05:00,18.436472515060593,18.440968460917755,18.279088679732624,18.39150619506836,1137900,0.0,0.0
2005-12-05 00:00:00-05:00,18.458966676332796,18.458966676332796,18.11272031689831,18.256614685058594,1117600,0.0,0.0
2005-12-06 00:00:00-05:00,18.346544599472733,18.373525430151606,18.211643876789886,18.234127044677734,1299000,0.0,0.0
2005-12-07 00:00:00-05:00,18.234136550545266,18.279104625119594,18.067758963011883,18.16668701171875,996800,0.0,0.0
2005-12-08 00:00:00-05:00,18.14419128120311,18.324060041371087,18.01378823120473,18.15318489074707,1732200,0.0,0.0
2005-12-09 00:00:00-05:00,18.301581436188254,18.301581436188254,18.09922945940936,18.211647033691406,1138400,0.0,0.0
2005-12-12 00:00:00-05:00,18.009286855531325,18.24311550939576,18.009286855531325,18.18915557861328,1967200,0.0,0.0
2005-12-13 00:00:00-05:00,18.211643545518083,18.373525095935157,18.144192327725726,18.34654426574707,1243200,0.0,0.0
2005-12-14 00:00:00-05:00,18.391509673332987,18.409495175518266,18.256607257132778,18.288084030151367,1255100,0.0,0.0
2005-12-15 00:00:00-05:00,18.193984737917546,18.36674169830233,17.95758093271901,17.998497009277344,1518600,0.443,0.0
2005-12-16 00:00:00-05:00,18.071239506233095,18.243996495277997,18.057601389866594,18.121248245239258,1573500,0.0,0.0
2005-12-19 00:00:00-05:00,18.080328377397485,18.112151798422676,17.843924582462932,17.866655349731445,1058700,0.0,0.0
2005-12-20 00:00:00-05:00,17.912118828001518,18.04395797339933,17.857562904823393,18.012134552001953,1120300,0.0,0.0
2005-12-21 00:00:00-05:00,18.12579446505872,18.216719291219082,18.071240263061227,18.14852523803711,939400,0.0,0.0
2005-12-22 00:00:00-05:00,18.148512764491418,18.21670677080338,17.930294372237014,18.18033790588379,1142800,0.0,0.0
2005-12-23 00:00:00-05:00,18.153063575984437,18.266719119668664,18.139425465701038,18.234895706176758,592800,0.0,0.0
2005-12-27 00:00:00-05:00,18.234896595515792,18.33945949269543,17.871199184837476,18.21216583251953,953300,0.0,0.0
2005-12-28 00:00:00-05:00,18.321274925279624,18.339460230106265,17.96667015239073,18.039409637451172,961100,0.0,0.0
2005-12-29 00:00:00-05:00,18.089417419030216,18.171249552253588,17.848466478207605,17.862106323242188,919800,0.0,0.0
2005-12-30 00:00:00-05:00,17.775731716982442,17.903027143712272,17.70753941068629,17.78482437133789,831600,0.0,0.0
2006-01-03 00:00:00-05:00,17.866647557943516,18.207614121012078,17.657521815480415,18.18033790588379,1936600,0.0,0.0
2006-01-04 00:00:00-05:00,18.180348814022544,18.339465945225953,18.11670022729452,18.243995666503906,1261000,0.0,0.0
2006-01-05 00:00:00-05:00,18.280359268188477,18.421292782399373,18.19398166968602,18.280359268188477,1771700,0.0,0.0
2006-01-06 00:00:00-05:00,18.366744071014683,18.594055251427008,18.366744071014683,18.589508056640625,1626800,0.0,0.0
2006-01-09 00:00:00-05:00,18.7077097333761,18.775902042912033,18.625877574535718,18.7713565826416,1445300,0.0,0.0
2006-01-10 00:00:00-05:00,18.730438806918087,19.044127564566256,18.671337423275475,18.916833877563477,1616400,0.0,0.0
2006-01-11 00:00:00-05:00,18.962289557919572,18.962289557919572,18.734978481749124,18.816810607910156,1412300,0.0,0.0
2006-01-12 00:00:00-05:00,18.844089526934912,18.86227483017936,18.616778439117233,18.639509201049805,1292300,0.0,0.0
2006-01-13 00:00:00-05:00,18.707712588050896,18.707712588050896,18.36674578560219,18.44403076171875,1723000,0.0,0.0
2006-01-17 00:00:00-05:00,18.412191636288366,18.480385632343136,18.29853613236066,18.40764617919922,1154200,0.0,0.0
2006-01-18 00:00:00-05:00,18.398566095945675,18.49403636822681,18.34855736258512,18.47585105895996,1604000,0.0,0.0
2006-01-19 00:00:00-05:00,18.530400552331805,18.812267571733557,18.47584637261532,18.75316619873047,955400,0.0,0.0
2006-01-20 00:00:00-05:00,18.753160697321782,18.86681621669949,18.534942308226054,18.544034957885742,1166800,0.0,0.0
2006-01-23 00:00:00-05:00,18.544044900203442,18.716800133622776,18.544044900203442,18.63496971130371,738800,0.0,0.0
2006-01-24 00:00:00-05:00,18.6349690946222,18.88046382194836,18.6349690946222,18.79863166809082,1088500,0.0,0.0
2006-01-25 00:00:00-05:00,19.003209000881494,19.12141175269118,18.848637372223884,18.930469512939453,1264500,0.0,0.0
2006-01-26 00:00:00-05:00,19.048676833195792,19.103231028674514,18.97139013320821,19.012306213378906,1320500,0.0,0.0
2006-01-27 00:00:00-05:00,19.0577640953302,19.47147201221686,19.0577640953302,19.362361907958984,1835400,0.0,0.0
2006-01-30 00:00:00-05:00,19.362368172282764,19.430562226287602,19.194158369116824,19.298721313476562,1149200,0.0,0.0
2006-01-31 00:00:00-05:00,19.21687458223961,19.40781501398758,19.17141133593377,19.280521392822266,1396200,0.0,0.0
2006-02-01 00:00:00-05:00,19.321441455157775,19.70786959056258,19.253247438676514,19.580575942993164,2255400,0.0,0.0
2006-02-02 00:00:00-05:00,19.553304349069304,19.71242319452878,19.526028121002184,19.562397003173828,2347300,0.0,0.0
2006-02-03 00:00:00-05:00,19.39418929987082,19.598769703357707,19.066860654291805,19.457836151123047,1685100,0.0,0.0
2006-02-06 00:00:00-05:00,19.430554436488272,19.648772893873392,19.430554436488272,19.603309631347656,2142000,0.0,0.0
2006-02-07 00:00:00-05:00,19.535118006850308,19.762429124512533,19.530570813319194,19.68968963623047,1734700,0.0,0.0
2006-02-08 00:00:00-05:00,19.662401122055105,19.662401122055105,19.448728231203766,19.61239242553711,1587500,0.0,0.0
2006-02-09 00:00:00-05:00,19.59421392575476,19.82607219289349,19.548752404558783,19.685138702392578,1234300,0.0,0.0
2006-02-10 00:00:00-05:00,19.653320406347294,19.88972419344176,19.585128106803285,19.753337860107422,1196600,0.0,0.0
2006-02-13 00:00:00-05:00,19.753333029715414,19.907904632161763,19.68513901260095,19.880626678466797,902700,0.0,0.0
2006-02-14 00:00:00-05:00,19.90335919192123,20.053385349084557,19.548754433893066,20.03974723815918,1404700,0.0,0.0
2006-02-15 00:00:00-05:00,20.003381962577198,20.458004279908497,19.980651193559932,20.398902893066406,1668700,0.0,0.0
2006-02-16 00:00:00-05:00,20.376166143914126,20.51255245223664,20.321611967434322,20.457998275756836,826900,0.0,0.0
2006-02-17 00:00:00-05:00,20.457999719440608,20.594386037387654,20.344344165443715,20.5716552734375,1385000,0.0,0.0
2006-02-21 00:00:00-05:00,20.57165265547817,20.776232973486803,20.489820528274716,20.744409561157227,1275100,0.0,0.0
2006-02-22 00:00:00-05:00,20.82169517898635,21.00809020056831,20.417081722448373,20.98081398010254,1498400,0.0,0.0
2006-02-23 00:00:00-05:00,20.980811690362064,21.03536585958581,20.826240099023313,20.939895629882812,936500,0.0,0.0
2006-02-24 00:00:00-05:00,20.898983966384957,20.958083606209037,20.767143106630673,20.871706008911133,796900,0.0,0.0
2006-02-27 00:00:00-05:00,20.912622971165014,20.95808450131689,20.753505881387245,20.848976135253906,1040800,0.0,0.0
2006-02-28 00:00:00-05:00,20.86716756480438,20.912629108297644,20.51256093541939,20.58530044555664,3048700,0.0,0.0
2006-03-01 00:00:00-05:00,20.585304104113405,20.63986004709743,20.23069914595239,20.4398250579834,1658300,0.0,0.0
2006-03-02 00:00:00-05:00,20.367062336356838,20.407978379867007,20.207945352842312,20.298870086669922,1571300,0.0,0.0
2006-03-03 00:00:00-05:00,20.139765830928976,20.185229097611693,19.885178474490946,20.01247215270996,2472800,0.0,0.0
2006-03-06 00:00:00-05:00,20.01247177045065,20.653489077339337,20.007924576746085,20.576202392578125,1475600,0.0,0.0
2006-03-07 00:00:00-05:00,20.57620366647547,20.580750860461556,20.1033978124584,20.139766693115234,1164300,0.0,0.0
2006-03-08 00:00:00-05:00,20.089748134130524,20.153396679065676,19.889715052785185,20.148849487304688,1347100,0.0,0.0
2006-03-09 00:00:00-05:00,20.23977484085108,20.439807928077173,20.185220677834067,20.339792251586914,1319000,0.0,0.0
2006-03-10 00:00:00-05:00,20.448909483606077,20.553472397530633,20.25342176888954,20.508010864257812,976400,0.0,0.0
2006-03-13 00:00:00-05:00,20.508009051112598,20.59893384386577,20.19431860282646,20.353437423706055,792200,0.0,0.0
2006-03-14 00:00:00-05:00,20.412536751064664,20.539830407599542,20.271603249725334,20.457998275756836,1012700,0.0,0.0
2006-03-15 00:00:00-05:00,20.571646568971726,20.89442778952565,20.457991063065805,20.85805892944336,1080700,0.0,0.0
2006-03-16 00:00:00-05:00,20.886980567127175,21.245042530765783,20.886980567127175,21.093555450439453,1117900,0.443,0.0
2006-03-17 00:00:00-05:00,21.217502371350147,21.44702965186703,21.033879846474967,21.44243812561035,1870800,0.0,0.0
2006-03-20 00:00:00-05:00,21.55720371711698,21.55720371711698,21.04765282806288,21.148645401000977,1319500,0.0,0.0
2006-03-21 00:00:00-05:00,21.070605805162593,21.208321828165083,20.78599070631597,20.93288803100586,1307800,0.0,0.0
2006-03-22 00:00:00-05:00,20.886990463339718,21.07061305798486,20.785997861169406,21.047658920288086,1371800,0.0,0.0
2006-03-23 00:00:00-05:00,20.95125734371724,21.194555787306253,20.95125734371724,21.12110710144043,1111200,0.0,0.0
2006-03-24 00:00:00-05:00,21.116517408011592,21.203737175585474,21.111927631257096,21.16242218017578,1265700,0.0,0.0
2006-03-27 00:00:00-05:00,21.185379491622964,21.20833188114402,21.00175687314437,21.13947296142578,1607200,0.0,0.0
2006-03-28 00:00:00-05:00,21.024702238986603,21.538842947351636,21.001749857133202,21.373584747314453,1429000,0.0,0.0
2006-03-29 00:00:00-05:00,21.529669845501456,21.915275930085677,21.529669845501456,21.759197235107422,1231900,0.0,0.0
2006-03-30 00:00:00-05:00,21.644426538340653,21.745417366311376,21.31390664386152,21.460803985595703,1440100,0.0,0.0
2006-03-31 00:00:00-05:00,21.46080914301144,21.529668054627432,21.212919162579702,21.479171752929688,1204800,0.0,0.0
2006-04-03 00:00:00-04:00,21.59393299787425,21.791326654300953,21.13487830872465,21.231279373168945,1526700,0.0,0.0
2006-04-04 00:00:00-04:00,21.116505613746746,21.23126923121276,20.795167134611138,20.95583724975586,1717900,0.0,0.0
2006-04-05 00:00:00-04:00,21.070605805162593,21.231274206806457,20.928298255739282,20.93288803100586,1480200,0.0,0.0
2006-04-06 00:00:00-04:00,20.932884778688532,20.95583890491779,20.542689148946664,20.593185424804688,2264400,0.0,0.0
2006-04-07 00:00:00-04:00,20.565646442115277,20.685001622895886,20.19381332397461,20.19381332397461,1111500,0.0,0.0
2006-04-10 00:00:00-04:00,20.19381518879444,20.19381518879444,19.789846599173778,19.87247657775879,1478300,0.0,0.0
2006-04-11 00:00:00-04:00,19.881659006302762,20.019375061353895,19.821981407023898,19.835752487182617,1259700,0.0,0.0
2006-04-12 00:00:00-04:00,19.835751364541206,20.060688917612524,19.748531609881272,19.87247657775879,1328200,0.0,0.0
2006-04-13 00:00:00-04:00,19.753124626931367,19.87247983831705,19.523597260125637,19.569503784179688,1481900,0.0,0.0
2006-04-17 00:00:00-04:00,19.523593544691174,19.67967219446274,19.509822465673082,19.610815048217773,1072200,0.0,0.0
2006-04-18 00:00:00-04:00,19.66590147630683,20.27644325642371,19.652130397036043,20.124956130981445,1419700,0.0,0.0
2006-04-19 00:00:00-04:00,20.06069003786734,20.427933434778495,20.0239648225989,20.423343658447266,1568200,0.0,0.0
2006-04-20 00:00:00-04:00,20.349900165442758,20.528931257617664,20.23972624271315,20.496797561645508,1559200,0.0,0.0
2006-04-21 00:00:00-04:00,20.611559559712212,20.685008251747973,20.515156728601877,20.634511947631836,1676200,0.0,0.0
2006-04-24 00:00:00-04:00,20.55646324157715,20.64827450651075,20.432518296589926,20.55646324157715,1753300,0.0,0.0
2006-04-25 00:00:00-04:00,20.551878409577508,20.593193401177178,20.336122147762044,20.423343658447266,1389100,0.0,0.0
2006-04-26 00:00:00-04:00,20.524334322281625,20.61614560851147,20.26726482222361,20.340713500976562,1210400,0.0,0.0
2006-04-27 00:00:00-04:00,20.17545129890542,20.65745830922307,20.097411101359157,20.52433204650879,1030800,0.0,0.0
2006-04-28 00:00:00-04:00,20.53351095990237,20.772219549393018,20.40956601433102,20.5977783203125,1511800,0.0,0.0
2006-05-01 00:00:00-04:00,20.56564543611598,20.703361463918693,20.290213380510558,20.354480743408203,1398700,0.0,0.0
2006-05-02 00:00:00-04:00,20.33611996446985,20.34071149146278,19.886246632657897,20.04691505432129,1565800,0.0,0.0
2006-05-03 00:00:00-04:00,19.922967748202545,20.19380999700832,19.592447918838452,19.62917137145996,1886100,0.0,0.0
2006-05-04 00:00:00-04:00,19.693447336294888,20.36366677821627,19.665903423871036,20.16627311706543,2415200,0.0,0.0
2006-05-05 00:00:00-04:00,20.267257099928752,20.49219282677379,20.253484273991532,20.313161849975586,1674400,0.0,0.0
2006-05-08 00:00:00-04:00,20.359068452050604,20.538101196289062,20.230533739303727,20.538101196289062,1018600,0.0,0.0
2006-05-09 00:00:00-04:00,20.53351640714516,20.6023753122257,20.359075131787915,20.473838806152344,743300,0.0,0.0
2006-05-10 00:00:00-04:00,20.450883375899952,20.675820914663888,20.359072099850295,20.52433204650879,895400,0.0,0.0
2006-05-11 00:00:00-04:00,20.47842094071431,20.51514438906614,19.89083175785383,19.95509910583496,1042200,0.0,0.0
2006-05-12 00:00:00-04:00,19.90001647012138,19.90001647012138,19.454734693075526,19.693443298339844,971300,0.0,0.0
2006-05-15 00:00:00-04:00,19.716393858320963,20.101999761819883,19.496047877915036,20.02855110168457,1874900,0.0,0.0
2006-05-16 00:00:00-04:00,20.028553547717465,20.207584569214717,19.895427287728182,20.023962020874023,677200,0.0,0.0
2006-05-17 00:00:00-04:00,19.79443536106903,19.92297184959038,19.670490399541908,19.684263229370117,1343700,0.0,0.0
2006-05-18 00:00:00-04:00,19.78066256522838,20.03773376880016,19.45014269651527,19.486867904663086,1206500,0.0,0.0
2006-05-19 00:00:00-04:00,19.53277256812057,19.670488595692422,19.170119019629727,19.445552825927734,1505900,0.0,0.0
2006-05-22 00:00:00-04:00,19.257348961634843,19.390475272193516,19.050773954070536,19.28489112854004,1059000,0.0,0.0
2006-05-23 00:00:00-04:00,19.307845890784183,19.482285457316735,19.225215885098184,19.23898696899414,938300,0.0,0.0
2006-05-24 00:00:00-04:00,19.142580511405946,19.537367816497415,19.02781684137492,19.418012619018555,1355600,0.0,0.0
2006-05-25 00:00:00-04:00,19.6704941260141,20.111187989760282,19.57868458259032,19.964290618896484,944800,0.0,0.0
2006-05-26 00:00:00-04:00,20.01478476102442,20.16168212890625,19.91838369169348,20.16168212890625,692800,0.0,0.0
2006-05-30 00:00:00-04:00,20.097410430754955,20.271851674313158,20.01478046018288,20.152498245239258,1208400,0.0,0.0
2006-05-31 00:00:00-04:00,20.244304656982422,20.409564572738052,19.964282856567728,20.244304656982422,1536600,0.0,0.0
2006-06-01 00:00:00-04:00,20.29022037479523,20.726322739128836,20.267267987441862,20.70796012878418,1386700,0.0,0.0
2006-06-02 00:00:00-04:00,20.707958761136737,21.60311581803709,20.49220248172381,20.703367233276367,1585000,0.0,0.0
2006-06-05 00:00:00-04:00,20.634506182497265,21.02011214573819,20.505969693980653,20.66204833984375,1142400,0.0,0.0
2006-06-06 00:00:00-04:00,20.70336573809412,20.71713856952578,20.363666249460653,20.58860206604004,1086000,0.0,0.0
2006-06-07 00:00:00-04:00,20.588591423245738,20.72171763428909,20.437104365042497,20.625316619873047,922300,0.0,0.0
2006-06-08 00:00:00-04:00,20.597780387320675,20.648276675897197,20.14331729244079,20.33152961730957,2055300,0.0,0.0
2006-06-09 00:00:00-04:00,20.331536196993664,20.547290748250653,20.303992280359697,20.492204666137695,878500,0.0,0.0
2006-06-12 00:00:00-04:00,20.492199278372,20.492199278372,20.25349065043665,20.322349548339844,1444900,0.0,0.0
2006-06-13 00:00:00-04:00,20.40497952536187,20.55646664913257,20.258082177579272,20.322349548339844,1514400,0.0,0.0
2006-06-14 00:00:00-04:00,20.235133173789187,20.46466053691572,20.235133173789187,20.437116622924805,1653500,0.0,0.0
2006-06-15 00:00:00-04:00,20.433866808718086,20.80480118517308,20.40141016132544,20.781618118286133,1168800,0.443,0.0
2006-06-16 00:00:00-04:00,20.67033702079368,20.80016359988201,20.503416122677557,20.62860679626465,1347000,0.0,0.0
2006-06-19 00:00:00-04:00,20.818714311072235,20.818714311072235,20.475598876547476,20.656429290771484,1181300,0.0,0.0
2006-06-20 00:00:00-04:00,20.66106817396071,20.753800455263843,20.494147237607255,20.623973846435547,1312200,0.0,0.0
2006-06-21 00:00:00-04:00,20.623966778689645,20.73524795437466,20.494140214352363,20.68424415588379,1417300,0.0,0.0
2006-06-22 00:00:00-04:00,20.633247183247924,20.68425099861179,20.470963924140058,20.535877227783203,559500,0.0,0.0
2006-06-23 00:00:00-04:00,20.47096032017454,20.512690546420544,20.24839793435948,20.364315032958984,1141700,0.0,0.0
2006-06-26 00:00:00-04:00,20.424589035772165,20.610057070306997,20.34112859710692,20.58687400817871,851900,0.0,0.0
2006-06-27 00:00:00-04:00,20.610062106070277,20.67497540339179,20.28085794465134,20.285493850708008,910800,0.0,0.0
2006-06-28 00:00:00-04:00,20.355044817320113,20.50805447971437,20.30867691299254,20.419958114624023,674400,0.0,0.0
2006-06-29 00:00:00-04:00,20.37821885662879,20.614688873291016,20.072197898666786,20.614688873291016,2432300,0.0,0.0
2006-06-30 00:00:00-04:00,20.661062558763753,20.846528839719475,20.6007851772948,20.739885330200195,1357500,0.0,0.0
2006-07-03 00:00:00-04:00,20.888257149328343,21.045904446516847,20.786251323209367,21.018085479736328,726900,0.0,0.0
2006-07-05 00:00:00-04:00,20.81871841989679,21.087645256785297,20.79553357759603,20.994911193847656,2076400,0.0,0.0
2006-07-06 00:00:00-04:00,21.00418284229398,21.14328303951017,20.88826571648799,21.12937355041504,1709700,0.0,0.0
2006-07-07 00:00:00-04:00,21.064449936145127,21.143272694122896,20.91143855594719,20.971715927124023,1623200,0.0,0.0
2006-07-10 00:00:00-04:00,21.055185300161497,21.2081967453409,21.027364555013918,21.18964958190918,1368300,0.0,0.0
2006-07-11 00:00:00-04:00,21.157197322382725,21.31948061421213,21.07373683836897,21.240657806396484,1137700,0.0,0.0
2006-07-12 00:00:00-04:00,21.35657374593914,21.44003422525227,21.212835860732064,21.398303985595703,1678500,0.0,0.0
2006-07-13 00:00:00-04:00,21.834147299187123,21.834147299187123,21.04127467716826,21.078367233276367,1548900,0.0,0.0
2006-07-14 00:00:00-04:00,21.041278372773245,21.05518786266245,20.647159061280153,20.712072372436523,1097100,0.0,0.0
2006-07-17 00:00:00-04:00,20.688882221786905,20.809436988766993,20.596148193822483,20.63787841796875,1144300,0.0,0.0
2006-07-18 00:00:00-04:00,20.725977155362944,20.846530157165077,20.596148804859283,20.823347091674805,741500,0.0,0.0
2006-07-19 00:00:00-04:00,20.916082834323902,21.435390972579178,20.865079024818044,21.3704776763916,1494300,0.0,0.0
2006-07-20 00:00:00-04:00,21.509569302135834,21.514206975023292,21.203548335460034,21.222095489501953,1127100,0.0,0.0
2006-07-21 00:00:00-04:00,21.324117498057372,21.324117498057372,20.81871870531135,20.841901779174805,1272800,0.0,0.0
2006-07-24 00:00:00-04:00,20.447781010866123,21.157195048746605,20.41996203168789,21.152557373046875,1238600,0.0,0.0
2006-07-25 00:00:00-04:00,21.05981746602066,21.245285529885518,21.03663440022619,21.18037223815918,1270600,0.0,0.0
2006-07-26 00:00:00-04:00,21.180377368990396,21.398302131509507,21.157194297579952,21.389028549194336,1281400,0.0,0.0
2006-07-27 00:00:00-04:00,21.504947538328004,21.606953415123396,21.31020583034567,21.398303985595703,1227700,0.0,0.0
2006-07-28 00:00:00-04:00,21.78313484145594,21.78313484145594,21.616213983331104,21.73676872253418,1397400,0.0,0.0
2006-07-31 00:00:00-04:00,21.602304652807867,21.69040098687827,21.491023490360025,21.565210342407227,1035400,0.0,0.0
2006-08-01 00:00:00-04:00,21.421486083404947,21.611590106792367,21.152557491476134,21.518856048583984,1247000,0.0,0.0
2006-08-02 00:00:00-04:00,22.256090589294956,22.48792486626678,21.73678230412952,21.824878692626953,2387800,0.0,0.0
2006-08-03 00:00:00-04:00,21.79241329501149,22.167985309826058,21.79241329501149,22.116981506347656,2864200,0.0,0.0
2006-08-04 00:00:00-04:00,22.59920197199282,22.59920197199282,22.33490931723668,22.4879207611084,1717900,0.0,0.0
2006-08-07 00:00:00-04:00,22.450819918952998,22.450819918952998,22.098432762804947,22.195802688598633,1042900,0.0,0.0
2006-08-08 00:00:00-04:00,22.154087865657193,22.23291245710079,21.899070458056016,21.945438385009766,1338200,0.0,0.0
2006-08-09 00:00:00-04:00,22.107707302751802,22.14016394609389,21.857325966609054,21.9315128326416,909100,0.0,0.0
2006-08-10 00:00:00-04:00,21.912968334864257,22.05207027322671,21.681134129266326,21.95469856262207,926900,0.0,0.0
2006-08-11 00:00:00-04:00,21.871230741012383,21.9871478047712,21.806317468308084,21.936145782470703,908600,0.0,0.0
2006-08-14 00:00:00-04:00,22.14016788694717,22.43691540389712,22.065981007709684,22.18189811706543,836700,0.0,0.0
2006-08-15 00:00:00-04:00,22.4879207611084,22.580654808719608,22.381277225419705,22.4879207611084,1085100,0.0,0.0
2006-08-16 00:00:00-04:00,21.90833810437409,22.265363085733018,21.755326640039517,22.089168548583984,3719400,0.0,0.0
2006-08-17 00:00:00-04:00,22.10307377023661,22.10307377023661,21.82487341267571,21.903697967529297,2790800,0.0,0.0
2006-08-18 00:00:00-04:00,21.9547027286388,21.99179705757552,21.83878560384397,21.91761016845703,1541600,0.0,0.0
2006-08-21 00:00:00-04:00,22.20507992950488,22.256083737737935,22.01034004580189,22.2236270904541,1854000,0.0,0.0
2006-08-22 00:00:00-04:00,22.209716231546253,22.585286489407164,22.163348332038755,22.534282684326172,1662900,0.0,0.0
2006-08-23 00:00:00-04:00,22.603829691868707,22.603829691868707,22.307082261991514,22.41836166381836,974400,0.0,0.0
2006-08-24 00:00:00-04:00,22.353447185097586,22.622375634463946,22.353447185097586,22.594554901123047,1522500,0.0,0.0
2006-08-25 00:00:00-04:00,22.54819119483529,22.742931042806813,22.511096879743025,22.664108276367188,1594400,0.0,0.0
2006-08-28 00:00:00-04:00,22.664115832805006,22.946953889044487,22.543561037315282,22.91449546813965,1174800,0.0,0.0
2006-08-29 00:00:00-04:00,22.91449958486521,22.9469580116014,22.742942711429276,22.886680603027344,919000,0.0,0.0
2006-08-30 00:00:00-04:00,22.951589218825408,23.1463291268313,22.886675916156776,23.123146057128906,934500,0.0,0.0
2006-08-31 00:00:00-04:00,23.137057313954216,23.19269703499092,23.025776103125963,23.123146057128906,932900,0.0,0.0
2006-09-01 00:00:00-04:00,23.215883793879527,23.220521469809874,22.858858803713144,22.891315460205078,1030700,0.0,0.0
2006-09-05 00:00:00-04:00,22.937677986739175,23.25297266323251,22.886674176018975,23.229787826538086,1055600,0.0,0.0
2006-09-06 00:00:00-04:00,23.090679599139822,23.2668740378066,22.984036108796644,23.0350399017334,903800,0.0,0.0
2006-09-07 00:00:00-04:00,22.9886791703618,23.048954786365954,22.75220730563795,22.821758270263672,858700,0.0,0.0
2006-09-08 00:00:00-04:00,22.914507836780967,23.23907630222879,22.613124222887578,23.169527053833008,930900,0.0,0.0
2006-09-11 00:00:00-04:00,23.076774775403607,23.317882537841797,22.974767168938175,23.317882537841797,1005100,0.0,0.0
2006-09-12 00:00:00-04:00,23.41062237538171,23.623909452062545,23.211244787124222,23.568269729614258,1022700,0.0,0.0
2006-09-13 00:00:00-04:00,23.58216929228941,23.809365761766475,23.49870885936808,23.614625930786133,1519100,0.0,0.0
2006-09-14 00:00:00-04:00,23.527172147230093,23.630074864339274,23.419592844922843,23.62071990966797,978600,0.443,0.0
2006-09-15 00:00:00-04:00,23.73765169164664,23.86394089012899,23.66749043106479,23.765716552734375,1237200,0.0,0.0
2006-09-18 00:00:00-04:00,23.761034498729266,23.803130891694792,23.55055253390163,23.737648010253906,872600,0.0,0.0
2006-09-19 00:00:00-04:00,23.658132873816026,23.86393646413117,23.58329325812909,23.756357192993164,919700,0.0,0.0
2006-09-20 00:00:00-04:00,23.751682888233155,23.835875686009736,23.457009880290073,23.513137817382812,1205800,0.0,0.0
2006-09-21 00:00:00-04:00,23.5599033783923,23.5599033783923,22.942490912062468,23.05474853515625,1546100,0.0,0.0
2006-09-22 00:00:00-04:00,23.101528929353336,23.246528034065264,22.923788379105645,23.237173080444336,966900,0.0,0.0
2006-09-25 00:00:00-04:00,23.23716759367735,23.354101809915953,23.007975744768885,23.241844177246094,1084300,0.0,0.0
2006-09-26 00:00:00-04:00,23.181052767570105,23.204439267177094,22.984602245465204,23.082826614379883,1201900,0.0,0.0
2006-09-27 00:00:00-04:00,23.082813104599175,23.634742736816406,22.919105918888345,23.634742736816406,2625500,0.0,0.0
2006-09-28 00:00:00-04:00,23.62071754443041,23.625394129160192,23.480396806962055,23.583297729492188,1203700,0.0,0.0
2006-09-29 00:00:00-04:00,23.62071655442799,23.737650794796444,23.50378231405953,23.65813636779785,1184500,0.0,0.0
2006-10-02 00:00:00-04:00,23.686184052787702,23.891989324044378,23.396187824704093,23.71892547607422,740400,0.0,0.0
2006-10-03 00:00:00-04:00,23.718940979872837,24.013615766338322,23.714264395320964,23.938777923583984,1650700,0.0,0.0
2006-10-04 00:00:00-04:00,24.013616009877342,24.17264665037752,23.95280970443685,24.158615112304688,1807200,0.0,0.0
2006-10-05 00:00:00-04:00,24.088448532790448,24.471992619114275,24.07441699781687,24.443927764892578,1074500,0.0,0.0
2006-10-06 00:00:00-04:00,24.34570054110993,24.401828458568946,24.065059169540525,24.14925193786621,1223100,0.0,0.0
2006-10-09 00:00:00-04:00,24.153936427684258,24.30829048156738,23.915391362189773,24.308290481567383,874500,0.0,0.0
2006-10-10 00:00:00-04:00,24.30829525729442,24.490712422794935,23.96216905239646,24.294261932373047,1099500,0.0,0.0
2006-10-11 00:00:00-04:00,24.181994412891044,24.509410550001732,24.181994412891044,24.289573669433594,975400,0.0,0.0
2006-10-12 00:00:00-04:00,24.425219285255196,24.528120180664406,24.23812382842561,24.467315673828125,947600,0.0,0.0
2006-10-13 00:00:00-04:00,24.467322036542505,24.878929293766628,24.42522563702243,24.818124771118164,2061300,0.0,0.0
2006-10-16 00:00:00-04:00,24.953771054935522,25.066028732696576,24.836836791727247,25.0379638671875,864700,0.0,0.0
2006-10-17 00:00:00-04:00,24.991186632196516,25.05199293833719,24.855542481680768,24.96780014038086,1267800,0.0,0.0
2006-10-18 00:00:00-04:00,25.201674236277984,25.267157141646475,25.028610232917995,25.182964324951172,1588900,0.0,0.0
2006-10-19 00:00:00-04:00,25.192301763795225,25.25310804118961,24.906982059414787,24.963109970092773,1096200,0.0,0.0
2006-10-20 00:00:00-04:00,25.056658975807483,25.211012968512996,24.808759055215937,25.13617515563965,1191500,0.0,0.0
2006-10-23 00:00:00-04:00,25.056675869686874,25.449575098243635,25.014579460045958,25.41215705871582,1126400,0.0,0.0
2006-10-24 00:00:00-04:00,25.398113166000464,25.482305950254663,25.276502357785873,25.3045654296875,1006900,0.0,0.0
2006-10-25 00:00:00-04:00,25.38875648307234,25.538432137259132,25.229725877464556,25.49165916442871,860000,0.0,0.0
2006-10-26 00:00:00-04:00,25.60859239307678,25.683430217283743,25.45423837699553,25.5992374420166,977100,0.0,0.0
2006-10-27 00:00:00-04:00,25.515049958265642,25.58521121363036,25.384084184811343,25.468276977539062,965100,0.0,0.0
2006-10-30 00:00:00-05:00,25.515053583355687,25.64134279039,25.309249940934084,25.58989143371582,1170000,0.0,0.0
2006-10-31 00:00:00-05:00,25.69746980336236,25.71150312648684,25.36537696590857,25.54311752319336,1195600,0.0,0.0
2006-11-01 00:00:00-05:00,25.491659854194427,25.491659854194427,24.81344102415452,24.85553741455078,1730000,0.0,0.0
2006-11-02 00:00:00-05:00,24.486026343631455,24.598283986281793,23.854582233513046,24.046354293823242,3742000,0.0,0.0
2006-11-03 00:00:00-05:00,23.873297410665963,24.008941571746757,23.115562170040544,23.35878562927246,3142700,0.0,0.0
2006-11-06 00:00:00-05:00,23.29330282018986,23.681525396259325,23.29330282018986,23.606687545776367,2256800,0.0,0.0
2006-11-07 00:00:00-05:00,23.475724073378082,23.55991689292484,23.321371760392637,23.363468170166016,1466900,0.0,0.0
2006-11-08 00:00:00-05:00,23.297978195768287,23.56458811537231,23.129592607749988,23.46636199951172,1130900,0.0,0.0
2006-11-09 00:00:00-05:00,23.48506448704803,23.737642789287964,23.330712269639832,23.59264373779297,1276400,0.0,0.0
2006-11-10 00:00:00-05:00,23.573942803272306,23.798456323345633,23.382170726692497,23.7703914642334,1362500,0.0,0.0
2006-11-13 00:00:00-05:00,23.583291863408494,23.74232246878885,23.48974591788144,23.672163009643555,1027400,0.0,0.0
2006-11-14 00:00:00-05:00,24.08844587746326,24.27554131643485,23.85457747088595,24.21473503112793,2461300,0.0,0.0
2006-11-15 00:00:00-05:00,24.228774341222685,24.228774341222685,23.938777923583984,23.938777923583984,1622600,0.0,0.0
2006-11-16 00:00:00-05:00,23.938781778482735,23.99023313821318,23.84991238348709,23.877975463867188,1572700,0.0,0.0
2006-11-17 00:00:00-05:00,23.69554448515331,23.798447144601802,23.583286876275487,23.6534481048584,1364200,0.0,0.0
2006-11-20 00:00:00-05:00,24.551507258425634,28.765815357414947,24.383121712312956,24.448604583740234,3717000,0.0,0.0
2006-11-21 00:00:00-05:00,24.40183808155394,25.037960677861946,24.40183808155394,24.986509323120117,2253800,0.0,0.0
2006-11-22 00:00:00-05:00,25.094081906101696,25.225047648905917,24.687149575060996,24.972469329833984,1018700,0.0,0.0
2006-11-24 00:00:00-05:00,24.93505602517068,25.173601070989136,24.91166775158427,25.080053329467773,409400,0.0,0.0
2006-11-27 00:00:00-05:00,25.09407074015547,25.09407074015547,24.205370435574675,24.24279022216797,1411000,0.0,0.0
2006-11-28 00:00:00-05:00,24.23344804727442,24.336348946090578,23.94812826908617,24.17264175415039,1684000,0.0,0.0
2006-11-29 00:00:00-05:00,24.238121086610036,24.668439874930627,24.210056235977937,24.607633590698242,1774200,0.0,0.0
2006-11-30 00:00:00-05:00,24.66376499212244,25.070695570269255,24.556185725912346,24.911664962768555,2179400,0.0,0.0
2006-12-01 00:00:00-05:00,25.019249216445488,25.05199065886326,24.57957535950714,24.715219497680664,1600700,0.0,0.0
2006-12-04 00:00:00-05:00,24.90699622619728,25.281185484008127,24.84618991421704,25.13150978088379,1792100,0.0,0.0
2006-12-05 00:00:00-05:00,25.164256007762738,25.192320876530847,24.832163089913035,24.83683967590332,1815100,0.0,0.0
2006-12-06 00:00:00-05:00,24.766664505004886,24.878920340477094,24.411183529369445,24.766664505004883,1849200,0.0,0.0
2006-12-07 00:00:00-05:00,24.906981118624483,24.906981118624483,24.58424341407392,24.640371322631836,1015100,0.0,0.0
2006-12-08 00:00:00-05:00,24.649733436822714,24.82747394724289,24.51876589975148,24.60295867919922,1208300,0.0,0.0
2006-12-11 00:00:00-05:00,24.556182583151575,24.888275290812167,24.514086198780912,24.766664505004883,1227600,0.0,0.0
2006-12-12 00:00:00-05:00,24.85553924019222,24.95376356357321,24.64973564106899,24.761991500854492,1180600,0.0,0.0
2006-12-13 00:00:00-05:00,24.96779275616285,24.96779275616285,24.34570190905484,24.448604583740234,1551100,0.0,0.0
2006-12-14 00:00:00-05:00,24.551507146892206,24.584248582457107,24.355056749228382,24.415863037109375,1511000,0.0,0.0
2006-12-15 00:00:00-05:00,24.518762515573137,24.59827870042066,24.200703129005984,24.270862579345703,2083700,0.0,0.0
2006-12-18 00:00:00-05:00,24.415870087864555,24.537480914470603,24.135226836483394,24.158615112304688,1229200,0.0,0.0
2006-12-19 00:00:00-05:00,24.01828700329464,24.139899585865603,23.644097872834962,23.82183837890625,2017800,0.0,0.0
2006-12-20 00:00:00-05:00,23.908229132549224,24.17256377304646,23.83742418204764,24.021514892578125,1575200,0.463,0.0
2006-12-21 00:00:00-05:00,24.06870619359889,24.177272407062777,23.714685227703875,23.743005752563477,1113500,0.0,0.0
2006-12-22 00:00:00-05:00,23.71940852956521,23.71940852956521,23.426751654873293,23.497554779052734,885300,0.0,0.0
2006-12-26 00:00:00-05:00,23.50700228094336,23.879904963829922,23.50700228094336,23.790220260620117,699300,0.0,0.0
2006-12-27 00:00:00-05:00,24.02622801108846,24.06398931803972,23.813815032474892,23.889339447021484,884500,0.0,0.0
2006-12-28 00:00:00-05:00,23.86102294368842,23.95070944580863,23.74301590459931,23.875185012817383,997200,0.0,0.0
2006-12-29 00:00:00-05:00,23.931822312911063,24.153674270283876,23.84685712050646,23.95542335510254,957000,0.0,0.0
2007-01-03 00:00:00-05:00,24.063992594997284,24.347210538597782,23.809096985950134,23.988468170166016,2015600,0.0,0.0
2007-01-04 00:00:00-05:00,24.026230349608756,24.219761793261455,23.89878255003587,24.035669326782227,2415200,0.0,0.0
2007-01-05 00:00:00-05:00,23.95542669935141,23.95542669935141,23.403154672266783,23.563642501831055,2174600,0.0,0.0
2007-01-08 00:00:00-05:00,23.540040368449173,23.60140452439299,23.3842720349232,23.544761657714844,1570700,0.0,0.0
2007-01-09 00:00:00-05:00,23.686375407292083,23.912948729005777,23.54004601590326,23.884626388549805,1879300,0.0,0.0
2007-01-10 00:00:00-05:00,23.719417734348944,24.295292731170296,23.67221563324495,24.262250900268555,1632400,0.0,0.0
2007-01-11 00:00:00-05:00,24.295291825998103,24.857004731044675,24.2622499963274,24.64931297302246,1800600,0.0,0.0
2007-01-12 00:00:00-05:00,24.545452451276226,24.9136336618394,24.545452451276226,24.856990814208984,1224800,0.0,0.0
2007-01-16 00:00:00-05:00,24.98916966117045,25.48007937027599,24.918366518920006,25.305429458618164,1664200,0.0,0.0
2007-01-17 00:00:00-05:00,25.163818135332328,25.41871193553588,24.890040978722983,25.206300735473633,1675500,0.0,0.0
2007-01-18 00:00:00-05:00,25.319590786347554,25.484801726466916,25.08357670101524,25.22990608215332,947700,0.0,0.0
2007-01-19 00:00:00-05:00,25.338471198911325,25.428155899047848,25.078856076920758,25.42815589904785,1170500,0.0,0.0
2007-01-22 00:00:00-05:00,25.395109529488206,25.423431861611874,25.03164770346657,25.0930118560791,1351300,0.0,0.0
2007-01-23 00:00:00-05:00,25.064679792936523,25.25349166583567,25.022197211566386,25.13548469543457,1396000,0.0,0.0
2007-01-24 00:00:00-05:00,25.229890961809993,25.711359623419764,25.140204510720526,25.70663833618164,1311800,0.0,0.0
2007-01-25 00:00:00-05:00,25.970976608455647,26.122025400164993,25.697199548080192,25.829368591308594,2118300,0.0,0.0
2007-01-26 00:00:00-05:00,25.79634109041922,26.032355183467356,25.683053533472474,25.999313354492188,1068500,0.0,0.0
2007-01-29 00:00:00-05:00,25.980422266303986,26.173953679598018,25.900176567763353,25.98514175415039,991900,0.0,0.0
2007-01-30 00:00:00-05:00,26.079554598257026,26.287246330536032,25.796338435999797,26.24948501586914,1183300,0.0,0.0
2007-01-31 00:00:00-05:00,26.173956323962138,26.650703872949613,26.01818619963374,26.565738677978516,1581900,0.0,0.0
2007-02-01 00:00:00-05:00,26.556302282320274,26.556302282320274,26.188120910460537,26.466617584228516,1671700,0.0,0.0
2007-02-02 00:00:00-05:00,26.339156607513353,26.50436745382555,26.150346526841115,26.315555572509766,2708500,0.0,0.0
2007-02-05 00:00:00-05:00,26.3486198210874,26.381661658360763,26.19757090765344,26.291976928710938,1319000,0.0,0.0
2007-02-06 00:00:00-05:00,26.339164613110082,26.598779678344727,26.17395551722733,26.598779678344727,1577600,0.0,0.0
2007-02-07 00:00:00-05:00,25.89545253579392,26.07954314044703,25.159088316537815,25.253494262695312,9416900,0.0,0.0
2007-02-08 00:00:00-05:00,25.229893226316854,25.40454305628985,24.998598748263163,25.253494262695312,4516100,0.0,0.0
2007-02-09 00:00:00-05:00,25.30542137318951,25.371505005099763,24.37080614907892,24.899477005004883,5085300,0.0,0.0
2007-02-12 00:00:00-05:00,25.126053944635466,25.126053944635466,24.21503962567926,24.573781967163086,4148500,0.0,0.0
2007-02-13 00:00:00-05:00,24.573784766923357,24.85700092087257,24.31416785838479,24.74371337890625,3172300,0.0,0.0
2007-02-14 00:00:00-05:00,24.649311919491286,24.941968884342526,24.5596254136658,24.710674285888672,2162500,0.0,0.0
2007-02-15 00:00:00-05:00,24.715378991249995,25.08356014515211,24.578490479952865,24.979713439941406,1463500,0.0,0.0
2007-02-16 00:00:00-05:00,24.715397947998348,24.833405003288146,24.40857888398697,24.639873504638672,1992100,0.0,0.0
2007-02-20 00:00:00-05:00,24.710674014035483,25.234625571576355,24.502982267175096,25.22990608215332,2585000,0.0,0.0
2007-02-21 00:00:00-05:00,25.18269210967645,25.206294949282377,24.856993450454542,25.083566665649414,2070200,0.0,0.0
2007-02-22 00:00:00-05:00,25.154386529161897,25.253512032086334,24.89477134503579,25.031658172607422,1976800,0.0,0.0
2007-02-23 00:00:00-05:00,24.93724478684778,25.0552518090063,24.484096453269423,24.62098503112793,1034100,0.0,0.0
2007-02-26 00:00:00-05:00,24.635144499372316,24.738991251713216,24.040389919247616,24.422733306884766,1967100,0.0,0.0
2007-02-27 00:00:00-05:00,24.295286397285913,24.30472717517441,23.27570579370391,23.53059959411621,3642200,0.0,0.0
2007-02-28 00:00:00-05:00,23.374830241612262,24.063990791632154,23.327626354227498,23.974306106567383,2872900,0.0,0.0
2007-03-01 00:00:00-05:00,23.5022777536909,23.917661153811796,23.134094639098254,23.5400390625,3387800,0.0,0.0
2007-03-02 00:00:00-05:00,23.46923574850926,23.497556279732123,23.058570039336225,23.10577392578125,2514100,0.0,0.0
2007-03-05 00:00:00-05:00,22.846162722361175,22.964169757496006,22.04371452331543,22.04371452331543,2986300,0.0,0.0
2007-03-06 00:00:00-05:00,22.16171868842009,22.84615976369318,22.16171868842009,22.69038963317871,2145700,0.0,0.0
2007-03-07 00:00:00-05:00,22.71871536640162,22.817840845758816,22.378854522154676,22.421337127685547,2751800,0.0,0.0
2007-03-08 00:00:00-05:00,22.20419443921187,22.72342444616025,22.199473151513182,22.577096939086914,3281900,0.0,0.0
2007-03-09 00:00:00-05:00,22.83671509856818,22.940560033922903,22.58181954692275,22.827274322509766,1979200,0.0,0.0
2007-03-12 00:00:00-04:00,23.129379614579793,23.204904047417948,22.67623301755087,23.072736740112305,2048100,0.0,0.0
2007-03-13 00:00:00-04:00,22.89807470411808,22.89807470411808,22.402445724497877,22.477970123291016,2679500,0.0,0.0
2007-03-14 00:00:00-04:00,22.388293722845198,22.794238191377612,22.12867861874602,22.704551696777344,2431500,0.0,0.0
2007-03-15 00:00:00-04:00,22.59636040662958,23.201662835496364,22.586827870173554,22.887096405029297,2072500,0.463,0.0
2007-03-16 00:00:00-04:00,22.825127406545462,22.93951598367235,22.55822375682398,22.701208114624023,2971500,0.0,0.0
2007-03-19 00:00:00-04:00,22.84420050861081,23.106338893150678,22.734579068463063,22.8775634765625,1919600,0.0,0.0
2007-03-20 00:00:00-04:00,22.75841402541232,23.21119958954706,22.720283872659785,23.03961753845215,2457500,0.0,0.0
2007-03-21 00:00:00-04:00,23.049153035413028,23.44474342120009,22.810845004555816,23.42568016052246,1861600,0.0,0.0
2007-03-22 00:00:00-04:00,23.849864214519403,23.849864214519403,23.25885959589174,23.497167587280273,1359900,0.0,0.0
2007-03-23 00:00:00-04:00,23.525757956147597,23.702105306389093,23.473329923283742,23.50669288635254,1061200,0.0,0.0
2007-03-26 00:00:00-04:00,23.463802748361793,23.50193289666221,22.92522622156442,23.020549774169922,2612800,0.0,0.0
2007-03-27 00:00:00-04:00,22.972881191040056,22.972881191040056,22.601119642556675,22.68691062927246,1997200,0.0,0.0
2007-03-28 00:00:00-04:00,22.558235882192047,22.74411582905966,22.2389022205857,22.458145141601562,3135300,0.0,0.0
2007-03-29 00:00:00-04:00,22.68691101151102,22.887090589935543,22.51533085333353,22.720273971557617,2731400,0.0,0.0
2007-03-30 00:00:00-04:00,22.753638088946488,23.120630638800947,22.686910352646223,22.987178802490234,2539700,0.0,0.0
2007-04-02 00:00:00-04:00,23.068214696434087,23.287457615984504,22.806074446813245,23.1968994140625,1402700,0.0,0.0
2007-04-03 00:00:00-04:00,23.306520373606784,23.57342413845898,23.201664284188826,23.52099609375,1747000,0.0,0.0
2007-04-04 00:00:00-04:00,23.52099150759471,23.5734195420812,23.282683582216265,23.47809600830078,1883500,0.0,0.0
2007-04-05 00:00:00-04:00,23.406608984561682,23.544828042809517,23.33511586666921,23.511465072631836,924400,0.0,0.0
2007-04-09 00:00:00-04:00,23.516229219285222,23.659213629550905,23.406607777476683,23.530527114868164,1140500,0.0,0.0
2007-04-10 00:00:00-04:00,23.549588009251313,23.749767602620995,23.439966586893313,23.616313934326172,1293800,0.0,0.0
2007-04-11 00:00:00-04:00,23.687812834527293,23.687812834527293,23.030082321224416,23.115873336791992,1705300,0.0,0.0
2007-04-12 00:00:00-04:00,23.068204045236655,23.120630252808546,22.839426875173505,22.953815460205078,1296600,0.0,0.0
2007-04-13 00:00:00-04:00,23.368482640374918,23.368482640374918,22.791777698413785,23.22549819946289,1325000,0.0,0.0
2007-04-16 00:00:00-04:00,23.411377041332393,23.444740015354043,22.968124022878204,23.220731735229492,1489000,0.0,0.0
2007-04-17 00:00:00-04:00,23.211198419694412,23.55436068644298,23.101576963274457,23.29698944091797,1669200,0.0,0.0
2007-04-18 00:00:00-04:00,23.21119271102932,23.335112034460703,23.02054564005542,23.03484535217285,1620500,0.0,0.0
2007-04-19 00:00:00-04:00,23.354171543108112,23.354171543108112,22.720271728514255,22.7822322845459,2502400,0.0,0.0
2007-04-20 00:00:00-04:00,22.891864406700783,23.11587449391231,22.777477592315144,22.858501434326172,2032500,0.0,0.0
2007-04-23 00:00:00-04:00,22.88709224969618,23.149230591134536,22.86802718024555,23.092037200927734,1983400,0.0,0.0
2007-04-24 00:00:00-04:00,23.177826514465817,23.177826514465817,22.63448480154135,22.720273971557617,1842600,0.0,0.0
2007-04-25 00:00:00-04:00,23.00147975192515,23.044375250462636,22.553461514646493,22.7774715423584,2143600,0.0,0.0
2007-04-26 00:00:00-04:00,22.763172899341246,22.806068399892418,22.434308607212426,22.567760467529297,1945200,0.0,0.0
2007-04-27 00:00:00-04:00,22.567761269477227,22.906159927248268,22.481970265326293,22.56299591064453,2833800,0.0,0.0
2007-04-30 00:00:00-04:00,22.615426658715943,22.615426658715943,22.124511005434115,22.1292781829834,1501300,0.0,0.0
2007-05-01 00:00:00-04:00,22.13404048003923,22.24366191261441,21.566868245894952,21.933862686157227,3122700,0.0,0.0
2007-05-02 00:00:00-04:00,21.905264665772865,22.176935562710558,21.65742419839817,22.091144561767578,3372600,0.0,0.0
2007-05-03 00:00:00-04:00,22.35328011490978,22.35328011490978,21.7146149168225,22.00058364868164,4354100,0.0,0.0
2007-05-04 00:00:00-04:00,21.99582362330699,21.99582362330699,21.519207742569204,21.728918075561523,3424800,0.0,0.0
2007-05-07 00:00:00-04:00,21.733683407661267,21.93386302276055,21.714620154245623,21.895732879638672,2260600,0.0,0.0
2007-05-08 00:00:00-04:00,21.752751953646285,21.943399063415907,21.666960936064513,21.695558547973633,4786600,0.0,0.0
2007-05-09 00:00:00-04:00,21.700314115829126,22.129269010182835,21.64788609339203,21.995817184448242,2486500,0.0,0.0
2007-05-10 00:00:00-04:00,21.900502786602026,21.986293801175215,21.814711772028836,21.86713981628418,2594600,0.0,0.0
2007-05-11 00:00:00-04:00,22.172171422685913,22.83466721893371,22.167404245624162,22.691682815551758,3385600,0.0,0.0
2007-05-14 00:00:00-04:00,22.829898780379683,22.877559635696013,22.591590867507847,22.615421295166016,1939700,0.0,0.0
2007-05-15 00:00:00-04:00,22.496269938810485,22.92045778184604,22.458139795634334,22.49150276184082,2848800,0.0,0.0
2007-05-16 00:00:00-04:00,22.524873769827707,22.558238566091315,22.2484374056891,22.405719757080078,2158600,0.0,0.0
2007-05-17 00:00:00-04:00,22.358046270526568,22.42477218913213,22.114973021585612,22.210294723510742,2819500,0.0,0.0
2007-05-18 00:00:00-04:00,22.20076089120915,22.262719625133503,21.91955754645857,21.99104881286621,2502000,0.0,0.0
2007-05-21 00:00:00-04:00,22.253190599781526,22.439072285283775,21.97675438677822,22.2436580657959,2703800,0.0,0.0
2007-05-22 00:00:00-04:00,22.48673740301645,22.70598027184343,22.30085750039595,22.49150276184082,2479200,0.0,0.0
2007-05-23 00:00:00-04:00,22.524861454864492,22.686910896330208,22.234127349955227,22.2436580657959,2820200,0.0,0.0
2007-05-24 00:00:00-04:00,22.25319634443529,22.272261417328178,21.805178040324897,22.100679397583008,2851100,0.0,0.0
2007-05-25 00:00:00-04:00,22.29608584278893,23.196889385628474,22.29608584278893,22.6630802154541,3304300,0.0,0.0
2007-05-29 00:00:00-04:00,23.501930967642693,24.37890430697007,23.497163790423656,24.188257217407227,5705900,0.0,0.0
2007-05-30 00:00:00-04:00,24.02144683159806,24.72207110663554,24.002381755477735,24.707773208618164,3596400,0.0,0.0
2007-05-31 00:00:00-04:00,24.822159553280795,24.903183392085847,23.94518613239348,24.150129318237305,3120500,0.0,0.0
2007-06-01 00:00:00-04:00,24.164433232302542,24.37891081074243,24.04051204558355,24.254989624023438,2979100,0.0,0.0
2007-06-04 00:00:00-04:00,24.021451841157617,24.383679272255936,24.021451841157617,24.11677360534668,1527100,0.0,0.0
2007-06-05 00:00:00-04:00,24.016681384030413,24.097707054307275,23.706882056408165,23.816503524780273,2283600,0.0,0.0
2007-06-06 00:00:00-04:00,23.430440137325952,23.830797609898063,23.330351223719315,23.602022171020508,2507100,0.0,0.0
2007-06-07 00:00:00-04:00,23.258844895273807,23.320805442953812,22.615414452459518,22.658309936523438,4137700,0.0,0.0
2007-06-08 00:00:00-04:00,22.68692319478637,23.0396198708696,22.591601439546633,22.92999839782715,2285600,0.0,0.0
2007-06-11 00:00:00-04:00,22.69168515057461,22.958588912847134,22.420014210749784,22.43907928466797,2314400,0.0,0.0
2007-06-12 00:00:00-04:00,22.35328636832439,22.539166277847908,22.043485307021616,22.319923400878906,3056900,0.0,0.0
2007-06-13 00:00:00-04:00,22.43908069071798,22.925227379075398,22.324692058186706,22.858501434326172,2105700,0.0,0.0
2007-06-14 00:00:00-04:00,23.17757665419993,23.17757665419993,22.55674826552979,22.604875564575195,2106300,0.463,0.0
2007-06-15 00:00:00-04:00,22.773315316525125,22.927318993583917,22.59524890915127,22.672250747680664,1708100,0.0,0.0
2007-06-18 00:00:00-04:00,22.672239638610908,22.672239638610908,22.325730617078722,22.397920608520508,2245900,0.0,0.0
2007-06-19 00:00:00-04:00,22.277610241738753,22.56636660137892,22.085104778066533,22.450864791870117,2351100,0.0,0.0
2007-06-20 00:00:00-04:00,22.54231442365146,22.54231442365146,22.04180145263672,22.04180145263672,2145400,0.0,0.0
2007-06-21 00:00:00-04:00,22.04179475344384,22.152484770644907,21.401717378173576,22.051420211791992,2940500,0.0,0.0
2007-06-22 00:00:00-04:00,21.959980173677558,22.215048383473533,21.830039245328177,22.200611114501953,2901200,0.0,0.0
2007-06-25 00:00:00-04:00,22.224677031049442,22.344992518729065,21.83004237832977,21.955169677734375,3377100,0.0,0.0
2007-06-26 00:00:00-04:00,22.027355567267513,22.070669208131275,21.72416008122118,21.772287368774414,2717500,0.0,0.0
2007-06-27 00:00:00-04:00,21.58460121689144,22.450874335803544,21.34878385130788,22.311307907104492,2746400,0.0,0.0
2007-06-28 00:00:00-04:00,22.099551304610273,22.43643508925094,21.902233947814427,21.950361251831055,3601000,0.0,0.0
2007-06-29 00:00:00-04:00,22.104350527682872,22.388295010538002,21.748216053848335,21.959972381591797,3370400,0.0,0.0
2007-07-02 00:00:00-04:00,21.93592503735503,22.248744267151952,21.7674822189699,22.181367874145508,2964300,0.0,0.0
2007-07-03 00:00:00-04:00,22.181355191950658,22.277607913728357,21.974412482682396,22.10916519165039,1349900,0.0,0.0
2007-07-05 00:00:00-04:00,22.41718324126106,22.600061466383142,22.30649137359677,22.32093048095703,1908000,0.0,0.0
2007-07-06 00:00:00-04:00,22.08029890631055,22.523059021625546,22.0658597993373,22.354618072509766,1702000,0.0,0.0
2007-07-09 00:00:00-04:00,22.421998898236534,22.47012436870713,22.099552371302668,22.181367874145508,1501300,0.0,0.0
2007-07-10 00:00:00-04:00,22.01772531890785,22.171728933831872,21.570151739326192,21.5845890045166,2611700,0.0,0.0
2007-07-11 00:00:00-04:00,21.594221710894363,21.60384716954266,21.27658891897455,21.56053352355957,2663300,0.0,0.0
2007-07-12 00:00:00-04:00,21.65677502317901,22.176538504951736,21.526834152735827,22.15728759765625,2157600,0.0,0.0
2007-07-13 00:00:00-04:00,22.138048386191304,22.523057556168748,21.969607448035088,22.498994827270508,1283600,0.0,0.0
2007-07-16 00:00:00-04:00,22.571175361991116,22.850306204440805,22.38829539467512,22.46048355102539,1623700,0.0,0.0
2007-07-17 00:00:00-04:00,22.49899848747133,22.624125799619364,22.11398925485949,22.277618408203125,1787700,0.0,0.0
2007-07-18 00:00:00-04:00,22.186170192589366,22.224672021184748,21.70009653971616,22.162107467651367,1910900,0.0,0.0
2007-07-19 00:00:00-04:00,22.3305452331757,22.6193015397617,22.152477069442106,22.388296127319336,1244200,0.0,0.0
2007-07-20 00:00:00-04:00,22.378674625146406,22.431613719073827,21.955163709595176,22.03216552734375,2228200,0.0,0.0
2007-07-23 00:00:00-04:00,22.0321613866136,22.18135318365463,21.512399673461914,21.512399673461914,1657400,0.0,0.0
2007-07-24 00:00:00-04:00,21.271777393545086,21.627910188977136,20.795327281326102,20.906017303466797,2903100,0.0,0.0
2007-07-25 00:00:00-04:00,20.891579408270694,21.151461279888597,20.38144112352464,20.679824829101562,2206300,0.0,0.0
2007-07-26 00:00:00-04:00,20.67982240618583,20.67982240618583,19.813549602288177,20.237060546875,3896000,0.0,0.0
2007-07-27 00:00:00-04:00,19.818363654894057,20.472880081972313,19.52479362487793,19.52479362487793,4096300,0.0,0.0
2007-07-30 00:00:00-04:00,19.943485241148522,19.943485241148522,19.21196719818192,19.48628807067871,2698300,0.0,0.0
2007-07-31 00:00:00-04:00,19.794298247561024,19.972364598614043,19.009841003500114,19.159032821655273,3210900,0.0,0.0
2007-08-01 00:00:00-04:00,18.235008797686632,20.164869589737258,18.032879728562854,19.293785095214844,4401700,0.0,0.0
2007-08-02 00:00:00-04:00,19.442982434904415,19.72211339575582,19.250476931244553,19.510358810424805,3862900,0.0,0.0
2007-08-03 00:00:00-04:00,19.370791328589693,19.452604969754464,18.567084842881208,18.682586669921875,3584500,0.0,0.0
2007-08-06 00:00:00-04:00,19.05315574741544,19.274535746565377,18.172445725421127,19.250473022460938,3485900,0.0,0.0
2007-08-07 00:00:00-04:00,19.009856455275123,19.779875222913127,18.8702899799315,19.322677612304688,4542500,0.0,0.0
2007-08-08 00:00:00-04:00,19.370795533781347,20.102313995361328,19.250480033571527,20.102313995361328,4794900,0.0,0.0
2007-08-09 00:00:00-04:00,18.98097317560225,20.16487912557425,17.52756167268451,19.94831085205078,3831200,0.0,0.0
2007-08-10 00:00:00-04:00,19.192727082594732,19.818367250504178,16.84416825223929,18.903968811035156,4259900,0.0,0.0
2007-08-13 00:00:00-04:00,19.019478751680317,19.23604706771852,18.54784210556893,18.648906707763672,2604500,0.0,0.0
2007-08-14 00:00:00-04:00,18.552647879594627,18.69702609799886,17.705627651986113,17.768190383911133,3141900,0.0,0.0
2007-08-15 00:00:00-04:00,17.734501123076267,18.485270383651926,17.56124837297592,17.816316604614258,2944600,0.0,0.0
2007-08-16 00:00:00-04:00,17.61418928491367,18.889534378579334,17.566063817022822,18.774030685424805,4393200,0.0,0.0
2007-08-17 00:00:00-04:00,19.12535397031427,20.338132676077727,18.60077828170186,19.476675033569336,4818300,0.0,0.0
2007-08-20 00:00:00-04:00,19.41892090006111,20.227441204199675,19.34191905375595,20.001249313354492,2554100,0.0,0.0
2007-08-21 00:00:00-04:00,19.95793576228331,20.2370667681183,19.876120267488833,20.102313995361328,2511000,0.0,0.0
2007-08-22 00:00:00-04:00,20.309244375983873,20.434371611858257,19.86167084219044,20.054174423217773,2215300,0.0,0.0
2007-08-23 00:00:00-04:00,19.996433458769257,20.16487624113472,19.625861540607595,19.799116134643555,2044800,0.0,0.0
2007-08-24 00:00:00-04:00,19.688429255198997,19.90018388405883,19.399672776220235,19.712491989135742,1437600,0.0,0.0
2007-08-27 00:00:00-04:00,19.67398879142718,19.79911608912737,19.23604049567358,19.260103225708008,1587600,0.0,0.0
2007-08-28 00:00:00-04:00,19.250474808599662,19.33228844531941,18.538207460985678,18.552644729614258,2080100,0.0,0.0
2007-08-29 00:00:00-04:00,18.740341464897025,18.98097246291718,18.56708868845232,18.942472457885742,1880200,0.0,0.0
2007-08-30 00:00:00-04:00,18.721082000576654,19.13496554556743,18.68258018102339,19.091651916503906,1185700,0.0,0.0
2007-08-31 00:00:00-04:00,18.875094636730612,19.553673926106832,18.875094636730612,19.365982055664062,2185800,0.0,0.0
2007-09-04 00:00:00-04:00,19.361166811778308,19.89536783645467,19.197537685624,19.688425064086914,1656700,0.0,0.0
2007-09-05 00:00:00-04:00,19.40448477480566,19.50554935983084,19.192730143914485,19.394859313964844,2511600,0.0,0.0
2007-09-06 00:00:00-04:00,19.423725238007282,19.673981577514102,19.26009616355544,19.54404067993164,1809500,0.0,0.0
2007-09-07 00:00:00-04:00,19.226416886452945,19.35154419619289,19.09647592872177,19.139789581298828,2328400,0.0,0.0
2007-09-10 00:00:00-04:00,19.346732817072542,19.481485589942068,18.903970821278783,19.144601821899414,1961600,0.0,0.0
2007-09-11 00:00:00-04:00,19.211972679743425,19.611420907042305,19.187909953779613,19.52479362487793,1757400,0.0,0.0
2007-09-12 00:00:00-04:00,19.38522775034906,19.59217050360546,19.29860046592227,19.370790481567383,1387400,0.0,0.0
2007-09-13 00:00:00-04:00,19.542648012918757,19.844502050747522,19.43553773678551,19.63028335571289,1515800,0.463,0.0
2007-09-14 00:00:00-04:00,19.562132622215916,19.65950547984285,19.255408770722557,19.586475372314453,1968400,0.0,0.0
2007-09-17 00:00:00-04:00,19.425808242795632,19.669239414473612,19.35277814839926,19.459888458251953,1131400,0.0,0.0
2007-09-18 00:00:00-04:00,19.47449245151183,20.170705705231963,19.44041223830027,20.131755828857422,2308400,0.0,0.0
2007-09-19 00:00:00-04:00,20.360575180354058,20.633218655848975,20.248597107534287,20.472553253173828,2561500,0.0,0.0
2007-09-20 00:00:00-04:00,20.41900652061217,20.457956400522903,20.15123259653963,20.21452522277832,1541800,0.0,0.0
2007-09-21 00:00:00-04:00,20.37518853795347,20.41900622359943,20.136627027284064,20.341108322143555,2996400,0.0,0.0
2007-09-24 00:00:00-04:00,20.409280958951573,20.92048821627815,20.38007038920737,20.803640365600586,1918400,0.0,0.0
2007-09-25 00:00:00-04:00,20.779287596911136,20.779287596911136,20.501776174600586,20.65270233154297,1886400,0.0,0.0
2007-09-26 00:00:00-04:00,20.769555162378687,21.032461370604107,20.61862711160488,21.027591705322266,1937900,0.0,0.0
2007-09-27 00:00:00-04:00,21.037313864903894,21.15902940708533,20.91559832272246,21.11034393310547,1587500,0.0,0.0
2007-09-28 00:00:00-04:00,21.09088264043691,21.09088264043691,20.51638476122488,20.62349510192871,1546800,0.0,0.0
2007-10-01 00:00:00-04:00,20.740338105360035,20.93508381396442,20.6040172236766,20.886398315429688,1919000,0.0,0.0
2007-10-02 00:00:00-04:00,20.764684845428352,21.144436973270384,20.730604621505755,21.081144332885742,1855000,0.0,0.0
2007-10-03 00:00:00-04:00,21.032454608626807,21.314833815494698,20.954556704259886,21.251543045043945,1788100,0.0,0.0
2007-10-04 00:00:00-04:00,21.324572803063397,21.46576334516015,20.949688531237197,21.460895538330078,1549400,0.0,0.0
2007-10-05 00:00:00-04:00,21.47063359415829,21.913678355395433,21.256414781848235,21.850387573242188,1800600,0.0,0.0
2007-10-08 00:00:00-04:00,21.68972448488731,21.743279658233085,21.421950475391537,21.519323348999023,958200,0.0,0.0
2007-10-09 00:00:00-04:00,21.645897233191484,21.66537217076612,21.115217256292414,21.55826187133789,1185800,0.0,0.0
2007-10-10 00:00:00-04:00,21.58747723996062,21.631294926900136,21.227198274321008,21.295360565185547,1365800,0.0,0.0
2007-10-11 00:00:00-04:00,21.36839008133023,21.538793032818834,20.891265160180883,20.90587043762207,1694400,0.0,0.0
2007-10-12 00:00:00-04:00,20.886391393442747,21.086004842853356,20.404396945863315,20.506637573242188,1420700,0.0,0.0
2007-10-15 00:00:00-04:00,20.589418073847312,20.6478410609247,19.99544515732184,20.11716079711914,1662400,0.0,0.0
2007-10-16 00:00:00-04:00,20.087939015064336,20.13175669926401,19.742267204840466,19.912670135498047,1909900,0.0,0.0
2007-10-17 00:00:00-04:00,20.058728061116803,20.097676081161154,19.211586802671786,19.55725860595703,1900400,0.0,0.0
2007-10-18 00:00:00-04:00,19.50857865771905,20.03439100690987,19.255409955208606,19.761747360229492,1543100,0.0,0.0
2007-10-19 00:00:00-04:00,19.64002590071613,19.664368645068404,19.143426115553865,19.240798950195312,2950600,0.0,0.0
2007-10-22 00:00:00-04:00,19.177497188719837,19.484220821618532,19.03630673864551,19.313817977905273,1802100,0.0,0.0
2007-10-23 00:00:00-04:00,19.474492667912255,19.6838436126709,19.372252027141478,19.6838436126709,1263700,0.0,0.0
2007-10-24 00:00:00-04:00,19.615680493421827,19.62541796128729,18.895124586466512,19.255401611328125,1850300,0.0,0.0
2007-10-25 00:00:00-04:00,19.308967116108946,19.45502549799363,18.768549431625832,19.119091033935547,2401400,0.0,0.0
2007-10-26 00:00:00-04:00,19.28948714633671,19.503707784061977,18.953552769766556,19.143428802490234,1853100,0.0,0.0
2007-10-29 00:00:00-04:00,19.148298653489867,19.2894873348226,18.880522853716734,18.938947677612305,1693800,0.0,0.0
2007-10-30 00:00:00-04:00,19.172639964340323,19.518311788931186,18.788018260072047,19.41120147705078,1750200,0.0,0.0
2007-10-31 00:00:00-04:00,19.70818764066053,20.423875887133683,19.70818764066053,20.341108322143555,3285300,0.0,0.0
2007-11-01 00:00:00-04:00,19.902927719375803,20.54071602759544,19.518306126685946,19.571861267089844,3134300,0.0,0.0
2007-11-02 00:00:00-04:00,19.513442417459647,19.581602844195647,18.744199070622326,19.04118537902832,3402800,0.0,0.0
2007-11-05 00:00:00-05:00,18.763669967651367,18.992493942805794,18.52510666822389,18.763669967651367,2236600,0.0,0.0
2007-11-06 00:00:00-05:00,18.943810529740905,18.943810529740905,18.437473331802895,18.841569900512695,1573100,0.0,0.0
2007-11-07 00:00:00-05:00,18.456945722633144,18.74419449173076,18.335230173985543,18.36931037902832,2696200,0.0,0.0
2007-11-08 00:00:00-05:00,18.291421119997246,18.573802217371924,18.208655399393965,18.42774200439453,3316500,0.0,0.0
2007-11-09 00:00:00-05:00,18.271944989058884,18.710121885030436,18.052858398305744,18.413135528564453,2885500,0.0,0.0
2007-11-12 00:00:00-05:00,18.37905855742486,18.856183563332436,18.296292827578476,18.34497833251953,2334100,0.0,0.0
2007-11-13 00:00:00-05:00,18.452078914428345,19.206714985353454,18.452078914428345,19.15802764892578,2331500,0.0,0.0
2007-11-14 00:00:00-05:00,19.10447839821751,19.53778556913172,18.680906839412323,18.710119247436523,2711600,0.0,0.0
2007-11-15 00:00:00-05:00,18.710124759351395,18.77341740010002,18.41313835726123,18.55432891845703,3235700,0.0,0.0
2007-11-16 00:00:00-05:00,18.812360037788608,18.963288027920044,18.21351959782049,18.383920669555664,3219200,0.0,0.0
2007-11-19 00:00:00-05:00,18.33036632171206,18.34983940219833,17.6633636340936,17.7607364654541,2180200,0.0,0.0
2007-11-20 00:00:00-05:00,17.731521427533306,18.184303447519728,17.088863436049092,17.49295997619629,3088400,0.0,0.0
2007-11-21 00:00:00-05:00,17.28848294826327,17.60981205688565,17.098606910063584,17.44428062438965,2076900,0.0,0.0
2007-11-23 00:00:00-05:00,17.707182599711373,18.077199014273482,17.648759639550352,17.974956512451172,948200,0.0,0.0
2007-11-26 00:00:00-05:00,18.086937260759196,18.086937260759196,16.733458648724866,16.79188346862793,2844200,0.0,0.0
2007-11-27 00:00:00-05:00,16.451081261202567,16.952548948626212,16.451081261202567,16.91360092163086,3689600,0.0,0.0
2007-11-28 00:00:00-05:00,17.006105994447715,17.838640361091894,17.006105994447715,17.755874633789062,4493300,0.0,0.0
2007-11-29 00:00:00-05:00,17.648758933108354,17.88732228483467,17.26413725820968,17.66823387145996,2369600,0.0,0.0
2007-11-30 00:00:00-05:00,18.05771552575116,18.354701706580133,17.862969941106464,18.116138458251953,3791800,0.0,0.0
2007-12-03 00:00:00-05:00,18.11127236078733,18.20864516228389,17.78994341591087,18.121009826660156,2917900,0.0,0.0
2007-12-04 00:00:00-05:00,17.97494894815368,18.15508927346071,17.648752212524414,17.648752212524414,1961100,0.0,0.0
2007-12-05 00:00:00-05:00,17.77534276016948,18.437475822738833,17.77534276016948,18.383920669555664,1761000,0.0,0.0
2007-12-06 00:00:00-05:00,18.379054752710406,19.44528269095266,18.257339158321596,19.43067741394043,2566400,0.0,0.0
2007-12-07 00:00:00-05:00,19.474499486468396,19.907806802885037,19.27975374871051,19.498842239379883,2562200,0.0,0.0
2007-12-10 00:00:00-05:00,19.513443942494526,19.91267092220532,19.357646281337466,19.815298080444336,1856500,0.0,0.0
2007-12-11 00:00:00-05:00,19.805565084132557,19.995441146976916,18.315765283208286,18.39853286743164,2765800,0.0,0.0
2007-12-12 00:00:00-05:00,18.851316845600213,19.781224158706436,17.575735741389085,17.88245964050293,3816000,0.0,0.0
2007-12-13 00:00:00-05:00,17.760742583612263,17.92140808928742,17.147296692018294,17.51244354248047,3039100,0.0,0.0
2007-12-14 00:00:00-05:00,17.55139234018949,17.69745071530297,16.830836080027733,16.855178833007812,2266100,0.0,0.0
2007-12-17 00:00:00-05:00,16.748073490860072,16.947687074322666,16.55819552462978,16.670175552368164,2517300,0.0,0.0
2007-12-18 00:00:00-05:00,17.551388716124514,17.551388716124514,16.733459755697933,17.37125015258789,3768300,0.0,0.0
2007-12-19 00:00:00-05:00,17.531915107243115,17.970092032640604,17.351776530016483,17.945749282836914,3107700,0.0,0.0
2007-12-20 00:00:00-05:00,18.026156707879277,18.253086521081922,17.424297577140905,17.76962661743164,2715400,0.483,0.0
2007-12-21 00:00:00-05:00,18.30241804695464,18.307352367336897,18.006422808341377,18.24321937561035,3083000,0.0,0.0
2007-12-24 00:00:00-05:00,18.539221412243503,19.195345055183807,18.322156423267977,19.170679092407227,909600,0.0,0.0
2007-12-26 00:00:00-05:00,19.012817417869215,19.012817417869215,18.534289766955006,18.637887954711914,1841400,0.0,0.0
2007-12-27 00:00:00-05:00,18.78588471061161,18.78588471061161,17.971894769775627,18.060693740844727,1826400,0.0,0.0
2007-12-28 00:00:00-05:00,17.9866905663352,18.534283490311424,17.838692936531565,17.976823806762695,1510300,0.0,0.0
2007-12-31 00:00:00-05:00,17.84855964162662,18.31722036948432,17.799227725806634,17.99162483215332,2862400,0.0,0.0
2008-01-02 00:00:00-05:00,17.922563291356973,18.282691624386906,17.744965344790458,17.971895217895508,2685700,0.0,0.0
2008-01-03 00:00:00-05:00,17.83869285569328,18.119888915613505,17.12830310671987,17.212167739868164,2209400,0.0,0.0
2008-01-04 00:00:00-05:00,17.098702649992877,17.202300801117413,16.408044545378743,16.46724510192871,3262200,0.0,0.0
2008-01-07 00:00:00-05:00,16.600446128219136,16.822441663387607,16.112051810685585,16.713911056518555,2668400,0.0,0.0
2008-01-08 00:00:00-05:00,16.837240776697378,17.44403239110515,16.264981880694698,16.334047317504883,3260300,0.0,0.0
2008-01-09 00:00:00-05:00,16.16631328633101,16.605373669508126,15.529921505777093,16.546175003051758,3656200,0.0,0.0
2008-01-10 00:00:00-05:00,16.10712239266123,17.187507515835033,15.717393729811775,16.842178344726562,3848200,0.0,0.0
2008-01-11 00:00:00-05:00,16.773110330028018,17.02470615694583,16.235384070642606,16.59551239013672,3434600,0.0,0.0
2008-01-14 00:00:00-05:00,16.82737451374816,16.985238911659025,16.141650682468097,16.620176315307617,2336000,0.0,0.0
2008-01-15 00:00:00-05:00,16.36364844069872,16.44258253236332,15.924587906222166,16.17125129699707,3016400,0.0,0.0
2008-01-16 00:00:00-05:00,16.126854044805295,16.773112895617782,16.05285614646018,16.47711753845215,2764800,0.0,0.0
2008-01-17 00:00:00-05:00,16.457382980114538,16.782978605322885,16.240317975380663,16.30445098876953,3234600,0.0,0.0
2008-01-18 00:00:00-05:00,16.427783559736035,16.773112727564403,15.79632580043335,16.14165496826172,3420300,0.0,0.0
2008-01-22 00:00:00-05:00,15.327662116107774,16.965506790960593,15.327662116107774,16.728710174560547,4141000,0.0,0.0
2008-01-23 00:00:00-05:00,16.205783668251453,18.820417059042125,16.052853573712362,18.509620666503906,7953100,0.0,0.0
2008-01-24 00:00:00-05:00,18.529354365916525,18.598419813386197,18.04096003012164,18.475088119506836,3377000,0.0,0.0
2008-01-25 00:00:00-05:00,18.687222222404117,18.943752418707646,18.37642576970467,18.55402374267578,4168500,0.0,0.0
2008-01-28 00:00:00-05:00,18.578687477885197,18.662554013666213,18.090293110882026,18.618154525756836,4433500,0.0,0.0
2008-01-29 00:00:00-05:00,18.702019106409068,18.9338833070159,18.415890538029863,18.628019332885742,3370000,0.0,0.0
2008-01-30 00:00:00-05:00,18.608286224194924,18.993080499644535,18.031092929128242,18.164291381835938,4294700,0.0,0.0
2008-01-31 00:00:00-05:00,17.937362041290747,18.67241789042555,17.63643240406271,18.43562126159668,3633700,0.0,0.0
2008-02-01 00:00:00-05:00,18.499752783006237,19.239742894326486,18.302421333897303,19.116411209106445,4394700,0.0,0.0
2008-02-04 00:00:00-05:00,19.067077030485173,19.067077030485173,18.47508463513462,18.795745849609375,2618700,0.0,0.0
2008-02-05 00:00:00-05:00,18.51454587457003,18.879608370409763,17.868289261645803,18.0113525390625,3301300,0.0,0.0
2008-02-06 00:00:00-05:00,18.953615670690677,19.239746131857466,18.22842651925371,18.494823455810547,4522200,0.0,0.0
2008-02-07 00:00:00-05:00,18.450417590278718,19.131207017021953,18.213619140577258,19.02760887145996,3062900,0.0,0.0
2008-02-08 00:00:00-05:00,18.83521462526656,19.02267930883312,18.18402349486916,18.450420379638672,3129100,0.0,0.0
2008-02-11 00:00:00-05:00,18.4652157899549,18.51454769987361,17.971889163200863,18.04095458984375,1868800,0.0,0.0
2008-02-12 00:00:00-05:00,18.11495527314351,19.04240802442768,18.11495527314351,19.0374755859375,3090200,0.0,0.0
2008-02-13 00:00:00-05:00,19.155874182791145,19.34827126976465,18.761211368403494,19.165739059448242,2785200,0.0,0.0
2008-02-14 00:00:00-05:00,19.185478178363276,19.323609074595648,18.51455345627635,18.81548309326172,1906000,0.0,0.0
2008-02-15 00:00:00-05:00,18.81054951130122,19.04241180419922,18.623084819302925,19.04241180419922,2884500,0.0,0.0
2008-02-19 00:00:00-05:00,19.29401425765097,19.377878922550448,18.72668760231067,18.874685287475586,3156700,0.0,0.0
2008-02-20 00:00:00-05:00,18.795741780246303,19.703462754753602,18.7513423131604,19.673864364624023,4169900,0.0,0.0
2008-02-21 00:00:00-05:00,19.70347004197167,20.0290656270575,19.279210610774932,19.363075256347656,3624000,0.0,0.0
2008-02-22 00:00:00-05:00,19.43707672689162,19.7774715423584,19.076946505823305,19.7774715423584,2810100,0.0,0.0
2008-02-25 00:00:00-05:00,19.752800965018654,20.354658242432638,19.451871385365678,20.33492660522461,3241600,0.0,0.0
2008-02-26 00:00:00-05:00,20.14252953170971,20.21652740561789,19.747866676631574,19.935331344604492,3451400,0.0,0.0
2008-02-27 00:00:00-05:00,19.787338435612973,20.06853456371206,19.565340997142005,19.752805709838867,2324900,0.0,0.0
2008-02-28 00:00:00-05:00,19.58013358964407,19.58013358964407,19.04240747881369,19.15093994140625,2516300,0.0,0.0
2008-02-29 00:00:00-05:00,18.973345496424045,19.185476139894643,18.766149174090224,18.835214614868164,3417000,0.0,0.0
2008-03-03 00:00:00-05:00,18.771090436018394,19.37788237048685,18.71682416936062,19.313751220703125,3187900,0.0,0.0
2008-03-04 00:00:00-05:00,19.096671842370803,19.269337277961682,18.677344993734494,19.146005630493164,2804300,0.0,0.0
2008-03-05 00:00:00-05:00,19.155876375800336,19.516004635549383,18.889479510158473,19.11147689819336,2134400,0.0,0.0
2008-03-06 00:00:00-05:00,19.091738470334786,19.11640442224325,18.055751553155734,18.110017776489258,3257400,0.0,0.0
2008-03-07 00:00:00-05:00,17.85841723289124,18.460274200855807,17.64135239818085,18.35667610168457,4017300,0.0,0.0
2008-03-10 00:00:00-04:00,18.332022094177493,18.41588862089942,17.774562335507035,17.878162384033203,2561800,0.0,0.0
2008-03-11 00:00:00-04:00,18.322152940563807,19.210140604977006,18.29748698247577,19.13614273071289,5099800,0.0,0.0
2008-03-12 00:00:00-04:00,19.14108038995664,19.82680437403956,18.864818572998047,18.864818572998047,3879700,0.0,0.0
2008-03-13 00:00:00-04:00,18.77138387874952,19.42590979994942,18.246764796733054,19.30599594116211,4844700,0.483,0.0
2008-03-14 00:00:00-04:00,19.41091784084172,19.64574809665861,18.566531076810435,19.296001434326172,4545300,0.0,0.0
2008-03-17 00:00:00-04:00,18.821350247277785,19.480873729835878,18.75140127793723,19.11613655090332,5347600,0.0,0.0
2008-03-18 00:00:00-04:00,19.485866729947347,20.290283584522847,19.231052388257787,20.280290603637695,4780400,0.0,0.0
2008-03-19 00:00:00-04:00,20.615039287020224,20.829883531936325,20.125394839945194,20.17535972595215,3162900,0.0,0.0
2008-03-20 00:00:00-04:00,20.275292492602784,21.204616725366495,20.21033907807706,21.099693298339844,3855600,0.0,0.0
2008-03-24 00:00:00-04:00,21.14466119734345,21.869136034047997,21.14466119734345,21.739229202270508,4266000,0.0,0.0
2008-03-25 00:00:00-04:00,21.70425053949807,21.874127351849022,21.28455499757016,21.749217987060547,4192300,0.0,0.0
2008-03-26 00:00:00-04:00,21.73423217248376,21.73423217248376,20.7699316040779,20.77492904663086,3722900,0.0,0.0
2008-03-27 00:00:00-04:00,21.154650114260026,21.154650114260026,20.485135842203054,20.490131378173828,2927000,0.0,0.0
2008-03-28 00:00:00-04:00,20.625046502312678,20.640036931445866,20.08543870268869,20.160383224487305,3236500,0.0,0.0
2008-03-31 00:00:00-04:00,20.115409274413654,21.04973297436414,20.115409274413654,20.729965209960938,3439100,0.0,0.0
2008-04-01 00:00:00-04:00,21.08969988627879,22.123949430827835,20.99976497753836,22.113956451416016,4099500,0.0,0.0
2008-04-02 00:00:00-04:00,22.22887076758384,22.263845236258025,21.469421622436915,21.614315032958984,3107400,0.0,0.0
2008-04-03 00:00:00-04:00,21.649293563179004,21.859140396118164,21.399474815794797,21.859140396118164,3700600,0.0,0.0
2008-04-04 00:00:00-04:00,21.979047593030273,22.01402205462008,21.544361731616597,21.629301071166992,2595100,0.0,0.0
2008-04-07 00:00:00-04:00,21.804187030532145,21.874135997506215,21.32953087553702,21.624317169189453,1814600,0.0,0.0
2008-04-08 00:00:00-04:00,21.509398265898263,21.509398265898263,20.984779167894146,21.03973960876465,2540800,0.0,0.0
2008-04-09 00:00:00-04:00,21.079706281706898,21.099692239937813,20.47514533996582,20.47514533996582,2680400,0.0,0.0
2008-04-10 00:00:00-04:00,20.47515125919801,20.57507917327521,20.21533944498386,20.420190811157227,3425700,0.0,0.0
2008-04-11 00:00:00-04:00,20.1354017172211,20.485148536848463,19.935547753124627,20.160383224487305,1759900,0.0,0.0
2008-04-14 00:00:00-04:00,20.180357142525043,20.44516439216453,20.040459260597117,20.0754337310791,1975300,0.0,0.0
2008-04-15 00:00:00-04:00,20.165370766879878,20.410192086217457,19.915552004963065,20.270294189453125,2614200,0.0,0.0
2008-04-16 00:00:00-04:00,20.415194822037776,21.184637265674017,20.245317943650115,21.129676818847656,3255000,0.0,0.0
2008-04-17 00:00:00-04:00,20.939813971440472,21.229604725188945,20.81490455812814,21.17963981628418,1708900,0.0,0.0
2008-04-18 00:00:00-04:00,21.434456086782514,21.54937251831389,20.944809509347753,21.17963981628418,1780400,0.0,0.0
2008-04-21 00:00:00-04:00,20.97978076622576,21.084704190308493,20.8498739408192,20.96479034423828,1733400,0.0,0.0
2008-04-22 00:00:00-04:00,20.86486125342077,20.974782113814747,20.570075050881684,20.645021438598633,1751500,0.0,0.0
2008-04-23 00:00:00-04:00,20.69998141091846,21.19462145981844,20.605050973747197,21.15964698791504,1627900,0.0,0.0
2008-04-24 00:00:00-04:00,21.244592263392203,21.71425094960077,21.069717949254176,21.654294967651367,1947800,0.0,0.0
2008-04-25 00:00:00-04:00,21.804175220940323,21.919091591008986,21.649288851092088,21.884117126464844,2097000,0.0,0.0
2008-04-28 00:00:00-04:00,21.784192176372574,21.834157065224332,21.409464086829708,21.454431533813477,1608700,0.0,0.0
2008-04-29 00:00:00-04:00,21.329528042756944,21.519390860732546,21.074713710341022,21.199623107910156,1703300,0.0,0.0
2008-04-30 00:00:00-04:00,21.294549831403994,21.554361561523898,20.744949340820312,20.744949340820312,1936800,0.0,0.0
2008-05-01 00:00:00-04:00,20.180366274660493,21.549374402915525,20.180366274660493,21.47942543029785,2035700,0.0,0.0
2008-05-02 00:00:00-04:00,21.594333499112437,22.17890846301719,21.299547295973525,21.799184799194336,4411700,0.0,0.0
2008-05-05 00:00:00-04:00,21.629303188299357,21.704247653628183,21.334517050355682,21.674270629882812,1352500,0.0,0.0
2008-05-06 00:00:00-04:00,21.534378464149434,22.019027516047895,21.4594339723699,21.97406005859375,2207800,0.0,0.0
2008-05-07 00:00:00-04:00,21.89911748265028,22.059001366259945,21.06971721572156,21.124677658081055,1920200,0.0,0.0
2008-05-08 00:00:00-04:00,21.404466234631418,21.404466234631418,20.64002162459775,20.90982437133789,1426500,0.0,0.0
2008-05-09 00:00:00-04:00,20.450166337719715,21.074713313814343,20.450166337719715,20.809906005859375,1862700,0.0,0.0
2008-05-12 00:00:00-04:00,20.904830625407584,21.76920317035477,20.904830625407584,21.719240188598633,1753100,0.0,0.0
2008-05-13 00:00:00-04:00,21.804180687671764,21.804180687671764,21.319531691812934,21.639301300048828,1391100,0.0,0.0
2008-05-14 00:00:00-04:00,21.799191842214373,22.02402917249876,21.619321977986864,21.914108276367188,1344100,0.0,0.0
2008-05-15 00:00:00-04:00,21.7891915055126,22.16391962751257,21.50439828526989,22.108959197998047,2009000,0.0,0.0
2008-05-16 00:00:00-04:00,22.05900154151267,22.213887982884057,21.769210808938947,22.01902961730957,1541800,0.0,0.0
2008-05-19 00:00:00-04:00,22.408744804261715,22.428730764986025,21.994046602045973,22.208890914916992,1455600,0.0,0.0
2008-05-20 00:00:00-04:00,22.17890587950244,22.20388737056034,21.524382046343657,21.614315032958984,1542200,0.0,0.0
2008-05-21 00:00:00-04:00,21.739222790426872,21.854141071553325,20.919817745998568,20.949796676635742,2141700,0.0,0.0
2008-05-22 00:00:00-04:00,20.879853245674738,21.01475561013666,20.759939397497714,20.85487174987793,1795700,0.0,0.0
2008-05-23 00:00:00-04:00,20.33524763353116,20.660010880959476,20.300273159284508,20.470149993896484,1639300,0.0,0.0
2008-05-27 00:00:00-04:00,20.575077431761137,20.94480820479569,20.465156544983486,20.76494026184082,1553200,0.0,0.0
2008-05-28 00:00:00-04:00,20.73995685121016,20.894845200182612,20.520116983671496,20.864866256713867,1885400,0.0,0.0
2008-05-29 00:00:00-04:00,20.709973673833982,21.35450647258075,20.704976231754312,21.279560089111328,1860500,0.0,0.0
2008-05-30 00:00:00-04:00,21.239595806533984,21.319537754836038,21.01476038728636,21.129676818847656,1786800,0.0,0.0
2008-06-02 00:00:00-04:00,20.93481502078765,20.989773552674095,20.709977732284635,20.869861602783203,1621500,0.0,0.0
2008-06-03 00:00:00-04:00,21.12466957168432,21.51438805652144,21.04472766048077,21.439441680908203,2510300,0.0,0.0
2008-06-04 00:00:00-04:00,21.43445452514394,21.954076198130984,21.349515139177417,21.81917381286621,2630500,0.0,0.0
2008-06-05 00:00:00-04:00,21.98404772379795,22.15892006830555,21.754214955026352,22.063989639282227,2358600,0.0,0.0
2008-06-06 00:00:00-04:00,21.654288966002124,21.894114733296533,21.149655938022057,21.25957489013672,2482700,0.0,0.0
2008-06-09 00:00:00-04:00,21.249583734757252,21.60432783282612,20.64002723865578,20.660011291503906,2234100,0.0,0.0
2008-06-10 00:00:00-04:00,20.49013953776434,21.03474466180267,20.365230123131386,20.874860763549805,2150200,0.0,0.0
2008-06-11 00:00:00-04:00,20.93980358131105,21.024742931319867,20.48513361869569,20.650014877319336,2539700,0.0,0.0
2008-06-12 00:00:00-04:00,20.934639375364288,21.339075395411164,20.661644338644,21.055971145629883,2421800,0.483,0.0
2008-06-13 00:00:00-04:00,21.16719332721065,21.541297912597656,20.89925478145589,21.541297912597656,1922200,0.0,0.0
2008-06-16 00:00:00-04:00,21.318860033445905,21.955848659258123,21.16719671775375,21.890127182006836,1955900,0.0,0.0
2008-06-17 00:00:00-04:00,22.1429029951173,22.1429029951173,20.980148180455497,20.98520278930664,1699500,0.0,0.0
2008-06-18 00:00:00-04:00,20.762759156871937,20.995309687046177,20.46448715390808,20.595930099487305,2562600,0.0,0.0
2008-06-19 00:00:00-04:00,20.651541249583065,21.035757064819336,20.373491497914394,21.035757064819336,2060700,0.0,0.0
2008-06-20 00:00:00-04:00,21.050923831430733,21.131811070870754,20.368437869187044,20.39876937866211,2370000,0.0,0.0
2008-06-23 00:00:00-04:00,20.48470378444276,20.56053445194493,19.787050458105277,19.847715377807617,2056300,0.0,0.0
2008-06-24 00:00:00-04:00,19.766829193021568,20.20665518689031,19.52922410841191,20.01454734802246,2296600,0.0,0.0
2008-06-25 00:00:00-04:00,20.054989109026685,20.77791933009878,20.054989109026685,20.317873001098633,2438500,0.0,0.0
2008-06-26 00:00:00-04:00,20.054995928037908,20.201604636091268,19.332067389661887,19.402843475341797,2996700,0.0,0.0
2008-06-27 00:00:00-04:00,19.56461211234929,19.721329990129544,19.236006751223968,19.337116241455078,2476600,0.0,0.0
2008-06-30 00:00:00-04:00,19.27645863448051,19.766836666178516,19.08940533158677,19.34723472595215,2207900,0.0,0.0
2008-07-01 00:00:00-04:00,19.01357014114637,19.37250705084307,18.62429980148105,19.306785583496094,3990400,0.0,0.0
2008-07-02 00:00:00-04:00,19.26128198573795,19.321948831762878,18.821457958823473,18.851791381835938,2336800,0.0,0.0
2008-07-03 00:00:00-04:00,19.054004589442425,19.357332973135158,18.816399573327736,19.12478256225586,1314300,0.0,0.0
2008-07-07 00:00:00-04:00,19.13995078613954,19.544386754957287,18.942788371872314,19.104562759399414,3751200,0.0,0.0
2008-07-08 00:00:00-04:00,20.18644328064005,21.126758746101007,19.236016668092997,20.788042068481445,5536900,0.0,0.0
2008-07-09 00:00:00-04:00,20.611085316093575,20.737471660738372,18.983228579947784,19.26127815246582,4453500,0.0,0.0
2008-07-10 00:00:00-04:00,19.079293045256755,20.014551695262945,19.008515036666715,19.726390838623047,3742700,0.0,0.0
2008-07-11 00:00:00-04:00,19.22084543213402,20.403822304899354,18.705188648774406,19.8527774810791,3346700,0.0,0.0
2008-07-14 00:00:00-04:00,20.085324543322425,20.27237585752362,19.3725053923632,19.433170318603516,4959500,0.0,0.0
2008-07-15 00:00:00-04:00,19.40789200922734,19.933659807585126,18.872014997653867,19.00851058959961,5827500,0.0,0.0
2008-07-16 00:00:00-04:00,18.887185234399666,20.595930020883234,18.705188497217524,20.464487075805664,4945400,0.0,0.0
2008-07-17 00:00:00-04:00,20.661649114761683,21.0509194766972,20.04993937250738,20.884090423583984,5419000,0.0,0.0
2008-07-18 00:00:00-04:00,20.858811754405632,21.116641104544605,20.403821846489507,20.8790340423584,3971400,0.0,0.0
2008-07-21 00:00:00-04:00,20.894197097409737,21.212689383898123,20.727366151484595,21.11157989501953,3056800,0.0,0.0
2008-07-22 00:00:00-04:00,21.005420388150036,21.910347522114655,20.69703724753053,21.824403762817383,3899200,0.0,0.0
2008-07-23 00:00:00-04:00,21.87495709168309,22.93660201953186,21.63229544898918,22.517000198364258,4911300,0.0,0.0
2008-07-24 00:00:00-04:00,22.45127934587144,22.45127934587144,20.68692440621737,20.873977661132812,5804300,0.0,0.0
2008-07-25 00:00:00-04:00,21.126752874618845,21.829461009522532,20.853757764676764,21.59691047668457,4006000,0.0,0.0
2008-07-28 00:00:00-04:00,21.59691124779078,21.890126728250447,20.904312303930666,20.96497917175293,3617000,0.0,0.0
2008-07-29 00:00:00-04:00,21.025638945563525,22.537220948627308,21.025638945563525,22.097394943237305,4881000,0.0,0.0
2008-07-30 00:00:00-04:00,22.147937916246764,22.243990818703146,21.11662515181185,21.93560791015625,3802300,0.0,0.0
2008-07-31 00:00:00-04:00,21.076196467275132,22.24400755834976,20.863868229899843,21.824403762817383,3524300,0.0,0.0
2008-08-01 00:00:00-04:00,22.067061449817285,22.410832537919358,21.268298648491,22.30466651916504,3757900,0.0,0.0
2008-08-04 00:00:00-04:00,22.31478161027627,22.53216636412835,21.905290924394762,22.29961585998535,3490200,0.0,0.0
2008-08-05 00:00:00-04:00,22.471505697261893,23.907255495095715,22.42094997252961,23.69492530822754,5170700,0.0,0.0
2008-08-06 00:00:00-04:00,22.896154468961807,23.497752875325276,22.552383400038998,23.2348690032959,4214200,0.0,0.0
2008-08-07 00:00:00-04:00,22.643383387385594,23.002320229220615,21.93056431016965,22.087282180786133,5181000,0.0,0.0
2008-08-08 00:00:00-04:00,22.193444147321266,23.209589567244766,21.940671443723083,23.05286979675293,3648900,0.0,0.0
2008-08-11 00:00:00-04:00,23.103434030036233,24.12463636127191,22.987158774844012,23.831418991088867,4339700,0.0,0.0
2008-08-12 00:00:00-04:00,23.411814770207986,23.598866080974236,22.734383666037655,22.901212692260742,3821500,0.0,0.0
2008-08-13 00:00:00-04:00,22.936598640269413,23.09331843847314,22.28950102175625,22.567550659179688,3445400,0.0,0.0
2008-08-14 00:00:00-04:00,22.021564499154245,23.20454114432582,22.021564499154245,23.037710189819336,2642800,0.0,0.0
2008-08-15 00:00:00-04:00,23.10343567827074,23.421929965173373,22.55239086439315,22.69394302368164,2812500,0.0,0.0
2008-08-18 00:00:00-04:00,22.926483971936364,22.926483971936364,22.011447998119877,22.213665008544922,3257900,0.0,0.0
2008-08-19 00:00:00-04:00,21.93056479173582,22.117616090693392,21.334020934895157,21.5261287689209,4947800,0.0,0.0
2008-08-20 00:00:00-04:00,21.48568472107151,21.743512089182996,21.081248688493144,21.440185546875,3490900,0.0,0.0
2008-08-21 00:00:00-04:00,20.73241720582846,21.232908029347147,20.71725146007124,20.899248123168945,4786900,0.0,0.0
2008-08-22 00:00:00-04:00,21.177302514868707,21.692959200810403,20.914418600751183,21.612071990966797,3722600,0.0,0.0
2008-08-25 00:00:00-04:00,21.70307261832221,21.70307261832221,20.838590110897208,20.924531936645508,2817100,0.0,0.0
2008-08-26 00:00:00-04:00,20.944758089281667,21.42502688044347,20.73748443353863,21.258195877075195,2888000,0.0,0.0
2008-08-27 00:00:00-04:00,21.237963340271577,21.364349701785578,20.732417894215573,21.1469669342041,2569800,0.0,0.0
2008-08-28 00:00:00-04:00,21.237964651763566,21.74351012903814,21.111578282444924,21.713178634643555,3600800,0.0,0.0
2008-08-29 00:00:00-04:00,21.445245065790182,21.69801788511446,21.243027967432894,21.334026336669922,2252200,0.0,0.0
2008-09-02 00:00:00-04:00,21.617125708470812,21.971007960165554,21.030692979106394,21.440185546875,2829300,0.0,0.0
2008-09-03 00:00:00-04:00,21.53118908162786,22.16817574531109,21.243028218473114,22.132787704467773,3320900,0.0,0.0
2008-09-04 00:00:00-04:00,22.112561332785322,22.112561332785322,21.000360831279114,21.055971145629883,3573600,0.0,0.0
2008-09-05 00:00:00-04:00,20.868919404662833,21.409852981567383,20.702090378240587,21.409852981567383,2964100,0.0,0.0
2008-09-08 00:00:00-04:00,22.24401242316082,22.623171725828335,21.753632441256244,22.592838287353516,5154400,0.0,0.0
2008-09-09 00:00:00-04:00,22.5928249340786,22.61810374878545,21.12168778637046,21.364349365234375,5509800,0.0,0.0
2008-09-10 00:00:00-04:00,21.68790684216067,21.753626381125372,20.767814011620853,21.465465545654297,4691800,0.0,0.0
2008-09-11 00:00:00-04:00,21.1448432357841,21.68177553918936,20.884049161847635,21.666433334350586,3681000,0.483,0.0
2008-09-12 00:00:00-04:00,21.359602617089376,21.9578955468839,21.23687481188696,21.91187286376953,2276700,0.0,0.0
2008-09-15 00:00:00-04:00,21.77381233674605,21.77381233674605,20.24995063955321,20.454496383666992,6455200,0.0,0.0
2008-09-16 00:00:00-04:00,20.198822563006722,21.461888800662226,20.15279985129112,21.339160919189453,6660200,0.0,0.0
2008-09-17 00:00:00-04:00,20.730637311005175,21.334045248869955,20.10677440389574,20.280637741088867,5837400,0.0,0.0
2008-09-18 00:00:00-04:00,20.520976269071387,25.056760787963867,20.09143172039286,25.056760787963867,9287600,0.0,0.0
2008-09-19 00:00:00-04:00,24.698802984323645,25.05675704655584,22.750513531800085,24.3050537109375,9509900,0.0,0.0
2008-09-22 00:00:00-04:00,23.783468367799657,23.855060754428596,21.988586900075216,22.218700408935547,5080500,0.0,0.0
2008-09-23 00:00:00-04:00,22.193135456051916,22.88347411845421,21.799386058366263,22.08063507080078,3908800,0.0,0.0
2008-09-24 00:00:00-04:00,22.162453351335074,22.382339407425665,21.553932609301437,21.855636596679688,3259700,0.0,0.0
2008-09-25 00:00:00-04:00,22.193136691203623,22.699384551622146,21.656204423126468,22.423248291015625,3795700,0.0,0.0
2008-09-26 00:00:00-04:00,22.14200097480377,23.307909070607252,21.65109332956735,23.272111892700195,3723100,0.0,0.0
2008-09-29 00:00:00-04:00,22.811891936121917,22.949960108749988,20.965872149393537,21.231781005859375,5469600,0.0,0.0
2008-09-30 00:00:00-04:00,21.80961095489348,22.863016434696313,21.569269960634887,22.70960807800293,4838600,0.0,0.0
2008-10-01 00:00:00-04:00,22.03971397615655,22.377213010408347,21.799375025701032,22.03460121154785,3228000,0.0,0.0
2008-10-02 00:00:00-04:00,21.738024176870756,21.75336638198402,20.710186166187377,20.878936767578125,4633300,0.0,0.0
2008-10-03 00:00:00-04:00,21.28290532239714,21.53347378943848,19.902226271874202,20.014726638793945,5206500,0.0,0.0
2008-10-06 00:00:00-04:00,19.232344346523877,20.367569744912053,18.49598108240477,19.77438735961914,6613600,0.0,0.0
2008-10-07 00:00:00-04:00,19.48290922993003,19.87665856395701,18.419276311974617,18.73632049560547,8087100,0.0,0.0
2008-10-08 00:00:00-04:00,18.189160912233017,19.835748509743684,17.938594421729185,18.91529655456543,7075600,0.0,0.0
2008-10-09 00:00:00-04:00,18.971549898682763,19.554504846537785,17.03860007636907,17.06928253173828,7359100,0.0,0.0
2008-10-10 00:00:00-04:00,16.5067837013545,20.965866088867188,16.363602801067074,20.965866088867188,13278500,0.0,0.0
2008-10-13 00:00:00-04:00,21.216429291283507,21.216429291283507,18.695412211280505,20.168134689331055,7524900,0.0,0.0
2008-10-14 00:00:00-04:00,20.70507309535052,21.032344856139257,16.936329226365498,18.3630313873291,7783100,0.0,0.0
2008-10-15 00:00:00-04:00,18.27609841301236,18.27609841301236,15.207922134693014,15.484058380126953,8150900,0.0,0.0
2008-10-16 00:00:00-04:00,15.852242208728622,16.90564997388097,15.19769766317883,16.527240753173828,8321400,0.0,0.0
2008-10-17 00:00:00-04:00,16.19485173282285,17.28916823517291,15.581216292713533,16.6243953704834,4459100,0.0,0.0
2008-10-20 00:00:00-04:00,16.649966233448236,17.074396158611453,16.01587577874613,17.002805709838867,3950700,0.0,0.0
2008-10-21 00:00:00-04:00,16.752238724386643,17.386329237225954,16.45564941646523,16.629512786865234,3620900,0.0,0.0
2008-10-22 00:00:00-04:00,16.41474052458566,16.542581188953754,14.80906209223341,15.330652236938477,6771700,0.0,0.0
2008-10-23 00:00:00-04:00,15.381790325569455,16.21019834749556,14.420428856935663,16.107925415039062,7068200,0.0,0.0
2008-10-24 00:00:00-04:00,14.773263688021467,16.363601523164995,14.670991763709681,15.38178539276123,5848700,0.0,0.0
2008-10-27 00:00:00-04:00,15.182351077686677,16.18973473077353,14.512465580758471,14.686328887939453,4663500,0.0,0.0
2008-10-28 00:00:00-04:00,15.08007843463146,17.00791411723411,14.2414443342383,16.312461853027344,7228200,0.0,0.0
2008-10-29 00:00:00-04:00,16.271560081394764,17.258490195284303,15.64258422836099,16.327810287475586,5957900,0.0,0.0
2008-10-30 00:00:00-04:00,16.982345077948793,17.002800042406676,15.724394024180611,16.39427947998047,4737400,0.0,0.0
2008-10-31 00:00:00-04:00,16.583484649360333,18.010186373657408,16.17439409823681,17.86189079284668,5742300,0.0,0.0
2008-11-03 00:00:00-05:00,17.67779820949091,17.948819660297847,16.69086861040672,16.859619140625,2989300,0.0,0.0
2008-11-04 00:00:00-05:00,16.941438747880138,18.184049674539175,16.834051149375394,17.969276428222656,4832100,0.0,0.0
2008-11-05 00:00:00-05:00,17.64712261998445,17.861895928198507,15.852240736800281,16.056785583496094,6057900,0.0,0.0
2008-11-06 00:00:00-05:00,15.934058522653572,16.113035627550857,15.10565165764417,15.253946304321289,4710200,0.0,0.0
2008-11-07 00:00:00-05:00,15.315312827793683,17.094854740055634,15.049403997130103,16.905651092529297,5389300,0.0,0.0
2008-11-10 00:00:00-05:00,17.16643463076395,17.16643463076395,15.299962172515052,15.509620666503906,4665200,0.0,0.0
2008-11-11 00:00:00-05:00,15.356218233517893,16.026102922989416,15.00849153200697,15.606785774230957,4329000,0.0,0.0
2008-11-12 00:00:00-05:00,15.898262174887677,15.969852621656132,14.849969310006637,14.906218528747559,6516700,0.0,0.0
2008-11-13 00:00:00-05:00,15.223265449577925,16.798261306689334,14.057358323467257,16.389171600341797,9418200,0.0,0.0
2008-11-14 00:00:00-05:00,15.84712531650785,16.30735141670133,13.919288267823767,14.144288063049316,6471600,0.0,0.0
2008-11-17 00:00:00-05:00,14.144290109939236,14.578948535658341,13.540882057217045,13.612473487854004,6904000,0.0,0.0
2008-11-18 00:00:00-05:00,13.653377422868392,14.256784277683042,12.84031107210508,13.551104545593262,5222700,0.0,0.0
2008-11-19 00:00:00-05:00,13.520426671131908,13.627812343040654,11.648839736421085,11.868724822998047,8113200,0.0,0.0
2008-11-20 00:00:00-05:00,11.812472299124854,13.05508315703548,10.876679093531711,11.316450119018555,12193600,0.0,0.0
2008-11-21 00:00:00-05:00,11.567018323844355,13.044855399693702,11.06076867174,12.963037490844727,11909600,0.0,0.0
2008-11-24 00:00:00-05:00,13.433496051453771,15.729514062314468,12.77895155696257,15.310196876525879,11988300,0.0,0.0
2008-11-25 00:00:00-05:00,15.407354565262494,15.765308772065334,14.272129954966765,15.223264694213867,11719600,0.0,0.0
2008-11-26 00:00:00-05:00,14.860198644966797,16.15906027114714,14.486904136786224,16.061901092529297,8237700,0.0,0.0
2008-11-28 00:00:00-05:00,16.061896481185574,16.28178251818537,15.458488558817745,15.560761451721191,4183300,0.0,0.0
2008-12-01 00:00:00-05:00,15.253936760090523,15.31018692295226,12.144854139414306,12.195990562438965,10673900,0.0,0.0
2008-12-02 00:00:00-05:00,12.927244239010449,14.931785260639497,12.81985760776157,14.660762786865234,11695000,0.0,0.0
2008-12-03 00:00:00-05:00,14.00621756665884,15.877804105509439,13.750536334844861,15.688600540161133,10239000,0.0,0.0
2008-12-04 00:00:00-05:00,15.151673592708194,16.665307414255974,14.788606610468934,15.10565185546875,9983800,0.0,0.0
2008-12-05 00:00:00-05:00,15.310191897001419,17.396550636395375,14.773260743820941,17.202232360839844,8747500,0.0,0.0
2008-12-08 00:00:00-05:00,17.718724993860334,17.831223503664702,16.568158486484847,17.69315528869629,9834600,0.0,0.0
2008-12-09 00:00:00-05:00,17.32496832023485,17.851671261752543,16.056788119714383,16.348264694213867,7606300,0.0,0.0
2008-12-10 00:00:00-05:00,16.69087344718587,17.70337106982472,16.266442566462715,17.63178062438965,6454900,0.0,0.0
2008-12-11 00:00:00-05:00,17.284049495754285,17.406777335497424,13.837466884070475,14.026671409606934,14001800,0.0,0.0
2008-12-12 00:00:00-05:00,13.63292322938114,16.235758252446786,13.382355738747162,16.184621810913086,10914100,0.0,0.0
2008-12-15 00:00:00-05:00,16.020993703454955,16.07213016964618,14.670996457949716,15.167017936706543,6673600,0.0,0.0
2008-12-16 00:00:00-05:00,15.310193173346313,17.12041587481282,14.972694009083973,16.97212028503418,12022800,0.0,0.0
2008-12-17 00:00:00-05:00,16.41984845931853,17.67779960878321,15.744850186401242,17.023256301879883,7527100,0.0,0.0
2008-12-18 00:00:00-05:00,17.045568961546113,17.055947019321113,14.700182338229096,14.975194931030273,10460800,0.483,0.0
2008-12-19 00:00:00-05:00,15.286530834878711,15.63937692978152,14.73650656384526,15.322854042053223,6874900,0.0,0.0
2008-12-22 00:00:00-05:00,15.006324234191792,15.006324234191792,14.035997856677369,14.73650074005127,6683900,0.0,0.0
2008-12-23 00:00:00-05:00,14.871414952393884,15.125671406046107,14.19685709492521,14.279879570007324,4255900,0.0,0.0
2008-12-24 00:00:00-05:00,14.440738300489402,14.6742396756401,14.259126229783988,14.40441608428955,1381100,0.0,0.0
2008-12-26 00:00:00-05:00,14.409609769142824,14.694999551236005,14.186486380735998,14.58603286743164,1393600,0.0,0.0
2008-12-29 00:00:00-05:00,14.48743543044979,14.528946667053132,13.71947705843498,13.999677658081055,3511200,0.0,0.0
2008-12-30 00:00:00-05:00,14.030818268087206,14.731320583592348,14.030818268087206,14.601597785949707,3746500,0.0,0.0
2008-12-31 00:00:00-05:00,14.451117296931745,15.59786615001527,14.342149651556033,15.473332405090332,4479500,0.0,0.0
2009-01-02 00:00:00-05:00,15.49927242757905,15.49927242757905,14.55489010892655,14.648290634155273,3956500,0.0,0.0
2009-01-05 00:00:00-05:00,14.49781866873857,14.731319086948767,13.984116561028575,14.160539627075195,4817700,0.0,0.0
2009-01-06 00:00:00-05:00,14.305825963543798,14.64310494511773,13.849202279055511,14.49781608581543,6549700,0.0,0.0
2009-01-07 00:00:00-05:00,14.212426651004112,14.617162057857453,14.010059442430547,14.124215126037598,4039000,0.0,0.0
2009-01-08 00:00:00-05:00,14.015244269662626,14.16053408772097,13.698720482684696,13.968544006347656,4434200,0.0,0.0
2009-01-09 00:00:00-05:00,14.077519091583493,14.113842310216498,13.288805148547665,13.397771835327148,5056600,0.0,0.0
2009-01-12 00:00:00-05:00,13.428897006590843,13.439275062854469,12.458571509177977,12.634994506835938,5852500,0.0,0.0
2009-01-13 00:00:00-05:00,12.583105661692192,13.579376335113379,12.484516103101472,13.33030891418457,6397700,0.0,0.0
2009-01-14 00:00:00-05:00,12.88925066224693,13.221340537697449,12.697260584435915,12.956706047058105,7298800,0.0,0.0
2009-01-15 00:00:00-05:00,12.925579470393858,14.134595904129528,12.61424455829191,13.605326652526855,7516500,0.0,0.0
2009-01-16 00:00:00-05:00,14.015247093130723,14.243559427587238,13.10718777416958,14.150158882141113,8853600,0.0,0.0
2009-01-20 00:00:00-05:00,14.004866753350795,14.150156577010346,12.45338291703491,12.546783447265625,9891500,0.0,0.0
2009-01-21 00:00:00-05:00,12.790657985163316,13.667583711751345,12.142044487034287,13.589750289916992,9158200,0.0,0.0
2009-01-22 00:00:00-05:00,12.852932389506218,13.278422920076155,12.323663246243333,12.650564193725586,8357000,0.0,0.0
2009-01-23 00:00:00-05:00,12.199131688026988,13.138324441124626,12.152431402928164,13.039734840393066,5988300,0.0,0.0
2009-01-26 00:00:00-05:00,13.252478878252273,13.252478878252273,12.614242087080731,12.821798324584961,4876400,0.0,0.0
2009-01-27 00:00:00-05:00,12.96708653089284,13.216153984113104,12.718019077672574,12.982653617858887,4719400,0.0,0.0
2009-01-28 00:00:00-05:00,13.605320151467714,14.279878970313788,13.138318501316387,14.196856498718262,8995500,0.0,0.0
2009-01-29 00:00:00-05:00,13.76618360157247,13.844017081987456,12.858124020749372,12.961901664733887,8511800,0.0,0.0
2009-01-30 00:00:00-05:00,13.283614917667048,13.392581594605716,12.136864851043383,12.41706657409668,8420700,0.0,0.0
2009-02-02 00:00:00-05:00,12.121298464937862,12.588300336063734,11.89817509580831,12.55197811126709,5949700,0.0,0.0
2009-02-03 00:00:00-05:00,12.738774226984548,12.738774226984548,12.21469516435785,12.323661804199219,6045100,0.0,0.0
2009-02-04 00:00:00-05:00,12.453390287751475,12.863314859782433,12.100544071245471,12.152433395385742,6421300,0.0,0.0
2009-02-05 00:00:00-05:00,12.022704515125312,12.022704515125312,10.787744370027207,11.099078178405762,10376200,0.0,0.0
2009-02-06 00:00:00-05:00,11.301444957530112,12.074592334442244,11.016054348523834,11.970813751220703,7683300,0.0,0.0
2009-02-09 00:00:00-05:00,12.012329376467944,12.209508558706723,11.669861312270362,12.173185348510742,4736100,0.0,0.0
2009-02-10 00:00:00-05:00,11.773635986835322,12.173181267998713,10.818876555262175,10.922654151916504,9892600,0.0,0.0
2009-02-11 00:00:00-05:00,11.000492490098178,11.649106410747688,10.720290801318567,11.566083908081055,7852600,0.0,0.0
2009-02-12 00:00:00-05:00,11.228802076155857,11.576459121438068,10.58537728886012,11.384469985961914,8805300,0.0,0.0
2009-02-13 00:00:00-05:00,11.29625627104875,11.566079803820713,10.8915209718908,10.922654151916504,7990200,0.0,0.0
2009-02-17 00:00:00-05:00,10.325928594505532,10.606130152374446,9.843359904646295,9.967893600463867,10100700,0.0,0.0
2009-02-18 00:00:00-05:00,9.978274342540255,10.37263164699677,9.677317582521612,10.336309432983398,7209300,0.0,0.0
2009-02-19 00:00:00-05:00,10.715099095104017,10.761799364903943,9.625427782615834,9.77071762084961,7230300,0.0,0.0
2009-02-20 00:00:00-05:00,9.651372766875276,10.699532821030898,9.474949748266665,10.621698379516602,10064300,0.0,0.0
2009-02-23 00:00:00-05:00,10.75142018107478,10.75142018107478,9.57872650948894,9.594293594360352,9466000,0.0,0.0
2009-02-24 00:00:00-05:00,9.703265866320649,10.538680027940886,9.594298199331492,10.481602668762207,10582100,0.0,0.0
2009-02-25 00:00:00-05:00,10.139131289581128,10.53348760487501,9.677317595858112,10.09761905670166,10468500,0.0,0.0
2009-02-26 00:00:00-05:00,10.26885799643538,10.310369255569208,9.329664150259493,9.391931533813477,8960100,0.0,0.0
2009-02-27 00:00:00-05:00,9.122103517736091,9.635805476431614,9.085781306975703,9.132481575012207,11621900,0.0,0.0
2009-03-02 00:00:00-05:00,8.883413768317238,9.25701490732972,8.525378724864042,8.675856590270996,11334500,0.0,0.0
2009-03-03 00:00:00-05:00,8.857471445655305,9.26739591410428,8.437169906765641,8.800393104553223,9435100,0.0,0.0
2009-03-04 00:00:00-05:00,8.893791510512772,9.516461112501517,8.805580000059466,9.29333782196045,9349100,0.0,0.0
2009-03-05 00:00:00-05:00,9.0494627905811,9.127296272514787,8.577271878516122,8.670671463012695,9143900,0.0,0.0
2009-03-06 00:00:00-05:00,8.821146223885004,8.982002142614652,8.136210322501004,8.867846488952637,10491100,0.0,0.0
2009-03-09 00:00:00-04:00,8.732935360173162,9.179181930223999,8.603212612107782,9.12729263305664,7775400,0.0,0.0
2009-03-10 00:00:00-04:00,9.340040350468396,10.414144832419254,9.111727975894741,10.393389701843262,14788000,0.0,0.0
2009-03-11 00:00:00-04:00,10.476412284478112,10.65283534941502,9.916009898709794,10.211777687072754,11420000,0.0,0.0
2009-03-12 00:00:00-04:00,10.208052029164902,11.309180950324611,9.958036563756572,11.229389190673828,11459700,0.483,0.0
2009-03-13 00:00:00-04:00,11.229386868625136,11.229386868625136,10.367633404613926,10.814468383789062,7726400,0.0,0.0
2009-03-16 00:00:00-04:00,10.580415420184355,10.798513401126977,9.766537935313199,9.856968879699707,9891000,0.0,0.0
2009-03-17 00:00:00-04:00,9.910162846674858,10.857027981752202,9.596315345173798,10.841069221496582,8508600,0.0,0.0
2009-03-18 00:00:00-04:00,10.697443250452707,11.394292803894716,10.224010228150625,11.378334045410156,10081900,0.0,0.0
2009-03-19 00:00:00-04:00,11.537916612583105,11.575152694736259,10.133577559016231,10.213370323181152,9279000,0.0,0.0
2009-03-20 00:00:00-04:00,10.239968317131346,10.245287902945064,9.037769317626953,9.037769317626953,11125000,0.0,0.0
2009-03-23 00:00:00-04:00,9.330343958206292,11.053850840254436,9.330343958206292,10.936821937561035,14607500,0.0,0.0
2009-03-24 00:00:00-04:00,10.55913627786807,10.798511549895967,9.761216675227267,9.910161018371582,9926400,0.0,0.0
2009-03-25 00:00:00-04:00,10.128265588770338,10.415516277295584,9.181400103704265,10.197418212890625,10457400,0.0,0.0
2009-03-26 00:00:00-04:00,10.330398945612606,10.516580385236415,9.431409261445454,10.442107200622559,9347000,0.0,0.0
2009-03-27 00:00:00-04:00,10.218690625403699,10.266565886172355,9.766536963088878,9.841009140014648,6824100,0.0,0.0
2009-03-30 00:00:00-04:00,9.202670520531624,9.489922007557004,9.000531374356278,9.059045791625977,7928400,0.0,0.0
2009-03-31 00:00:00-04:00,9.399496140394245,9.942081897301657,9.170758947897536,9.76121997833252,11658600,0.0,0.0
2009-04-01 00:00:00-04:00,9.511203597774237,9.973997529573758,9.431411820459147,9.782496452331543,7804000,0.0,0.0
2009-04-02 00:00:00-04:00,10.133581233617573,10.617652506354963,9.80909453247084,10.484665870666504,12955800,0.0,0.0
2009-04-03 00:00:00-04:00,10.458066479929375,11.543237657919493,10.112301511705677,11.527278900146484,10800100,0.0,0.0
2009-04-06 00:00:00-04:00,11.34109903729595,11.67622589514631,10.904903076570323,11.420890808105469,7365300,0.0,0.0
2009-04-07 00:00:00-04:00,11.053847287916048,11.16023596618398,10.117621440278809,10.128260612487793,8660700,0.0,0.0
2009-04-08 00:00:00-04:00,10.29316245625529,10.553816055646283,9.989953187874077,10.319759368896484,8162700,0.0,0.0
2009-04-09 00:00:00-04:00,10.660204070058915,12.176250175124071,10.527217498414112,12.096458435058594,12290000,0.0,0.0
2009-04-13 00:00:00-04:00,11.91028106583605,12.500741968601814,11.649627418881918,12.19221305847168,7356400,0.0,0.0
2009-04-14 00:00:00-04:00,11.91028080992079,12.11242103112217,10.771915720212219,10.867666244506836,11695100,0.0,0.0
2009-04-15 00:00:00-04:00,10.740000419477783,11.968796584755975,10.649569471364218,11.91560173034668,9822000,0.0,0.0
2009-04-16 00:00:00-04:00,11.920920883237947,12.686924120864187,11.011292862925314,12.085824012756348,9306700,0.0,0.0
2009-04-17 00:00:00-04:00,12.06986139049183,12.580529332839028,11.617706849075867,12.059222221374512,8670100,0.0,0.0
2009-04-20 00:00:00-04:00,11.782613496837087,11.803891841545681,10.420830888313958,10.479345321655273,10711100,0.0,0.0
2009-04-21 00:00:00-04:00,10.293165931114325,12.181575775146484,10.160179293799171,12.181575775146484,10946300,0.0,0.0
2009-04-22 00:00:00-04:00,11.74005563013818,12.032626727613897,11.037886619567871,11.037886619567871,9925500,0.0,0.0
2009-04-23 00:00:00-04:00,11.170875399551072,11.873044548042824,10.97405476751271,11.73473834991455,6888600,0.0,0.0
2009-04-24 00:00:00-04:00,11.70281912877636,12.644364365824526,11.452804721738328,12.346473693847656,8689500,0.0,0.0
2009-04-27 00:00:00-04:00,11.963473591775003,12.053904514142292,10.88362210875468,11.16555404663086,8252800,0.0,0.0
2009-04-28 00:00:00-04:00,10.931494583358523,11.814525240977034,10.90489767779204,11.452802658081055,5106600,0.0,0.0
2009-04-29 00:00:00-04:00,11.564512784231335,12.20816835397241,11.41024888023845,12.011347770690918,7602400,0.0,0.0
2009-04-30 00:00:00-04:00,12.128375209691683,12.596488520927345,11.756013409207043,12.176250457763672,6456900,0.0,0.0
2009-05-01 00:00:00-04:00,12.075185763801322,12.154977534610842,11.303862945225333,11.420890808105469,6420300,0.0,0.0
2009-05-04 00:00:00-04:00,11.612396081364944,12.660330684509258,11.479409410247797,12.639053344726562,8188800,0.0,0.0
2009-05-05 00:00:00-04:00,12.511381267635016,12.569894689634578,11.92092035891374,12.229449272155762,7513400,0.0,0.0
2009-05-06 00:00:00-04:00,12.500739349862883,12.655004279915177,11.910278570790814,12.569891929626465,7938200,0.0,0.0
2009-05-07 00:00:00-04:00,12.612449971153918,12.70288090916074,11.255986915658944,11.490043640136719,11395500,0.0,0.0
2009-05-08 00:00:00-04:00,11.819850366236267,12.92629899898723,11.575155473567898,12.905021667480469,9450400,0.0,0.0
2009-05-11 00:00:00-04:00,12.500741723412867,12.670964427096632,12.080503535912142,12.12306022644043,7301600,0.0,0.0
2009-05-12 00:00:00-04:00,12.266682866055048,12.415628213188764,11.575152998906217,12.048584938049316,5882000,0.0,0.0
2009-05-13 00:00:00-04:00,11.782609259660742,11.798568012453217,11.181510442308216,11.319816589355469,8079200,0.0,0.0
2009-05-14 00:00:00-04:00,11.468761654557992,12.208167682835882,11.31449775904567,12.096458435058594,7558900,0.0,0.0
2009-05-15 00:00:00-04:00,12.000713445046332,12.176255759542485,11.543240118709152,11.724102020263672,7331400,0.0,0.0
2009-05-18 00:00:00-04:00,12.027309509027734,13.032687970661566,11.92091981362838,12.968853950500488,9228300,0.0,0.0
2009-05-19 00:00:00-04:00,12.756074868506122,12.846505800209762,12.319878967797008,12.436906814575195,6412400,0.0,0.0
2009-05-20 00:00:00-04:00,12.649687453786788,12.947577193648604,12.181573990825129,12.218810081481934,5822400,0.0,0.0
2009-05-21 00:00:00-04:00,12.149659507302408,12.43691012200562,11.915602736894481,12.261367797851562,5183500,0.0,0.0
2009-05-22 00:00:00-04:00,12.404990559578977,12.4581854053903,11.883683302764066,11.904960632324219,4157700,0.0,0.0
2009-05-26 00:00:00-04:00,11.819850356682892,12.655007178055177,11.702822496971832,12.580533981323242,8400000,0.0,0.0
2009-05-27 00:00:00-04:00,12.516696039695205,12.623084684432389,11.915596189232529,11.97411060333252,7691900,0.0,0.0
2009-05-28 00:00:00-04:00,12.213486531097281,12.516696773625124,11.899639148303876,12.46882152557373,6029400,0.0,0.0
2009-05-29 00:00:00-04:00,12.49542000195053,12.947574615478516,12.256044746276071,12.947574615478516,5962800,0.0,0.0
2009-06-01 00:00:00-04:00,13.069926351485751,13.958277115638808,12.979495398921397,13.431650161743164,8458000,0.0,0.0
2009-06-02 00:00:00-04:00,13.41568582248559,13.52739507725916,12.857142592438997,12.899698257446289,6518500,0.0,0.0
2009-06-03 00:00:00-04:00,12.857146945486887,13.133759368990575,12.74011908074645,13.091203689575195,4626000,0.0,0.0
2009-06-04 00:00:00-04:00,12.825227367855712,13.500798489945472,12.825227367855712,13.293339729309082,5896300,0.0,0.0
2009-06-05 00:00:00-04:00,13.46357061788138,13.554001596961749,13.000777559640762,13.107166290283203,6119200,0.0,0.0
2009-06-08 00:00:00-04:00,13.064608827778473,13.314624390913139,12.942261347516814,13.160359382629395,4867800,0.0,0.0
2009-06-09 00:00:00-04:00,13.202914480984761,13.378456818816906,12.990136043401499,13.288025856018066,4659900,0.0,0.0
2009-06-10 00:00:00-04:00,13.479522563169958,13.479522563169958,12.468824553155244,12.830548286437988,7419900,0.0,0.0
2009-06-11 00:00:00-04:00,12.9515942197202,13.071013405063736,12.463058835724631,12.517340660095215,5304900,0.483,0.0
2009-06-12 00:00:00-04:00,12.511913636554088,12.98416421028582,12.425063122933965,12.97873592376709,4855300,0.0,0.0
2009-06-15 00:00:00-04:00,12.745324135535922,12.756180708024289,12.202507935194463,12.332783699035645,6314100,0.0,0.0
2009-06-16 00:00:00-04:00,12.45763753247309,12.577056774828366,11.969101915246553,12.12109088897705,4066300,0.0,0.0
2009-06-17 00:00:00-04:00,12.07766313881163,12.305646034980324,11.855108530092185,11.893105506896973,5222200,0.0,0.0
2009-06-18 00:00:00-04:00,11.979954429958488,12.327356497435073,11.789968536054795,12.218793869018555,4512100,0.0,0.0
2009-06-19 00:00:00-04:00,12.501060105107479,12.501060105107479,11.974527617026878,12.153656959533691,4897400,0.0,0.0
2009-06-22 00:00:00-04:00,12.001669543770925,12.11023218997952,11.589129003362274,11.65969467163086,6454000,0.0,0.0
2009-06-23 00:00:00-04:00,11.789966301976113,11.974523874186223,11.57826833663966,11.751969337463379,4283100,0.0,0.0
2009-06-24 00:00:00-04:00,11.773683539975385,12.039663350844776,11.762826967611804,11.909387588500977,3585300,0.0,0.0
2009-06-25 00:00:00-04:00,11.844251942473432,12.099376275614388,11.627125621436424,12.0342378616333,3871600,0.0,0.0
2009-06-26 00:00:00-04:00,11.974527136441514,12.175369620447313,11.773685687775629,12.088519096374512,3109100,0.0,0.0
2009-06-29 00:00:00-04:00,12.104800565142073,12.164510677066053,11.876817725015625,12.017950057983398,3752800,0.0,0.0
2009-06-30 00:00:00-04:00,12.023376776922197,12.207934339413319,11.920241424861961,12.066802024841309,3616700,0.0,0.0
2009-07-01 00:00:00-04:00,12.126519177539588,12.224226300984895,12.050525208344428,12.12109088897705,3471200,0.0,0.0
2009-07-02 00:00:00-04:00,11.969095960375853,11.985380817961413,11.350285866879858,11.399139404296875,5958200,0.0,0.0
2009-07-06 00:00:00-04:00,11.453424300250592,11.73568902875374,11.334004049931599,11.708547592163086,6792300,0.0,0.0
2009-07-07 00:00:00-04:00,11.627128939341425,11.637985517326289,11.035458898589772,11.089740753173828,6585000,0.0,0.0
2009-07-08 00:00:00-04:00,11.209155622737148,11.209155622737148,10.595773701159334,10.87803840637207,7221900,0.0,0.0
2009-07-09 00:00:00-04:00,10.99202850193613,11.078879014679801,10.579488048733802,10.612056732177734,4602100,0.0,0.0
2009-07-10 00:00:00-04:00,10.525206040641882,10.671766666659613,10.204944392087478,10.45464038848877,3490300,0.0,0.0
2009-07-13 00:00:00-04:00,10.557776651752993,11.030026217295678,10.541491791260544,11.002885818481445,6429000,0.0,0.0
2009-07-14 00:00:00-04:00,10.948605804414788,11.111450295033382,10.650057226500689,10.986602783203125,3884800,0.0,0.0
2009-07-15 00:00:00-04:00,11.100595654364119,11.410000832813859,10.932321827038034,11.268868446350098,5603800,0.0,0.0
2009-07-16 00:00:00-04:00,11.171159085892352,11.453423802119266,10.937747918063938,11.355716705322266,3721100,0.0,0.0
2009-07-17 00:00:00-04:00,11.339432367711328,11.339432367711328,10.802044345852078,10.872611045837402,4728600,0.0,0.0
2009-07-20 00:00:00-04:00,11.019168221053409,11.371999572126809,10.959459144302603,11.33942985534668,4257500,0.0,0.0
2009-07-21 00:00:00-04:00,11.480565099932399,11.480565099932399,10.96489021089287,11.1983003616333,4112200,0.0,0.0
2009-07-22 00:00:00-04:00,11.01374311807474,11.475136140366867,11.01374311807474,11.241724967956543,3083300,0.0,0.0
2009-07-23 00:00:00-04:00,11.339428424435315,11.81167890475722,11.182012287887737,11.681403160095215,5476800,0.0,0.0
2009-07-24 00:00:00-04:00,11.502280419670425,11.632556238381282,11.323151039525477,11.523992538452148,4206200,0.0,0.0
2009-07-27 00:00:00-04:00,11.567414927800389,11.811682674079151,11.388285592309266,11.806254386901855,4314100,0.0,0.0
2009-07-28 00:00:00-04:00,11.686838600524164,12.137376214896687,11.616271881875573,12.050525665283203,4327100,0.0,0.0
2009-07-29 00:00:00-04:00,11.941959828117108,11.996241670767466,11.730261780654752,11.871394157409668,4147100,0.0,0.0
2009-07-30 00:00:00-04:00,12.376212171409025,12.995023504717482,12.240508086041206,12.821322441101074,9257700,0.0,0.0
2009-07-31 00:00:00-04:00,12.783323010918593,13.14158167376172,12.696472488734798,13.02759075164795,7228900,0.0,0.0
2009-08-03 00:00:00-04:00,13.195862257777842,13.32071077750177,13.119868316907464,13.26642894744873,5736000,0.0,0.0
2009-08-04 00:00:00-04:00,13.228435094755142,14.210932412449672,13.147011812815453,14.162078857421875,9249600,0.0,0.0
2009-08-05 00:00:00-04:00,14.178358982095391,15.046864036001029,14.015513507983314,14.987154960632324,6384600,0.0,0.0
2009-08-06 00:00:00-04:00,15.139142458147463,15.725383872904999,15.036008132598955,15.204280853271484,7426100,0.0,0.0
2009-08-07 00:00:00-04:00,15.35084613492368,16.691602092916888,15.247710742665747,16.311630249023438,7473000,0.0,0.0
2009-08-10 00:00:00-04:00,16.279060494378367,16.306201930218226,15.57882801514863,15.736244201660156,5154600,0.0,0.0
2009-08-11 00:00:00-04:00,15.57882429598194,15.730812159041102,14.938301057833575,15.06857681274414,6398200,0.0,0.0
2009-08-12 00:00:00-04:00,15.220567831654641,15.47569109114718,15.019725367765757,15.090291023254395,5658000,0.0,0.0
2009-08-13 00:00:00-04:00,15.350841807949722,15.388838774560787,15.014295323763731,15.117430686950684,3439600,0.0,0.0
2009-08-14 00:00:00-04:00,14.91659181461306,14.938304963778696,14.400916946008437,14.808029174804688,4543800,0.0,0.0
2009-08-17 00:00:00-04:00,14.341202646644653,14.50404707662573,14.124076394890006,14.189213752746582,5544100,0.0,0.0
2009-08-18 00:00:00-04:00,14.276065285621124,14.601755204470594,14.205499636951265,14.476907730102539,3385300,0.0,0.0
2009-08-19 00:00:00-04:00,14.248927685331976,14.373775184188544,14.086083211635575,14.330349922180176,3261300,0.0,0.0
2009-08-20 00:00:00-04:00,14.259785125564344,14.916592382741625,14.259785125564344,14.88945198059082,3752600,0.0,0.0
2009-08-21 00:00:00-04:00,14.987165630076651,15.557122606875145,14.818891750165118,15.008877754211426,4455100,0.0,0.0
2009-08-24 00:00:00-04:00,15.079437955730274,15.236854152381284,14.818885331584495,14.900308609008789,3407600,0.0,0.0
2009-08-25 00:00:00-04:00,15.090290261327617,15.296561001429973,14.74288821737387,14.851451873779297,4886000,0.0,0.0
2009-08-26 00:00:00-04:00,14.88945341031363,15.106579754389024,14.808031160702868,15.101151466369629,3534600,0.0,0.0
2009-08-27 00:00:00-04:00,15.171720377752903,15.171720377752903,14.721182760139609,15.14457893371582,3446500,0.0,0.0
2009-08-28 00:00:00-04:00,15.258564802713124,15.339987031458419,14.791742506075044,15.090291023254395,4384600,0.0,0.0
2009-08-31 00:00:00-04:00,14.85145555593211,14.998015182474587,14.699466606349526,14.82431411743164,3744700,0.0,0.0
2009-09-01 00:00:00-04:00,14.715749893374381,14.93287620142356,14.140363882869172,14.178361892700195,6034800,0.0,0.0
2009-09-02 00:00:00-04:00,14.379199665707965,14.379199665707965,14.064366340637207,14.064366340637207,4332500,0.0,0.0
2009-09-03 00:00:00-04:00,14.21635737857057,14.373773547170428,13.961233087404898,14.368345260620117,4455100,0.0,0.0
2009-09-04 00:00:00-04:00,14.28149824975968,14.476912472147012,14.048087047539267,14.471484184265137,2870200,0.0,0.0
2009-09-08 00:00:00-04:00,14.590901044455295,14.970872851820541,14.498622236114585,14.965444564819336,3984700,0.0,0.0
2009-09-09 00:00:00-04:00,14.911164207462686,15.616826057434082,14.764604585269383,15.616826057434082,5792000,0.0,0.0
2009-09-10 00:00:00-04:00,15.616822142821857,15.937083779964668,15.274847360965763,15.87194538116455,3974100,0.0,0.0
2009-09-11 00:00:00-04:00,15.888227989182846,15.942509807937476,15.578822968222907,15.823089599609375,4175000,0.0,0.0
2009-09-14 00:00:00-04:00,15.714535694460695,16.295349095298405,15.567975013312818,16.289920806884766,2956800,0.0,0.0
2009-09-15 00:00:00-04:00,16.355057338800098,16.756742377606614,16.12164716130455,16.588468551635742,5167800,0.0,0.0
2009-09-16 00:00:00-04:00,16.501618344309325,17.375552043821386,16.501618344309325,17.364696502685547,4974100,0.0,0.0
2009-09-17 00:00:00-04:00,17.385538988936414,18.054846192197743,17.083801337344738,17.341650009155273,4615500,0.338,0.0
2009-09-18 00:00:00-04:00,17.58304430939776,17.63790685907611,17.177070859343218,17.418460845947266,6120500,0.0,0.0
2009-09-21 00:00:00-04:00,17.30873089077936,17.780538164644383,17.2209529393248,17.391023635864258,4229000,0.0,0.0
2009-09-22 00:00:00-04:00,17.555610762507587,18.13714112242073,17.555610762507587,18.02741813659668,4248800,0.0,0.0
2009-09-23 00:00:00-04:00,18.03839523930219,18.115200721105793,17.144155502319336,17.144155502319336,4758600,0.0,0.0
2009-09-24 00:00:00-04:00,17.275820529556214,17.46783525866056,16.441928649466306,16.672346115112305,5863700,0.0,0.0
2009-09-25 00:00:00-04:00,16.590049743652344,16.908245102727317,16.414493827803504,16.590049743652344,4239700,0.0,0.0
2009-09-28 00:00:00-04:00,16.661372329749312,17.2648456136819,16.661372329749312,17.25935935974121,4052900,0.0,0.0
2009-09-29 00:00:00-04:00,16.864356524544597,17.40199679120758,16.782064817834275,16.853384017944336,4609200,0.0,0.0
2009-09-30 00:00:00-04:00,16.88630575427001,17.072834227467496,16.595540535133672,16.842416763305664,5780700,0.0,0.0
2009-10-01 00:00:00-04:00,16.771093325462015,16.875330051676556,15.800048406927361,15.854909896850586,6215600,0.0,0.0
2009-10-02 00:00:00-04:00,15.547685809446802,16.26636823701748,15.459907850952481,15.701297760009766,4708400,0.0,0.0
2009-10-05 00:00:00-04:00,15.82748004659753,16.2663698834934,15.82748004659753,16.118244171142578,3976600,0.0,0.0
2009-10-06 00:00:00-04:00,16.27734255372349,16.392550744661815,15.6519242682962,15.909771919250488,3952400,0.0,0.0
2009-10-07 00:00:00-04:00,15.816504607495249,16.085324713567793,15.64643495801991,15.926227569580078,2796300,0.0,0.0
2009-10-08 00:00:00-04:00,16.07983681201098,16.45837984135287,16.019490130808368,16.354143142700195,4628000,0.0,0.0
2009-10-09 00:00:00-04:00,16.249910661604403,16.617481258314978,16.052409730119376,16.573591232299805,5047100,0.0,0.0
2009-10-12 00:00:00-04:00,16.62296996360224,16.80949842783982,16.436441499364665,16.5681095123291,1913000,0.0,0.0
2009-10-13 00:00:00-04:00,16.447414900315177,16.56811041101331,16.184080952894664,16.266372680664062,3282700,0.0,0.0
2009-10-14 00:00:00-04:00,16.452896440603272,16.771091797492993,16.436437681207053,16.694286346435547,4591400,0.0,0.0
2009-10-15 00:00:00-04:00,16.513243382361463,16.650396564862145,16.343173729051422,16.441923141479492,2621200,0.0,0.0
2009-10-16 00:00:00-04:00,16.277339216624952,16.304769433683067,15.90428240481866,15.9426851272583,3786400,0.0,0.0
2009-10-19 00:00:00-04:00,16.03595137667526,16.29928526106366,15.860395453749664,16.24442481994629,3937700,0.0,0.0
2009-10-20 00:00:00-04:00,16.17310677634103,16.227968271330795,15.821994882640096,15.931717872619629,3095800,0.0,0.0
2009-10-21 00:00:00-04:00,15.959147887342157,16.233454312292835,15.509285517846399,15.54220199584961,3791200,0.0,0.0
2009-10-22 00:00:00-04:00,15.553172984977719,16.014007817598976,15.416019785897486,15.997549057006836,4553000,0.0,0.0
2009-10-23 00:00:00-04:00,15.997551099170401,16.0249813239297,15.71775841176235,15.893314361572266,4156900,0.0,0.0
2009-10-26 00:00:00-04:00,15.876849566717484,16.354141961666954,15.876849566717484,15.970113754272461,4039300,0.0,0.0
2009-10-27 00:00:00-04:00,15.953666031568313,16.04693028361956,15.69033204215171,15.76713752746582,3042900,0.0,0.0
2009-10-28 00:00:00-04:00,15.646439923932016,15.959149104807887,15.10879954114908,15.119771003723145,4830900,0.0,0.0
2009-10-29 00:00:00-04:00,15.399558667621154,16.014005365842525,15.350183439799984,15.9426851272583,5203600,0.0,0.0
2009-10-30 00:00:00-04:00,15.865880024053027,16.151158891742032,15.38858649363505,15.843935012817383,7614800,0.0,0.0
2009-11-02 00:00:00-05:00,15.970116734630881,16.255394555924155,15.38858649363505,15.843935012817383,4316700,0.0,0.0
2009-11-03 00:00:00-05:00,15.629975636081879,16.079837880892775,15.509281219258074,16.01949119567871,4484200,0.0,0.0
2009-11-04 00:00:00-05:00,16.16761508870869,16.238935322145398,15.624488668271516,15.662891387939453,4492700,0.0,0.0
2009-11-05 00:00:00-05:00,15.772618648877778,16.129216774268876,15.706784649755216,16.057897567749023,3373400,0.0,0.0
2009-11-06 00:00:00-05:00,15.821994062307983,15.970119777181598,15.619006855289037,15.82748031616211,3174100,0.0,0.0
2009-11-09 00:00:00-05:00,15.937200831145129,16.50775862428231,15.937200831145129,16.49678611755371,6172300,0.0,0.0
2009-11-10 00:00:00-05:00,16.513248064213467,16.96311046293781,16.288316864851293,16.782068252563477,4411200,0.0,0.0
2009-11-11 00:00:00-05:00,16.902764890235645,17.347142138233995,16.902764890235645,17.23741912841797,3174100,0.0,0.0
2009-11-12 00:00:00-05:00,17.144153955096687,17.369085171275866,17.061862225391444,17.06734848022461,3026000,0.0,0.0
2009-11-13 00:00:00-05:00,17.06186066333082,17.45686155759022,17.06186066333082,17.33068084716797,2472700,0.0,0.0
2009-11-16 00:00:00-05:00,17.40748097210974,17.934148669471544,17.40748097210974,17.720190048217773,3192200,0.0,0.0
2009-11-17 00:00:00-05:00,17.64339454121067,17.85186807363135,17.445893520263983,17.451379776000977,3631500,0.0,0.0
2009-11-18 00:00:00-05:00,17.44588839947265,18.05484900438271,17.41297192110875,17.999988555908203,3002300,0.0,0.0
2009-11-19 00:00:00-05:00,17.840884892761835,17.873802407498125,17.401994113838906,17.62143898010254,3991000,0.0,0.0
2009-11-20 00:00:00-05:00,17.539150629308953,17.610469832040895,17.369080956335967,17.528179168701172,2467300,0.0,0.0
2009-11-23 00:00:00-05:00,17.79151591675858,17.961586663450614,17.462347978537004,17.632417678833008,3090700,0.0,0.0
2009-11-24 00:00:00-05:00,17.500747115238855,17.665331573714443,17.23741323735289,17.275815963745117,3601500,0.0,0.0
2009-11-25 00:00:00-05:00,17.418460305632,17.615961292763085,17.3142235572688,17.385543823242188,2876500,0.0,0.0
2009-11-27 00:00:00-05:00,17.12769028627363,17.319704964868667,16.825953681621293,16.95762062072754,1771500,0.0,0.0
2009-11-30 00:00:00-05:00,16.924705609474213,17.7037358512742,16.842413896224084,17.670818328857422,4302200,0.0,0.0
2009-12-01 00:00:00-05:00,17.802485309808343,17.972553933943615,17.566581644596486,17.81894302368164,2594300,0.0,0.0
2009-12-02 00:00:00-05:00,17.945125699571417,18.186516691321753,17.813459788427526,18.03290367126465,3030500,0.0,0.0
2009-12-03 00:00:00-05:00,18.15360225709453,18.27978298208149,17.599504108865514,17.67630958557129,3658900,0.0,0.0
2009-12-04 00:00:00-05:00,18.049358042171963,18.38949731841333,17.813454421916628,18.126163482666016,4873400,0.0,0.0
2009-12-07 00:00:00-05:00,18.038392132023773,18.164572843649967,17.53366719272693,17.632417678833008,3434800,0.0,0.0
2009-12-08 00:00:00-05:00,17.429433175161694,17.7037396423324,17.231932183952026,17.456863403320312,2832700,0.0,0.0
2009-12-09 00:00:00-05:00,17.511719584633326,17.692761756095685,17.33067741317097,17.401996612548828,3061900,0.0,0.0
2009-12-10 00:00:00-05:00,17.511723962374308,17.544640443670097,17.199014774074136,17.286792755126953,2178600,0.0,0.0
2009-12-11 00:00:00-05:00,17.374563897954324,17.643383989926733,17.22095196837195,17.62143898010254,2607600,0.0,0.0
2009-12-14 00:00:00-05:00,17.70922189008398,17.999988119771142,17.418457753188733,17.945125579833984,2936900,0.0,0.0
2009-12-15 00:00:00-05:00,17.80248326481348,17.901233722293064,17.68727509535111,17.731163024902344,2898800,0.0,0.0
2009-12-16 00:00:00-05:00,17.829916171940155,17.895749122593315,17.731165699564528,17.791513442993164,3344900,0.0,0.0
2009-12-17 00:00:00-05:00,17.77377318009703,17.812580374270084,17.546471936166636,17.657350540161133,4100800,0.338,0.0
2009-12-18 00:00:00-05:00,17.74050700729811,18.134123998962558,17.574190177071337,18.078685760498047,6336500,0.0,0.0
2009-12-21 00:00:00-05:00,18.100864161249667,18.61644787969344,18.100864161249667,18.610902786254883,2547000,0.0,0.0
2009-12-22 00:00:00-05:00,18.64416287221541,18.954620361328125,18.505565174623513,18.954620361328125,2504300,0.0,0.0
2009-12-23 00:00:00-05:00,18.92136388386155,19.503473963569693,18.92136388386155,19.359331130981445,3742200,0.0,0.0
2009-12-24 00:00:00-05:00,19.492389325400865,19.680882367883818,19.370422617078358,19.56446075439453,1755500,0.0,0.0
2009-12-28 00:00:00-05:00,19.603260946622566,20.16873987179436,19.531189543409507,19.958070755004883,4298900,0.0,0.0
2009-12-29 00:00:00-05:00,19.991342022571338,20.068956431191026,19.37042252394578,19.398143768310547,2955100,0.0,0.0
2009-12-30 00:00:00-05:00,19.403677861099208,19.436942070200992,19.10985141594914,19.387046813964844,2256700,0.0,0.0
2009-12-31 00:00:00-05:00,19.48683858713553,19.56445296522789,18.6497072466635,18.72732162475586,3561600,0.0,0.0
2010-01-04 00:00:00-05:00,18.882554784417817,19.14311706890437,18.422409323051298,18.51665687561035,3299500,0.0,0.0
2010-01-05 00:00:00-05:00,18.472304922660154,18.566552476923803,18.24500473451468,18.4445858001709,4545400,0.0,0.0
2010-01-06 00:00:00-05:00,18.444591307619316,18.655260508142536,18.444591307619316,18.549924850463867,3409700,0.0,0.0
2010-01-07 00:00:00-05:00,18.4556713014326,18.949078803448195,18.394687971550546,18.72732162475586,3637300,0.0,0.0
2010-01-08 00:00:00-05:00,18.655252506155954,18.777217052177807,18.34479287617633,18.488933563232422,2325900,0.0,0.0
2010-01-11 00:00:00-05:00,18.610903310597372,18.766132093914365,18.372515042027096,18.43349838256836,2320600,0.0,0.0
2010-01-12 00:00:00-05:00,18.28381049020935,18.45567241985246,18.028791199642146,18.167388916015625,2684400,0.0,0.0
2010-01-13 00:00:00-05:00,18.25609663961593,18.788311516556607,18.228377511306633,18.743961334228516,3128000,0.0,0.0
2010-01-14 00:00:00-05:00,18.583185597204526,18.771678611892273,18.48893803244379,18.710695266723633,1810800,0.0,0.0
2010-01-15 00:00:00-05:00,18.610905323600296,18.666343576543117,18.43904335574348,18.50002670288086,2485600,0.0,0.0
2010-01-19 00:00:00-05:00,18.738414345254366,19.104312300513858,18.549921331039858,19.082136154174805,2517000,0.0,0.0
2010-01-20 00:00:00-05:00,18.915818671401038,18.915818671401038,18.649711268483944,18.721782684326172,2941000,0.0,0.0
2010-01-21 00:00:00-05:00,18.732870529716127,18.9768017840537,18.22837485461246,18.256093978881836,4540500,0.0,0.0
2010-01-22 00:00:00-05:00,18.27272802243259,18.51111633688317,17.63517854309403,17.701705932617188,4798300,0.0,0.0
2010-01-25 00:00:00-05:00,17.890200265456034,17.956726602382155,17.452230808121318,17.696163177490234,3559400,0.0,0.0
2010-01-26 00:00:00-05:00,17.624084200771122,17.94562976799917,17.457766324799856,17.662891387939453,2341200,0.0,0.0
2010-01-27 00:00:00-05:00,17.618548607253288,18.01216681730128,17.40787940823688,17.984445571899414,3021100,0.0,0.0
2010-01-28 00:00:00-05:00,18.09531967550513,18.111950726712323,17.67952647665682,17.89573860168457,2204700,0.0,0.0
2010-01-29 00:00:00-05:00,17.956725383101286,18.134130346081037,17.618547568952508,17.768232345581055,3315200,0.0,0.0
2010-02-01 00:00:00-05:00,17.9179126035767,18.21173908554181,17.87910541217879,18.167388916015625,2502800,0.0,0.0
2010-02-02 00:00:00-05:00,18.161842884893733,18.488933563232422,17.978895008444344,18.488933563232422,3170800,0.0,0.0
2010-02-03 00:00:00-05:00,18.37252199445832,18.37252199445832,17.89574527689848,17.945640563964844,2429000,0.0,0.0
2010-02-04 00:00:00-05:00,18.84374803802565,19.248453150190738,18.12303816022921,18.139671325683594,7454100,0.0,0.0
2010-02-05 00:00:00-05:00,18.239459716625596,18.47230285730171,17.76822622766217,18.27826690673828,4661000,0.0,0.0
2010-02-08 00:00:00-05:00,18.26164110724528,18.422415025306062,17.94563836613772,17.984445571899414,3303800,0.0,0.0
2010-02-09 00:00:00-05:00,18.206196235846544,18.272722548021786,17.80703413312843,17.962265014648438,3456700,0.0,0.0
2010-02-10 00:00:00-05:00,17.940091548191795,18.20619895141772,17.640719926500015,17.88465118408203,3014900,0.0,0.0
2010-02-11 00:00:00-05:00,17.795946358234595,18.172932324892734,17.673980745605007,18.16184425354004,2615300,0.0,0.0
2010-02-12 00:00:00-05:00,17.98998569674189,18.43904098644591,17.845842873877906,18.405778884887695,3192800,0.0,0.0
2010-02-16 00:00:00-05:00,18.73841333514575,19.098768291812124,18.605360693951177,19.06550407409668,3112600,0.0,0.0
2010-02-17 00:00:00-05:00,19.093220459579285,19.220730103616113,19.015606077542373,19.181922912597656,2615100,0.0,0.0
2010-02-18 00:00:00-05:00,19.065505495165695,19.547825056405063,19.05441742176742,19.44249153137207,3128900,0.0,0.0
2010-02-19 00:00:00-05:00,19.33716094692685,19.730778095670832,19.237370386001043,19.658706665039062,3696200,0.0,0.0
2010-02-22 00:00:00-05:00,19.680874140259373,20.08557918570163,19.520100294652227,19.91371726989746,4216900,0.0,0.0
2010-02-23 00:00:00-05:00,19.941451082852005,19.941451082852005,19.669798478735967,19.791765213012695,4729700,0.0,0.0
2010-02-24 00:00:00-05:00,19.86937809140088,20.01906394958496,19.66979694715544,20.01906394958496,3003000,0.0,0.0
2010-02-25 00:00:00-05:00,19.775124510413832,20.096672282046743,19.59217659349078,20.091129302978516,2843400,0.0,0.0
2010-02-26 00:00:00-05:00,20.074503103925956,20.23527704554672,19.963624450572514,20.00243377685547,3645800,0.0,0.0
2010-03-01 00:00:00-05:00,20.207545899760486,20.207545899760486,19.94698153648183,20.013507843017578,2461500,0.0,0.0
2010-03-02 00:00:00-05:00,20.080045173100718,20.157659584299033,19.919271255713294,20.02460479736328,2009000,0.0,0.0
2010-03-03 00:00:00-05:00,20.068948638345045,20.068948638345045,19.813929361952688,19.869367599487305,2456600,0.0,0.0
2010-03-04 00:00:00-05:00,19.92481723912397,20.06341502710717,19.8416598352347,20.00243377685547,2356300,0.0,0.0
2010-03-05 00:00:00-05:00,20.10775480805456,20.684321754446746,19.974700083951323,20.662145614624023,3557400,0.0,0.0
2010-03-08 00:00:00-05:00,20.651067529675192,20.906086916441193,20.595629268146624,20.856191635131836,2450200,0.0,0.0
2010-03-09 00:00:00-05:00,20.70649781468959,21.416119554934127,20.684323787520466,21.233169555664062,5593900,0.0,0.0
2010-03-10 00:00:00-05:00,21.294157028198242,21.33850932082489,21.011418564621362,21.294157028198242,3577600,0.0,0.0
2010-03-11 00:00:00-05:00,21.259485902906373,21.33779151407666,21.035761986106216,21.332197189331055,2073600,0.338,0.0
2010-03-12 00:00:00-05:00,21.421673341608063,21.53353629453511,21.142017026094617,21.293031692504883,2517800,0.0,0.0
2010-03-15 00:00:00-04:00,21.237112866383423,21.404906320490817,20.968642913089685,21.31541633605957,2118100,0.0,0.0
2010-03-16 00:00:00-04:00,21.466425052595266,22.081668255970435,21.365748581699847,22.020143508911133,3139400,0.0,0.0
2010-03-17 00:00:00-04:00,22.132013305582447,22.361331530201955,21.97540636202071,22.322179794311523,2725600,0.0,0.0
2010-03-18 00:00:00-04:00,22.322174461020378,22.61301738215268,22.154381042492645,22.171159744262695,3333700,0.0,0.0
2010-03-19 00:00:00-04:00,21.986589431762695,22.277432376808903,21.863539919040655,21.986589431762695,4076800,0.0,0.0
2010-03-22 00:00:00-04:00,21.863541813705233,22.238280440583235,21.7852383474089,22.1767578125,2609300,0.0,0.0
2010-03-23 00:00:00-04:00,22.092861345115864,22.159978301158706,21.82439138733495,22.115234375,2193000,0.0,0.0
2010-03-24 00:00:00-04:00,21.874723125178267,22.20471775008904,21.841163590343484,22.020143508911133,4154300,0.0,0.0
2010-03-25 00:00:00-04:00,22.132005267814126,22.478778574165897,22.06488833546416,22.092853546142578,4088900,0.0,0.0
2010-03-26 00:00:00-04:00,22.193531149618593,22.283021108544116,21.857944337050117,22.008956909179688,2853700,0.0,0.0
2010-03-29 00:00:00-04:00,22.11522380075373,22.12641031034704,21.87471917851887,22.01454734802246,2162900,0.0,0.0
2010-03-30 00:00:00-04:00,22.025732652660775,22.238269922480868,21.874717981825388,22.087257385253906,2619600,0.0,0.0
2010-03-31 00:00:00-04:00,21.891504218038172,22.143195422780877,21.813200761809142,21.897098541259766,2559400,0.0,0.0
2010-04-01 00:00:00-04:00,22.076070696047154,22.076070696047154,21.72370313364125,21.88590431213379,2455000,0.0,0.0
2010-04-05 00:00:00-04:00,21.958610534149265,22.51792310350578,21.930645332403063,22.501144409179688,3486200,0.0,0.0
2010-04-06 00:00:00-04:00,22.411662038154944,23.26740987497912,22.350137293409105,23.245038986206055,3894800,0.0,0.0
2010-04-07 00:00:00-04:00,23.161145474411036,23.273008473264035,22.629797830066206,22.724882125854492,3551700,0.0,0.0
2010-04-08 00:00:00-04:00,22.557093970507495,22.719293116493194,22.47319616834165,22.68573570251465,3425600,0.0,0.0
2010-04-09 00:00:00-04:00,22.76962223529607,23.468763194131803,22.75843572392163,23.463171005249023,3562500,0.0,0.0
2010-04-12 00:00:00-04:00,23.44079807073084,23.580626263024296,23.328935090174294,23.47435760498047,2788600,0.0,0.0
2010-04-13 00:00:00-04:00,23.468760091604697,24.145527938224088,23.435202695526495,24.067224502563477,3347100,0.0,0.0
2010-04-14 00:00:00-04:00,24.26299509757155,24.26299509757155,23.938592579430402,24.100793838500977,2726700,0.0,0.0
2010-04-15 00:00:00-04:00,24.039266894723827,24.14553557191634,23.45198880799071,23.513513565063477,3183500,0.0,0.0
2010-04-16 00:00:00-04:00,23.351303107433232,23.586213395998715,22.909445602436136,22.993343353271484,4141400,0.0,0.0
2010-04-19 00:00:00-04:00,22.80318092639261,23.222665486185832,22.674539250755746,23.01572036743164,2764300,0.0,0.0
2010-04-20 00:00:00-04:00,23.133178748900644,23.49673080444336,22.93182579082328,23.49673080444336,1986600,0.0,0.0
2010-04-21 00:00:00-04:00,23.47435950044035,24.34688612529484,23.407240426521494,24.016891479492188,3602600,0.0,0.0
2010-04-22 00:00:00-04:00,23.77079533168248,24.52586680053933,23.63096712384905,24.46993637084961,3168900,0.0,0.0
2010-04-23 00:00:00-04:00,24.525864161265265,24.973316085068394,24.30773252189613,24.945348739624023,3670100,0.0,0.0
2010-04-26 00:00:00-04:00,25.24179166822046,25.543819011406722,25.090776929822642,25.31450080871582,3190400,0.0,0.0
2010-04-27 00:00:00-04:00,25.135523416251505,25.38162248183095,24.430790032114,24.44197654724121,3517000,0.0,0.0
2010-04-28 00:00:00-04:00,24.704845903316485,24.844674106437658,24.475527735542123,24.565017700195312,3128700,0.0,0.0
2010-04-29 00:00:00-04:00,24.89501897189317,26.500248707230618,24.75519073155009,26.377199172973633,5231700,0.0,0.0
2010-04-30 00:00:00-04:00,25.521440356161815,26.332444237851554,25.241783992379748,25.320087432861328,4705600,0.0,0.0
2010-05-03 00:00:00-04:00,25.527046942484933,26.847026065411942,25.527046942484933,26.578556060791016,4182200,0.0,0.0
2010-05-04 00:00:00-04:00,26.2765085801321,26.60091094792053,26.008038758656404,26.29328727722168,3873100,0.0,0.0
2010-05-05 00:00:00-04:00,26.119906822774414,26.4834588436248,25.683641410701497,25.87940216064453,3228800,0.0,0.0
2010-05-06 00:00:00-04:00,25.7228013756583,26.539397702857762,23.21148549967627,24.794342041015625,6124000,0.0,0.0
2010-05-07 00:00:00-04:00,24.794329165741136,25.459910407308623,23.93857941674488,24.29094696044922,4620900,0.0,0.0
2010-05-10 00:00:00-04:00,25.661274660845596,26.354821413684824,25.370431717083928,26.287704467773438,4667400,0.0,0.0
2010-05-11 00:00:00-04:00,25.884998387145643,26.807865456348537,25.7004262534706,26.472278594970703,3829600,0.0,0.0
2010-05-12 00:00:00-04:00,26.544982835709135,27.104295590613795,26.43871418037643,26.902942657470703,3339900,0.0,0.0
2010-05-13 00:00:00-04:00,26.852599938698162,27.025987631854925,26.242949052344457,26.29328727722168,2891200,0.0,0.0
2010-05-14 00:00:00-04:00,25.9688942161736,26.14228195722355,25.169076718647844,25.515850067138672,3804700,0.0,0.0
2010-05-17 00:00:00-04:00,25.566180410110253,26.024816606872566,24.878226114966782,25.678043365478516,3228200,0.0,0.0
2010-05-18 00:00:00-04:00,26.187027614662636,26.214992830599222,24.850270236967283,24.939760208129883,3734800,0.0,0.0
2010-05-19 00:00:00-04:00,24.771962481591746,25.40957868221612,24.15671716967033,24.88941764831543,3753800,0.0,0.0
2010-05-20 00:00:00-04:00,24.162308185101594,24.55382748753779,23.60299550550947,23.64773941040039,5757100,0.0,0.0
2010-05-21 00:00:00-04:00,23.14994994867329,24.615348475687497,23.082833028934427,24.587383270263672,5660700,0.0,0.0
2010-05-24 00:00:00-04:00,24.632126894658704,24.648905589548896,23.793158012417805,23.83230972290039,3220200,0.0,0.0
2010-05-25 00:00:00-04:00,23.177922788534467,24.29654844281216,22.87589548342242,24.27417755126953,4319600,0.0,0.0
2010-05-26 00:00:00-04:00,24.654514303668403,24.967728170384767,24.11757228402281,24.257400512695312,4133800,0.0,0.0
2010-05-27 00:00:00-04:00,24.771962097772814,25.63330424095178,24.52586312337379,25.588558197021484,3851800,0.0,0.0
2010-05-28 00:00:00-04:00,25.510266479689374,25.75077124234207,25.163493014268425,25.241796493530273,3608300,0.0,0.0
2010-06-01 00:00:00-04:00,24.96213548537574,25.38721235332866,24.721630766136126,24.794342041015625,3497500,0.0,0.0
2010-06-02 00:00:00-04:00,25.029238325084723,25.0460170199782,24.441960534122813,24.895002365112305,5248800,0.0,0.0
2010-06-03 00:00:00-04:00,24.911791400888852,25.191447787157628,24.576202457200974,24.78314971923828,3332300,0.0,0.0
2010-06-04 00:00:00-04:00,24.033666025364596,24.514675261194935,22.93181938671177,23.060461044311523,5332000,0.0,0.0
2010-06-07 00:00:00-04:00,23.239446410907284,23.513510621667287,22.803183109706673,22.8535213470459,4264800,0.0,0.0
2010-06-08 00:00:00-04:00,22.959786114420538,23.474354912517033,22.255053044880956,23.390457153320312,4228500,0.0,0.0
2010-06-09 00:00:00-04:00,23.63096162757735,24.262985577393977,23.26181533010037,23.384864807128906,4334500,0.0,0.0
2010-06-10 00:00:00-04:00,23.754013557357883,24.755181774419803,23.65333709004971,24.72162437438965,3536300,0.0,0.0
2010-06-11 00:00:00-04:00,24.386035641778662,24.950942727888034,24.262988284629277,24.917383193969727,2146600,0.0,0.0
2010-06-14 00:00:00-04:00,25.152299397584983,25.431955820920876,25.01247118591704,25.29212760925293,3884900,0.0,0.0
2010-06-15 00:00:00-04:00,25.45992036675873,25.996860173372166,25.230602191000337,25.968894958496094,2938400,0.0,0.0
2010-06-16 00:00:00-04:00,25.725500184344988,26.041013006946276,25.674792804806483,25.832548141479492,2532600,0.338,0.0
2010-06-17 00:00:00-04:00,25.90578530292155,26.32834596343969,25.883248218539464,26.102981567382812,3299500,0.0,0.0
2010-06-18 00:00:00-04:00,26.215664793536806,26.294542445946206,25.731128186730682,25.781835556030273,3650500,0.0,0.0
2010-06-21 00:00:00-04:00,26.193132514376,26.43539869310658,25.556473735070384,25.669157028198242,2183200,0.0,0.0
2010-06-22 00:00:00-04:00,25.770565988915976,25.798736268557022,24.677541085105048,24.705711364746094,3535100,0.0,0.0
2010-06-23 00:00:00-04:00,24.700085273992883,25.280401368705295,24.27189131220857,24.981792449951172,2969800,0.0,0.0
2010-06-24 00:00:00-04:00,24.7733157666509,24.85782658221185,24.14229050100845,24.198633193969727,3188300,0.0,0.0
2010-06-25 00:00:00-04:00,24.46908647021772,25.269133850814512,24.271892298734084,25.105745315551758,3500400,0.0,0.0
2010-06-28 00:00:00-04:00,25.246600508206765,25.2578690543274,24.587404530309737,24.72825813293457,1673200,0.0,0.0
2010-06-29 00:00:00-04:00,24.362038050166767,24.45781746042444,23.601427369053322,23.742280960083008,4887400,0.0,0.0
2010-06-30 00:00:00-04:00,23.759172456101616,24.19863693207024,23.432393383462696,23.46056365966797,4034400,0.0,0.0
2010-07-01 00:00:00-04:00,23.578884816893485,23.71973837529609,22.835178200468132,23.466203689575195,4304700,0.0,0.0
2010-07-02 00:00:00-04:00,23.145054833226855,23.426761914550912,22.525297964761243,22.914052963256836,5050700,0.0,0.0
2010-07-06 00:00:00-04:00,23.601423253293273,23.618324993507734,22.36191143853462,22.6605224609375,5215800,0.0,0.0
2010-07-07 00:00:00-04:00,22.778838449491058,23.990179954672428,22.68869225486743,23.962007522583008,4950300,0.0,0.0
2010-07-08 00:00:00-04:00,24.271892762945185,24.688818204700276,23.87186691574084,24.401477813720703,4442700,0.0,0.0
2010-07-09 00:00:00-04:00,24.367659056641372,24.857828706394205,24.339488782380478,24.818389892578125,2367100,0.0,0.0
2010-07-12 00:00:00-04:00,24.86910797345894,25.077570672016765,24.58176761324438,24.964889526367188,2235600,0.0,0.0
2010-07-13 00:00:00-04:00,25.31984749526994,25.61282330057452,25.224068059495494,25.483238220214844,3037200,0.0,0.0
2010-07-14 00:00:00-04:00,25.145184016265727,25.409987309529104,24.733891782745342,25.178987503051758,2382400,0.0,0.0
2010-07-15 00:00:00-04:00,25.224061239083138,25.31420745101303,24.525426484685042,25.240962982177734,2241000,0.0,0.0
2010-07-16 00:00:00-04:00,24.9367207101833,25.173355878755427,23.883136370798805,24.052160263061523,3822700,0.0,0.0
2010-07-19 00:00:00-04:00,24.063424949940742,24.711352273834432,23.826791968574035,24.587400436401367,2747500,0.0,0.0
2010-07-20 00:00:00-04:00,24.14230312887877,24.908546959911742,23.933840429018506,24.857839584350586,3978200,0.0,0.0
2010-07-21 00:00:00-04:00,25.167721364325637,25.167721364325637,24.063429605777173,24.14230728149414,3680600,0.0,0.0
2010-07-22 00:00:00-04:00,24.514154889048495,25.494496702392798,24.514154889048495,25.308568954467773,4437400,0.0,0.0
2010-07-23 00:00:00-04:00,25.178987696166466,25.494500520539294,24.67191604718957,25.438159942626953,3281800,0.0,0.0
2010-07-26 00:00:00-04:00,25.43815735789821,26.345252605948005,25.364912894650192,26.322717666625977,2520800,0.0,0.0
2010-07-27 00:00:00-04:00,26.564988607738556,26.564988607738556,25.725500244365826,26.164962768554688,2295600,0.0,0.0
2010-07-28 00:00:00-04:00,26.102981820922423,26.49737005516634,25.883248469944792,26.232566833496094,2404700,0.0,0.0
2010-07-29 00:00:00-04:00,26.452301898522133,26.762179334651307,25.1226438024355,25.471960067749023,4020200,0.0,0.0
2010-07-30 00:00:00-04:00,25.10574523376793,25.95649999129701,25.083208143027424,25.832548141479492,2621700,0.0,0.0
2010-08-02 00:00:00-04:00,26.328341610602767,26.801609558108378,26.09170871147711,26.666391372680664,3711900,0.0,0.0
2010-08-03 00:00:00-04:00,26.5480872084137,26.63823343079732,26.17623377242434,26.446672439575195,2514900,0.0,0.0
2010-08-04 00:00:00-04:00,26.46920695885787,26.59315880855419,26.226938606772485,26.379060745239258,2270800,0.0,0.0
2010-08-05 00:00:00-04:00,26.170590549228272,26.350882924934847,25.849444620672518,25.86634635925293,2940600,0.0,0.0
2010-08-06 00:00:00-04:00,25.471963286652457,25.94523144592676,25.314207949979444,25.832548141479492,1940900,0.0,0.0
2010-08-09 00:00:00-04:00,26.080445947670597,26.508639828704165,25.894518214958733,26.474836349487305,2614000,0.0,0.0
2010-08-10 00:00:00-04:00,26.243841756694234,26.773450478057867,26.131158455546277,26.525548934936523,2864800,0.0,0.0
2010-08-11 00:00:00-04:00,25.53393130558432,26.041004943966044,25.438151923475885,25.59590721130371,3202000,0.0,0.0
2010-08-12 00:00:00-04:00,25.049402385398317,25.39872084241577,24.91981733815194,25.1677188873291,2459100,0.0,0.0
2010-08-13 00:00:00-04:00,25.139546609463494,25.46632794999271,25.139546609463494,25.286035537719727,1660900,0.0,0.0
2010-08-16 00:00:00-04:00,25.11701166987069,25.545205611705256,25.00996157247073,25.286035537719727,1493100,0.0,0.0
2010-08-17 00:00:00-04:00,25.55084006701169,26.012839664859705,25.325475615204596,25.860719680786133,2771500,0.0,0.0
2010-08-18 00:00:00-04:00,25.860717120365607,25.98466680434817,25.640983738920426,25.888887405395508,1947400,0.0,0.0
2010-08-19 00:00:00-04:00,25.815647091048444,25.843817380602648,24.964892310681652,25.162086486816406,2887000,0.0,0.0
2010-08-20 00:00:00-04:00,24.93671618103478,25.359276909571385,24.869107066260323,25.26913070678711,1690700,0.0,0.0
2010-08-23 00:00:00-04:00,25.381813414188688,25.590276100350568,25.291667213476394,25.308568954467773,1503500,0.0,0.0
2010-08-24 00:00:00-04:00,24.91982067108654,25.387455692579252,24.716991126788763,25.13391876220703,2406600,0.0,0.0
2010-08-25 00:00:00-04:00,25.01560310564934,25.6860655452659,24.88601588735467,25.5677490234375,2432000,0.0,0.0
2010-08-26 00:00:00-04:00,25.66915226140002,25.91705374084161,25.314200706201536,25.342370986938477,2369100,0.0,0.0
2010-08-27 00:00:00-04:00,25.4719596671014,25.871983299253557,24.897276830412192,25.85508155822754,2299200,0.0,0.0
2010-08-30 00:00:00-04:00,25.781834448624554,25.95649363521098,25.449419963995382,25.466323852539062,1832700,0.0,0.0
2010-08-31 00:00:00-04:00,25.449418368627143,25.95085881173047,25.29729842605327,25.821273803710938,2266300,0.0,0.0
2010-09-01 00:00:00-04:00,26.193132603600734,27.12276493924843,26.080449310089026,26.9537410736084,4911200,0.0,0.0
2010-09-02 00:00:00-04:00,26.948113074063333,27.274892324098488,26.897405689664975,27.10023307800293,2722800,0.0,0.0
2010-09-03 00:00:00-04:00,27.387573528136503,27.618573339420866,27.08332924519945,27.528427124023438,2411800,0.0,0.0
2010-09-07 00:00:00-04:00,27.28051357506419,27.601661635109107,27.117125096231117,27.16219711303711,2536000,0.0,0.0
2010-09-08 00:00:00-04:00,27.229811534217216,27.488981571493202,27.02134671578434,27.190370559692383,2052200,0.0,0.0
2010-09-09 00:00:00-04:00,27.652377741692774,27.652377741692774,26.677669010324003,26.728376388549805,2760700,0.0,0.0
2010-09-10 00:00:00-04:00,26.72274302971484,27.04952223800366,26.615695075996214,26.835426330566406,2373300,0.0,0.0
2010-09-13 00:00:00-04:00,27.29178130623878,27.29178130623878,26.683295127270423,26.987539291381836,3360500,0.0,0.0
2010-09-14 00:00:00-04:00,26.908671432333428,27.179112242050117,26.66640521194024,27.032623291015625,2776300,0.0,0.0
2010-09-15 00:00:00-04:00,27.1621999860266,27.691810746982895,26.942468776376547,27.584760665893555,2773700,0.0,0.0
2010-09-16 00:00:00-04:00,27.629020662080997,27.82191329234375,27.44180038968065,27.657386779785156,1993400,0.338,0.0
2010-09-17 00:00:00-04:00,27.7027646500512,27.88431033715715,27.509872086976717,27.72545623779297,3088700,0.0,0.0
2010-09-20 00:00:00-04:00,27.895663950282522,28.82041407694537,27.78787184047853,28.63886833190918,3573800,0.0,0.0
2010-09-21 00:00:00-04:00,28.08854896067958,28.565106953263506,27.82757729345861,27.88431167602539,4086500,0.0,0.0
2010-09-22 00:00:00-04:00,27.74815342263467,28.077206373845545,27.680074322596255,27.82190704345703,2899800,0.0,0.0
2010-09-23 00:00:00-04:00,27.504197137954744,27.83892239912277,27.073026678851235,27.118412017822266,3172400,0.0,0.0
2010-09-24 00:00:00-04:00,27.538254610004156,27.97509985631178,27.498541602539515,27.946731567382812,2899200,0.0,0.0
2010-09-27 00:00:00-04:00,27.93537322810066,27.946717941104872,27.282941856386035,27.29996109008789,2905600,0.0,0.0
2010-09-28 00:00:00-04:00,27.351018965551845,27.351018965551845,26.755322023174024,27.265920639038086,3046000,0.0,0.0
2010-09-29 00:00:00-04:00,27.06735848611213,27.101399121444178,26.7666737820309,26.885812759399414,2003400,0.0,0.0
2010-09-30 00:00:00-04:00,27.084373846323725,27.37938396330067,26.800708441065265,26.987926483154297,3515900,0.0,0.0
2010-10-01 00:00:00-04:00,27.10706508330488,27.220531676779544,26.795033574396005,27.129758834838867,2905400,0.0,0.0
2010-10-04 00:00:00-04:00,27.073029838237822,27.447468126275176,27.06168296112208,27.362367630004883,2653600,0.0,0.0
2010-10-05 00:00:00-04:00,27.680076549624935,27.827581638941766,27.351023571939766,27.73680877685547,2612800,0.0,0.0
2010-10-06 00:00:00-04:00,27.714109575692852,27.810556940072022,27.299958338524217,27.560932159423828,1785100,0.0,0.0
2010-10-07 00:00:00-04:00,27.691427920631465,27.889992912349715,27.39074100777742,27.52122688293457,1362900,0.0,0.0
2010-10-08 00:00:00-04:00,27.594972511958247,27.714111472408,27.34534771422608,27.58930015563965,1504800,0.0,0.0
2010-10-11 00:00:00-04:00,27.566616186036295,27.765181190594763,27.43613030244127,27.543922424316406,973000,0.0,0.0
2010-10-12 00:00:00-04:00,27.49284981038945,28.179319553034876,27.40207696974374,28.0715274810791,2485000,0.0,0.0
2010-10-13 00:00:00-04:00,28.23038057933475,28.570780368988366,28.020468782441977,28.33817481994629,1946900,0.0,0.0
2010-10-14 00:00:00-04:00,28.241729796326705,28.46866300823929,27.99210499457926,28.230382919311523,2005000,0.0,0.0
2010-10-15 00:00:00-04:00,28.542414260899395,28.644533981375947,28.270095727693693,28.33817481994629,2142400,0.0,0.0
2010-10-18 00:00:00-04:00,28.338181511036627,28.758005203949143,28.28144711726748,28.746658325195312,2231600,0.0,0.0
2010-10-19 00:00:00-04:00,28.46298756265247,28.905507095081596,28.315482494639713,28.502702713012695,2741800,0.0,0.0
2010-10-20 00:00:00-04:00,28.63320192793902,29.51256471909149,28.63320192793902,29.223224639892578,3179400,0.0,0.0
2010-10-21 00:00:00-04:00,29.32534441323379,29.614684492432698,29.053025739056043,29.223224639892578,1792800,0.0,0.0
2010-10-22 00:00:00-04:00,29.32533953344992,29.433133811926524,28.79772151371564,28.83743667602539,2598300,0.0,0.0
2010-10-25 00:00:00-04:00,29.041670722729492,29.098405116581706,28.604825628948696,28.644540786743164,4056500,0.0,0.0
2010-10-26 00:00:00-04:00,28.491359796494233,28.689924754917556,28.343852543783424,28.45164680480957,2507100,0.0,0.0
2010-10-27 00:00:00-04:00,28.23039604441692,28.445982479546526,27.992118008902494,28.247417449951172,2911900,0.0,0.0
2010-10-28 00:00:00-04:00,28.36655054336939,28.508383296086237,27.37372127435146,27.657386779785156,3036500,0.0,0.0
2010-10-29 00:00:00-04:00,27.504199661492418,27.731132869754727,27.402079934193925,27.58930015563965,1568000,0.0,0.0
2010-11-01 00:00:00-04:00,27.76517286017001,28.071532058882458,27.555261037731743,27.75950050354004,1542200,0.0,0.0
2010-11-02 00:00:00-04:00,27.912681983949614,28.145287576974372,27.58362900815103,27.742483139038086,1915600,0.0,0.0
2010-11-03 00:00:00-04:00,27.77084943651505,27.997780509835607,27.583629190934737,27.70844268798828,2052900,0.0,0.0
2010-11-04 00:00:00-04:00,28.060181189887775,28.706937963483007,27.793537182297367,28.599145889282227,3222100,0.0,0.0
2010-11-05 00:00:00-04:00,28.64453845697038,28.990608492440398,28.332504726651713,28.843103408813477,3049100,0.0,0.0
2010-11-08 00:00:00-05:00,28.718291065773556,28.81473844923905,28.162307014170974,28.46299171447754,1520600,0.0,0.0
2010-11-09 00:00:00-05:00,28.616186023517223,28.616186023517223,27.29430540325876,27.470176696777344,3671200,0.0,0.0
2010-11-10 00:00:00-05:00,27.69142744689916,28.411938091115932,27.629020689370737,28.343856811523438,2863700,0.0,0.0
2010-11-11 00:00:00-05:00,28.077205854659972,28.417603512753196,27.9921053580389,28.088550567626953,1668300,0.0,0.0
2010-11-12 00:00:00-05:00,27.87863883807204,28.145285041738774,27.79354050537952,27.975086212158203,2242100,0.0,0.0
2010-11-15 00:00:00-05:00,28.07720998369688,28.315487946564208,27.86729597161374,27.912683486938477,1701000,0.0,0.0
2010-11-16 00:00:00-05:00,27.538255894698988,27.702782455697346,26.670237720857422,26.868804931640625,3032700,0.0,0.0
2010-11-17 00:00:00-05:00,26.95956487096878,27.453142152447718,26.69291865302014,27.407756805419922,2669300,0.0,0.0
2010-11-18 00:00:00-05:00,27.78219566751226,27.9864351436792,27.549590078365615,27.924028396606445,4965800,0.0,0.0
2010-11-19 00:00:00-05:00,27.867287440815502,28.360866779995064,27.69708863884108,28.315479278564453,2380900,0.0,0.0
2010-11-22 00:00:00-05:00,28.167981670121662,28.406259623006918,28.139613392134198,28.366546630859375,1809600,0.0,0.0
2010-11-23 00:00:00-05:00,27.941056491261055,28.23039439811197,27.941056491261055,28.15664291381836,2296000,0.0,0.0
2010-11-24 00:00:00-05:00,28.383565303955066,28.59347930308552,28.264426329872844,28.54241943359375,2784500,0.0,0.0
2010-11-26 00:00:00-05:00,28.343847255478835,28.59914655738713,28.270095807079475,28.37221336364746,949400,0.0,0.0
2010-11-29 00:00:00-05:00,28.190673262637574,28.434625736798626,27.87864168253727,28.366546630859375,2589400,0.0,0.0
2010-11-30 00:00:00-05:00,27.952389729459753,28.599146517256333,27.952389729459753,28.355194091796875,3801700,0.0,0.0
2010-12-01 00:00:00-05:00,28.661559980835346,28.848778069783943,28.451648134379084,28.746658325195312,2570400,0.0,0.0
2010-12-02 00:00:00-05:00,28.826086736143548,29.342357821016375,28.775026863389275,29.308317184448242,3005600,0.0,0.0
2010-12-03 00:00:00-05:00,29.20052266160425,29.552267220207238,29.053015412896247,29.50120735168457,2440200,0.0,0.0
2010-12-06 00:00:00-05:00,29.336675489037997,29.557934157334408,29.07003148159643,29.416101455688477,1854300,0.0,0.0
2010-12-07 00:00:00-05:00,29.745161553291048,29.864300532068924,29.45582156003529,29.535249710083008,2330700,0.0,0.0
2010-12-08 00:00:00-05:00,29.563613343736698,29.603326333330322,28.87146895791243,29.092727661132812,2169200,0.0,0.0
2010-12-09 00:00:00-05:00,29.183510084916005,29.63737668196555,28.93955754647059,29.047351837158203,2531000,0.0,0.0
2010-12-10 00:00:00-05:00,29.08705661267987,29.450148056264318,28.996283751783757,29.251583099365234,1713400,0.0,0.0
2010-12-13 00:00:00-05:00,29.325342790525347,29.342364194604638,28.973598126367328,29.058698654174805,1933500,0.0,0.0
2010-12-14 00:00:00-05:00,29.070039001753518,29.308316963345312,28.474339769382354,28.644540786743164,1664700,0.0,0.0
2010-12-15 00:00:00-05:00,28.582136961705046,28.837436349686744,28.326837573723346,28.343856811523438,2039100,0.0,0.0
2010-12-16 00:00:00-05:00,28.560289588385565,28.64045043491595,28.142306471320524,28.342708587646484,1970200,0.458,0.0
2010-12-17 00:00:00-05:00,28.37133810462663,28.640451399227494,28.296902094248225,28.531661987304688,2966200,0.0,0.0
2010-12-20 00:00:00-05:00,28.697704183822143,29.132866134129763,28.697704183822143,29.02407455444336,1417900,0.0,0.0
2010-12-21 00:00:00-05:00,29.144320458826662,29.264561724650978,28.995448447999163,29.247385025024414,1420700,0.0,0.0
2010-12-22 00:00:00-05:00,29.327545807856854,29.648189182720888,29.247384964140842,29.476415634155273,1795300,0.0,0.0
2010-12-23 00:00:00-05:00,29.407711170754773,29.648193738858563,29.36763074273747,29.396259307861328,1277300,0.0,0.0
2010-12-27 00:00:00-05:00,29.321808711364852,29.860035078634738,29.27600346678651,29.848583221435547,1226500,0.0,0.0
2010-12-28 00:00:00-05:00,29.87721833196205,29.94020246827676,29.464960119152252,29.756977081298828,1124600,0.0,0.0
2010-12-29 00:00:00-05:00,29.82569037855903,29.99173909214475,29.585205658155708,29.91730308532715,1159900,0.0,0.0
2010-12-30 00:00:00-05:00,29.95737941061387,30.10625140388716,29.808509601559507,29.940202713012695,1029900,0.0,0.0
2010-12-31 00:00:00-05:00,29.940206447368965,30.048995852776958,29.693996891354757,29.745529174804688,1298100,0.0,0.0
2011-01-03 00:00:00-05:00,29.928756323984892,30.226498180737792,29.774159464658233,30.071901321411133,2901800,0.0,0.0
2011-01-04 00:00:00-05:00,30.08335065388622,30.1119792141205,29.109964316386794,29.31609344482422,3108100,0.0,0.0
2011-01-05 00:00:00-05:00,29.20730885983969,29.453518468472293,29.15005172564499,29.298921585083008,2101200,0.0,0.0
2011-01-06 00:00:00-05:00,29.367622578490813,29.367622578490813,28.829396093224336,28.943912506103516,1854000,0.0,0.0
2011-01-07 00:00:00-05:00,29.04698070756731,29.190125695590538,28.62327276618129,28.84657859802246,2196100,0.0,0.0
2011-01-10 00:00:00-05:00,28.629004132487644,29.02408360319689,28.4286019772481,28.777873992919922,2132500,0.0,0.0
2011-01-11 00:00:00-05:00,28.93245718603485,28.972537598116055,28.399957786420334,28.594635009765625,1263900,0.0,0.0
2011-01-12 00:00:00-05:00,28.70915822632764,28.86375507430284,28.508756118333395,28.663352966308594,2445800,0.0,0.0
2011-01-13 00:00:00-05:00,28.65762992415193,28.85803424420106,28.531663803438768,28.76069450378418,1810300,0.0,0.0
2011-01-14 00:00:00-05:00,28.921008754695162,29.207298694467003,28.77213894707012,29.150041580200195,1738500,0.0,0.0
2011-01-18 00:00:00-05:00,29.150049179582567,29.56230749927931,29.11569359153468,29.55085563659668,1713200,0.0,0.0
2011-01-19 00:00:00-05:00,29.476418618621057,29.55085463141645,29.018355047994426,29.144323348999023,1714700,0.0,0.0
2011-01-20 00:00:00-05:00,29.247382699269266,29.453509631054352,29.14431814126722,29.30463981628418,1729500,0.0,0.0
2011-01-21 00:00:00-05:00,29.510771217556066,29.522223078689663,29.21302938074005,29.476415634155273,1411700,0.0,0.0
2011-01-24 00:00:00-05:00,29.499317820602798,29.705446941837526,29.281736838830685,29.625286102294922,1278100,0.0,0.0
2011-01-25 00:00:00-05:00,29.499315447053092,30.169232852944564,29.384799035112472,30.117700576782227,2218300,0.0,0.0
2011-01-26 00:00:00-05:00,30.152066489363722,30.507065522248123,30.008921471433926,30.318115234375,1694100,0.0,0.0
2011-01-27 00:00:00-05:00,30.426892449594668,30.827698775775055,30.232215215976694,30.810522079467773,2145800,0.0,0.0
2011-01-28 00:00:00-05:00,30.83917121646816,30.90788023177174,30.13489780300085,30.283767700195312,2122800,0.0,0.0
2011-01-31 00:00:00-05:00,30.45553610048093,31.11400411874153,30.432634555459394,31.02811622619629,2283100,0.0,0.0
2011-02-01 00:00:00-05:00,31.21705790078626,31.337299161315475,30.758994395756563,31.262863159179688,2258100,0.0,0.0
2011-02-02 00:00:00-05:00,31.039560004905383,31.48044684896006,31.039560004905383,31.377382278442383,1766800,0.0,0.0
2011-02-03 00:00:00-05:00,31.291495774395834,31.65794660033619,30.684560228795114,31.154075622558594,2404900,0.0,0.0
2011-02-04 00:00:00-05:00,31.159804670084487,31.165531693636698,30.34101722389813,30.392549514770508,2507700,0.0,0.0
2011-02-07 00:00:00-05:00,30.541415221468412,30.884962324542254,30.432625815146178,30.75326919555664,1154700,0.0,0.0
2011-02-08 00:00:00-05:00,30.70173612724803,30.884961535435252,30.62730230682264,30.638751983642578,1236200,0.0,0.0
2011-02-09 00:00:00-05:00,30.512783338816774,30.850605566561146,30.512783338816774,30.804798126220703,1275300,0.0,0.0
2011-02-10 00:00:00-05:00,30.627305368194037,31.091093773430323,30.598674620624912,31.01093292236328,1854800,0.0,0.0
2011-02-11 00:00:00-05:00,30.816258308593326,31.27432191460829,30.713193724212516,31.234241485595703,1538200,0.0,0.0
2011-02-14 00:00:00-05:00,31.257139205932617,31.31439632660027,30.94222067382224,31.257139205932617,1032400,0.0,0.0
2011-02-15 00:00:00-05:00,31.07392368467904,31.34303704271561,30.95368238249158,31.02811622619629,1506600,0.0,0.0
2011-02-16 00:00:00-05:00,31.211324642011153,31.29721248763881,30.50705173420778,30.690277099609375,1950800,0.0,0.0
2011-02-17 00:00:00-05:00,30.650205790556527,30.86206195690108,30.570044942412878,30.724641799926758,1114300,0.0,0.0
2011-02-18 00:00:00-05:00,30.67884126464103,31.091097430653413,30.62730897086203,30.936500549316406,1402200,0.0,0.0
2011-02-22 00:00:00-05:00,30.62157089253223,31.245683032230005,30.52423336398853,30.890684127807617,1621800,0.0,0.0
2011-02-23 00:00:00-05:00,30.91359417052329,31.142624852653075,30.306658603651748,30.529964447021484,2179200,0.0,0.0
2011-02-24 00:00:00-05:00,30.484154708384878,30.650201218677584,29.87721923062788,30.089073181152344,3093100,0.0,0.0
2011-02-25 00:00:00-05:00,30.323833132111787,30.57576970389388,30.260848989166263,30.552865982055664,4568900,0.0,0.0
2011-02-28 00:00:00-05:00,30.71891582940508,31.743832301192217,30.5814956774936,31.554882049560547,3259000,0.0,0.0
2011-03-01 00:00:00-05:00,31.53197901618489,31.53197901618489,30.62730379240641,30.67310905456543,2191400,0.0,0.0
2011-03-02 00:00:00-05:00,30.65020287157499,30.730363712084493,30.272300206159397,30.426897048950195,1853600,0.0,0.0
2011-03-03 00:00:00-05:00,30.730372268368377,31.06819460758938,30.730372268368377,31.039566040039062,1833800,0.0,0.0
2011-03-04 00:00:00-05:00,30.9422227327621,31.171253414891886,30.341014188869895,30.529964447021484,2558400,0.0,0.0
2011-03-07 00:00:00-05:00,30.615850376748842,30.701736058019666,30.026091547770587,30.1291561126709,1736100,0.0,0.0
2011-03-08 00:00:00-05:00,30.243673282368608,30.919317809233846,30.180689137356207,30.850608825683594,2051900,0.0,0.0
2011-03-09 00:00:00-05:00,30.770443210485702,31.211327788783606,30.581490804741858,30.95366859436035,1508000,0.0,0.0
2011-03-10 00:00:00-05:00,30.73036305560936,30.787622357763727,30.47270384068134,30.592945098876953,1675900,0.0,0.0
2011-03-11 00:00:00-05:00,30.592952437174755,31.280048938306983,30.501339715971763,31.234241485595703,1723500,0.0,0.0
2011-03-14 00:00:00-04:00,31.056740229949867,31.21133490817977,30.907868206456783,31.022384643554688,1619600,0.0,0.0
2011-03-15 00:00:00-04:00,30.17496926017238,31.486178107068607,30.17496926017238,31.234241485595703,2715100,0.0,0.0
2011-03-16 00:00:00-04:00,31.119720386240978,31.4460907932543,30.644480148608288,30.902141571044922,2837800,0.0,0.0
2011-03-17 00:00:00-04:00,31.50598723298526,31.50598723298526,30.854893615088397,31.28703498840332,1971500,0.338,0.0
2011-03-18 00:00:00-04:00,31.730703440520813,31.75951242857624,31.338895048609306,31.511751174926758,3335500,0.0,0.0
2011-03-21 00:00:00-04:00,31.955409125884007,31.955409125884007,31.55207679379921,31.638505935668945,1726700,0.0,0.0
2011-03-22 00:00:00-04:00,31.63273827275239,31.73645234168474,31.26973903148917,31.425310134887695,1427200,0.0,0.0
2011-03-23 00:00:00-04:00,31.177540863855373,31.32158790004174,30.739636642978137,31.11992073059082,1857400,0.0,0.0
2011-03-24 00:00:00-04:00,31.269744922653917,31.327362883811936,30.849127651844245,31.21788787841797,1832800,0.0,0.0
2011-03-25 00:00:00-04:00,31.281272609586445,31.603936746548428,31.171795393416126,31.373462677001953,1162100,0.0,0.0
2011-03-28 00:00:00-04:00,31.471411643700932,31.603934719737772,31.258222538596836,31.477174758911133,1227500,0.0,0.0
2011-03-29 00:00:00-04:00,31.39650208990716,31.59816711992586,31.079596759900653,31.52326202392578,1266200,0.0,0.0
2011-03-30 00:00:00-04:00,31.684599441577255,32.12826255236548,31.448362297735752,32.030311584472656,1545000,0.0,0.0
2011-03-31 00:00:00-04:00,31.920839209131323,32.514312575809456,31.920839209131323,32.50278854370117,1659600,0.0,0.0
2011-04-01 00:00:00-04:00,32.71597659559424,32.80240573464782,32.4624544912797,32.65259552001953,1731000,0.0,0.0
2011-04-04 00:00:00-04:00,32.6756530935092,32.76784317627159,32.30689276245965,32.4451789855957,1190200,0.0,0.0
2011-04-05 00:00:00-04:00,32.364503297094686,32.548885618202114,32.33569431497881,32.456695556640625,1129200,0.0,0.0
2011-04-06 00:00:00-04:00,32.57193042042163,32.57193042042163,32.352980405110216,32.43940734863281,1490700,0.0,0.0
2011-04-07 00:00:00-04:00,32.41059606813469,32.41635698476708,31.978454787226227,32.157073974609375,1721800,0.0,0.0
2011-04-08 00:00:00-04:00,32.37602355620103,32.37602355620103,31.897788354457937,32.0187873840332,1355600,0.0,0.0
2011-04-11 00:00:00-04:00,32.03607216219961,32.2089304298031,31.915073133264503,32.00726318359375,1359700,0.0,0.0
2011-04-12 00:00:00-04:00,31.897792269534367,32.21469547073988,31.86898328724013,32.08217239379883,1667100,0.0,0.0
2011-04-13 00:00:00-04:00,32.18012309983331,32.27231316118241,32.116744218518164,32.17436218261719,1643100,0.0,0.0
2011-04-14 00:00:00-04:00,32.0418352929466,32.54311855449187,32.03031126190159,32.393310546875,2132700,0.0,0.0
2011-04-15 00:00:00-04:00,32.52008031939876,32.767841566775274,32.37027226651253,32.727508544921875,1833600,0.0,0.0
2011-04-18 00:00:00-04:00,32.28383382831382,32.48550107760737,32.17435882874364,32.26078796386719,1930800,0.0,0.0
2011-04-19 00:00:00-04:00,32.278075295669794,32.46245541276592,32.18012212209627,32.43940734863281,1765200,0.0,0.0
2011-04-20 00:00:00-04:00,32.825454293443585,33.15388151002805,32.52007294270142,33.07321548461914,1652200,0.0,0.0
2011-04-21 00:00:00-04:00,33.15964138639539,33.33249746370206,32.84273821166912,33.2230224609375,1708300,0.0,0.0
2011-04-25 00:00:00-04:00,33.22302606535922,33.666691437303705,33.067454919509764,33.59754943847656,1156600,0.0,0.0
2011-04-26 00:00:00-04:00,33.70126988520189,34.07579113089645,33.55145962853613,34.070030212402344,1703000,0.0,0.0
2011-04-27 00:00:00-04:00,34.116126617389874,34.24288881326122,33.804984244606615,34.144935607910156,1263800,0.0,0.0
2011-04-28 00:00:00-04:00,33.770403631867815,34.335068019442,33.6954985218677,34.24287796020508,2187600,0.0,0.0
2011-04-29 00:00:00-04:00,34.34082911947231,34.46759127584253,33.71278365070485,34.4214973449707,2030000,0.0,0.0
2011-05-02 00:00:00-04:00,34.51944334207505,34.6058724722201,34.29473024127883,34.50791931152344,1743300,0.0,0.0
2011-05-03 00:00:00-04:00,34.507923325795836,34.600113382949026,33.93749803403059,34.30049514770508,2165800,0.0,0.0
2011-05-04 00:00:00-04:00,34.25441284906635,34.456077980693415,33.98936661950361,34.144935607910156,1302800,0.0,0.0
2011-05-05 00:00:00-04:00,33.95478077762718,34.45030312688717,33.87987567418494,34.133399963378906,1605200,0.0,0.0
2011-05-06 00:00:00-04:00,34.53096873998653,34.53096873998653,33.73006726780006,33.776161193847656,1889400,0.0,0.0
2011-05-09 00:00:00-04:00,33.828010423319334,34.07577153782025,33.61482139385936,34.035438537597656,1193300,0.0,0.0
2011-05-10 00:00:00-04:00,34.06426542663782,34.582835985092004,34.06426542663782,34.571311950683594,1362500,0.0,0.0
2011-05-11 00:00:00-04:00,34.467590974012104,34.58282909715913,34.09306762328035,34.17949676513672,1426400,0.0,0.0
2011-05-12 00:00:00-04:00,34.12763983666283,34.30625903805253,33.833784709715275,34.24287796020508,1128200,0.0,0.0
2011-05-13 00:00:00-04:00,34.300503754250144,34.32355182381765,33.92598251471009,34.08731460571289,1322500,0.0,0.0
2011-05-16 00:00:00-04:00,34.02392920348512,34.507927613168924,34.00088113683717,34.21983337402344,1177200,0.0,0.0
2011-05-17 00:00:00-04:00,34.10459953593599,34.31202776593416,34.006648537317346,34.25440979003906,1472600,0.0,0.0
2011-05-18 00:00:00-04:00,34.41572604993667,34.536725062448596,34.08153798709651,34.43877410888672,1444100,0.0,0.0
2011-05-19 00:00:00-04:00,34.473356046913295,34.772972106933594,34.38692690014834,34.772972106933594,1278700,0.0,0.0
2011-05-20 00:00:00-04:00,34.744159724725435,34.796016768113944,34.31201842914929,34.52520751953125,1968600,0.0,0.0
2011-05-23 00:00:00-04:00,34.04696710525698,34.415727269590654,33.99511006977356,34.02968215942383,1644000,0.0,0.0
2011-05-24 00:00:00-04:00,34.08731056723282,34.27169070595876,34.000881415586754,34.12764358520508,1166400,0.0,0.0
2011-05-25 00:00:00-04:00,34.09305553013465,34.58281683029023,34.00086550391462,34.404197692871094,1511200,0.0,0.0
2011-05-26 00:00:00-04:00,34.323550731449316,34.9055023805911,34.18526671441501,34.85364532470703,1822700,0.0,0.0
2011-05-27 00:00:00-04:00,35.03801630639129,35.03801630639129,34.65773206212883,34.917015075683594,1265300,0.0,0.0
2011-05-31 00:00:00-04:00,35.19358732197461,35.6430135552309,34.98039603872576,35.625728607177734,3284300,0.0,0.0
2011-06-01 00:00:00-04:00,35.50472850370826,35.539300598896084,34.38692380178009,34.43301773071289,2617600,0.0,0.0
2011-06-02 00:00:00-04:00,34.513694471480534,34.70383554698341,34.098838018769015,34.156455993652344,1937300,0.0,0.0
2011-06-03 00:00:00-04:00,33.747358504362175,34.968877445047816,33.747358504362175,34.686546325683594,2379700,0.0,0.0
2011-06-06 00:00:00-04:00,34.61164199229963,34.888212200336156,34.39268975335982,34.46183395385742,1771600,0.0,0.0
2011-06-07 00:00:00-04:00,34.66348604819535,35.32610343431261,34.548247955220546,35.01496124267578,2070300,0.0,0.0
2011-06-08 00:00:00-04:00,34.899730106045375,35.41830052880347,34.84211214706525,35.13596725463867,1850400,0.0,0.0
2011-06-09 00:00:00-04:00,35.159020302449534,35.22816230262584,34.61740393809681,34.882450103759766,2193000,0.0,0.0
2011-06-10 00:00:00-04:00,34.72687608205612,34.81906614065952,34.00664056234694,34.11611557006836,2807700,0.0,0.0
2011-06-13 00:00:00-04:00,34.17373623587455,34.496400346766556,33.989356115940716,34.15068817138672,2086000,0.0,0.0
2011-06-14 00:00:00-04:00,34.507923664701174,34.57130474173852,34.18525956048827,34.323543548583984,1964600,0.0,0.0
2011-06-15 00:00:00-04:00,34.11035980886246,34.30626398775399,33.683979349633375,34.04121780395508,2581900,0.0,0.0
2011-06-16 00:00:00-04:00,34.202312120829006,34.335597720120795,33.443161400725614,34.126976013183594,3018800,0.338,0.0
2011-06-17 00:00:00-04:00,34.41093412211624,34.54421972254815,34.034255791298484,34.237083435058594,2619800,0.0,0.0
2011-06-20 00:00:00-04:00,34.09219939427712,34.78180791370543,34.09219939427712,34.56159591674805,1651000,0.0,0.0
2011-06-21 00:00:00-04:00,34.69489792669439,34.758643709492276,34.52684347551954,34.71807861328125,1747100,0.0,0.0
2011-06-22 00:00:00-04:00,34.66012246156013,35.0483889395983,34.509450238268066,34.532630920410156,1652700,0.0,0.0
2011-06-23 00:00:00-04:00,34.05164689434761,34.13857336028949,33.56486354846315,33.8777961730957,3071700,0.0,0.0
2011-06-24 00:00:00-04:00,33.88358906614368,34.109595202264906,33.651786653868164,33.81984329223633,2123000,0.0,0.0
2011-06-27 00:00:00-04:00,33.80825872945219,34.155960196666925,33.80825872945219,34.022674560546875,1229800,0.0,0.0
2011-06-28 00:00:00-04:00,34.12698126222934,34.457298278808594,33.889384772924416,34.457298278808594,1612000,0.0,0.0
2011-06-29 00:00:00-04:00,34.602184089351795,34.93250119994627,34.34720311943238,34.770240783691406,1886500,0.0,0.0
2011-06-30 00:00:00-04:00,34.90352644141967,34.99624699508422,34.747060092617176,34.770240783691406,1651700,0.0,0.0
2011-07-01 00:00:00-04:00,34.84557321095784,35.65687741640582,34.787621489448036,35.55256652832031,2265900,0.0,0.0
2011-07-05 00:00:00-04:00,35.68005920972851,35.91765574869476,35.303380745464644,35.70903396606445,2184600,0.0,0.0
2011-07-06 00:00:00-04:00,35.63948368704661,36.03934051307391,35.45404264796453,36.033546447753906,1763300,0.0,0.0
2011-07-07 00:00:00-04:00,36.28852537883494,36.4565820023179,36.15523977730304,36.40442657470703,1935400,0.0,0.0
2011-07-08 00:00:00-04:00,35.958210446086724,36.439199662503604,35.82492483699847,36.41022491455078,1990000,0.0,0.0
2011-07-11 00:00:00-04:00,35.935030599584984,36.161038944391414,35.61050987795208,35.94662094116211,2409100,0.0,0.0
2011-07-12 00:00:00-04:00,35.761179749765,36.72895226646454,35.761179749765,36.11467742919922,2135000,0.0,0.0
2011-07-13 00:00:00-04:00,36.29432690047364,36.30012096632058,35.58733149303274,35.65107727050781,2307500,0.0,0.0
2011-07-14 00:00:00-04:00,35.70901979037321,35.78435589544566,35.14110639123542,35.35552215576172,2072900,0.0,0.0
2011-07-15 00:00:00-04:00,35.511972561670916,35.84228936855696,35.35550635673062,35.784339904785156,2248300,0.0,0.0
2011-07-18 00:00:00-04:00,35.685849591198085,35.77277384584389,35.37871103501373,35.639488220214844,1830400,0.0,0.0
2011-07-19 00:00:00-04:00,35.87128357805235,36.068314944601866,35.53517033661965,36.02195358276367,2344900,0.0,0.0
2011-07-20 00:00:00-04:00,36.039336554590186,36.37544978265321,35.86548587587507,36.300113677978516,2150800,0.0,0.0
2011-07-21 00:00:00-04:00,36.74634401565674,36.81008980148922,36.38705219898428,36.549312591552734,2428900,0.0,0.0
2011-07-22 00:00:00-04:00,36.63623030089841,37.00711237269306,36.45658333022159,36.902801513671875,1648600,0.0,0.0
2011-07-25 00:00:00-04:00,36.54351806640625,36.93758090966965,36.398642086107415,36.54351806640625,1869400,0.0,0.0
2011-07-26 00:00:00-04:00,36.56669426700922,36.92019199063535,36.36386879146892,36.804290771484375,1975700,0.0,0.0
2011-07-27 00:00:00-04:00,36.57828162698056,36.752132336213336,36.19580918241578,36.21319580078125,3180200,0.0,0.0
2011-07-28 00:00:00-04:00,36.12048078090732,36.149455535090716,35.401894939746036,35.76698303222656,3320400,0.0,0.0
2011-07-29 00:00:00-04:00,35.44825366675791,35.95821773449273,35.29758362048481,35.82493209838867,2611000,0.0,0.0
2011-08-01 00:00:00-04:00,36.19002213266534,36.23638129915333,35.3613313070162,35.587337493896484,2429800,0.0,0.0
2011-08-02 00:00:00-04:00,35.33814328723407,35.51779027035695,34.776023864746094,34.776023864746094,3766900,0.0,0.0
2011-08-03 00:00:00-04:00,34.73545716998291,34.81658955936611,33.9647182612109,34.61376190185547,4879000,0.0,0.0
2011-08-04 00:00:00-04:00,34.16753517704854,34.48046768321234,33.107044631445945,33.14760971069336,5079300,0.0,0.0
2011-08-05 00:00:00-04:00,33.588042585259664,33.62281361205584,31.95963818302759,32.255184173583984,6278700,0.0,0.0
2011-08-08 00:00:00-04:00,31.51342109898845,31.803173034258876,30.093636174036995,30.105226516723633,4841600,0.0,0.0
2011-08-09 00:00:00-04:00,30.5688183670578,33.20555960398587,30.134190617763142,33.188175201416016,6122200,0.0,0.0
2011-08-10 00:00:00-04:00,32.4753867967555,34.005276160091974,32.040759036233496,32.45800018310547,6145700,0.0,0.0
2011-08-11 00:00:00-04:00,32.52175438311703,34.71228036795589,32.33051926837802,34.06903076171875,4551300,0.0,0.0
2011-08-12 00:00:00-04:00,34.33560106483351,34.99623506073431,33.91256354483794,34.21969985961914,3341200,0.0,0.0
2011-08-15 00:00:00-04:00,34.47467848828177,35.34972816358788,34.33559661791118,35.22223663330078,4113000,0.0,0.0
2011-08-16 00:00:00-04:00,34.94986952477864,35.52937323442798,34.78181291842884,35.396087646484375,4345900,0.0,0.0
2011-08-17 00:00:00-04:00,35.55835202909701,35.73220271967311,34.85135671537188,35.094749450683594,2274200,0.0,0.0
2011-08-18 00:00:00-04:00,34.300822395145126,34.300822395145126,32.96796435882506,33.344642639160156,5385100,0.0,0.0
2011-08-19 00:00:00-04:00,32.78833097534522,33.75030733898147,32.6434550036492,32.736175537109375,3297500,0.0,0.0
2011-08-22 00:00:00-04:00,33.40839389953797,33.41998202981635,32.34210685277576,32.76514434814453,2796700,0.0,0.0
2011-08-23 00:00:00-04:00,32.77673748468466,33.57065711435939,32.53914100234558,33.55906677246094,2293200,0.0,0.0
2011-08-24 00:00:00-04:00,33.4663466049646,34.21390708565308,33.292495895896316,34.20811080932617,2063300,0.0,0.0
2011-08-25 00:00:00-04:00,34.42253104064281,34.77023248120209,33.17659682581367,33.57065963745117,2709800,0.0,0.0
2011-08-26 00:00:00-04:00,33.26351627501088,34.07482020206518,32.52174996864268,33.98789596557617,2204500,0.0,0.0
2011-08-29 00:00:00-04:00,34.46309253539605,34.903514461478444,34.266061150156965,34.86294937133789,1640100,0.0,0.0
2011-08-30 00:00:00-04:00,35.036801156466524,35.25121916598764,34.248675591148775,35.0541877746582,2228000,0.0,0.0
2011-08-31 00:00:00-04:00,35.28017845195671,35.60469904087297,34.94986158930653,35.45402908325195,2538100,0.0,0.0
2011-09-01 00:00:00-04:00,35.3671216344098,35.6394891696123,34.93828999455044,35.077369689941406,2221100,0.0,0.0
2011-09-02 00:00:00-04:00,34.48626784254529,35.12951737092112,34.26605800503196,34.602169036865234,2186100,0.0,0.0
2011-09-06 00:00:00-04:00,33.86619365372734,34.71806475539426,33.530082674906055,34.439903259277344,2106500,0.0,0.0
2011-09-07 00:00:00-04:00,35.00782730941553,35.59892149864098,34.32980886951771,35.575740814208984,1849000,0.0,0.0
2011-09-08 00:00:00-04:00,35.43086264998188,35.975597647112934,35.17588176897543,35.737998962402344,2101600,0.0,0.0
2011-09-09 00:00:00-04:00,35.30336925733832,35.59891742343385,34.48047494988945,34.66012191772461,2522900,0.0,0.0
2011-09-12 00:00:00-04:00,34.08061305790009,34.816583014943085,33.982096280340045,34.80499267578125,2174000,0.0,0.0
2011-09-13 00:00:00-04:00,34.909308720263404,34.996232960985076,34.4341135863327,34.66012191772461,2504300,0.0,0.0
2011-09-14 00:00:00-04:00,34.770229866814574,34.816591234406864,33.75030409673262,34.06903076171875,3195800,0.0,0.0
2011-09-15 00:00:00-04:00,34.457292590258405,34.53262869705398,33.70393815419677,33.98789596557617,3109800,0.0,0.0
2011-09-16 00:00:00-04:00,33.88764949305008,34.27233892767966,33.43884478207464,33.689476013183594,4319800,0.338,0.0
2011-09-19 00:00:00-04:00,33.11243622566061,33.4213527958932,32.81517495471085,33.05997848510742,2508900,0.0,0.0
2011-09-20 00:00:00-04:00,33.205698674356825,33.26981394630809,32.436319857832466,32.447975158691406,2939500,0.0,0.0
2011-09-21 00:00:00-04:00,32.45380267205917,32.63449095046636,30.36132501569825,30.50121307373047,4771700,0.0,0.0
2011-09-22 00:00:00-04:00,29.60360941881684,30.238930115843996,29.364635701042168,29.91835594177246,4637000,0.0,0.0
2011-09-23 00:00:00-04:00,29.85423100677488,31.05492685843355,29.76680070419325,30.967498779296875,4408500,0.0,0.0
2011-09-26 00:00:00-04:00,31.328872700820675,31.36967291529964,30.390463320914673,31.08989906311035,2845200,0.0,0.0
2011-09-27 00:00:00-04:00,31.69607990414472,31.736880122549188,30.9558438762499,31.13652992248535,2745300,0.0,0.0
2011-09-28 00:00:00-04:00,31.136533109596506,31.521224734121308,30.635272914540877,30.728530883789062,3581900,0.0,0.0
2011-09-29 00:00:00-04:00,31.404660848640688,31.45128873510069,30.711052416187755,31.23563003540039,2750300,0.0,0.0
2011-09-30 00:00:00-04:00,30.815961902722222,31.188993815103778,30.227271332891128,30.23309898376465,2715700,0.0,0.0
2011-10-03 00:00:00-04:00,30.03491417258458,30.477891069021727,28.92164650626124,28.944961547851562,3107000,0.0,0.0
2011-10-04 00:00:00-04:00,28.78759828908887,30.51870181442369,28.245535613952622,30.437101364135742,3300000,0.0,0.0
2011-10-05 00:00:00-04:00,30.402130545626356,30.43710312210348,28.43788308079694,30.134014129638672,3088900,0.0,0.0
2011-10-06 00:00:00-04:00,29.86589044983724,31.200644554120917,29.801775186945758,31.165674209594727,3081400,0.0,0.0
2011-10-07 00:00:00-04:00,31.20065447575539,31.34637022013825,30.26224472617844,30.30304718017578,2918200,0.0,0.0
2011-10-10 00:00:00-04:00,30.85092876020432,31.865108806086774,30.775155972219252,31.835966110229492,2334100,0.0,0.0
2011-10-11 00:00:00-04:00,31.88259652102307,32.01665470206261,30.711041014222257,30.839271545410156,1762900,0.0,0.0
2011-10-12 00:00:00-04:00,31.04909351399321,31.812644383023553,30.856747772972803,31.4454402923584,2339800,0.0,0.0
2011-10-13 00:00:00-04:00,31.078251244897547,31.51539844232965,30.594476169264407,31.247282028198242,1860000,0.0,0.0
2011-10-14 00:00:00-04:00,31.71939532240971,32.28477300006388,31.49207916599689,32.24397277832031,2092100,0.0,0.0
2011-10-17 00:00:00-04:00,31.15401553165624,31.853451301029256,30.950012227889722,31.095727920532227,3697800,0.0,0.0
2011-10-18 00:00:00-04:00,31.18317778652056,32.3081038172558,30.979176578230298,32.17404556274414,2239100,0.0,0.0
2011-10-19 00:00:00-04:00,32.16820171977736,32.547063483193256,31.69025433348234,31.795169830322266,2002100,0.0,0.0
2011-10-20 00:00:00-04:00,31.754369287374185,31.993342978120968,31.17733628399691,31.824312210083008,2041700,0.0,0.0
2011-10-21 00:00:00-04:00,32.226491761673515,33.13575650462514,32.197349060017864,33.0483283996582,2279800,0.0,0.0
2011-10-24 00:00:00-04:00,33.048326790529615,33.671989914065776,32.90843871656982,33.31061553955078,3145200,0.0,0.0
2011-10-25 00:00:00-04:00,33.01334831034633,33.16489388197957,32.5120859515435,32.8618049621582,2892600,0.0,0.0
2011-10-26 00:00:00-04:00,33.27564927301348,33.368907265516384,32.5528981635315,33.22901916503906,2361800,0.0,0.0
2011-10-27 00:00:00-04:00,34.56376264733821,35.15828295384584,33.671983299299285,34.94845199584961,2855300,0.0,0.0
2011-10-28 00:00:00-04:00,34.94845035255173,34.94845035255173,33.928440528488814,34.243186950683594,2788000,0.0,0.0
2011-10-31 00:00:00-04:00,33.753584147417406,34.52879272692027,33.485467797108406,34.202388763427734,2533400,0.0,0.0
2011-11-01 00:00:00-04:00,32.955069693369154,33.51461755721927,32.63449553533704,32.71026611328125,3608900,0.0,0.0
2011-11-02 00:00:00-04:00,33.29312690809758,33.963420105953716,33.188211412373214,33.91679000854492,2788600,0.0,0.0
2011-11-03 00:00:00-04:00,34.10330025391427,34.453019255719084,33.23483595749465,34.35393142700195,2615800,0.0,0.0
2011-11-04 00:00:00-04:00,34.06832523676284,34.16741082844268,33.59620564964044,34.07998275756836,2308500,0.0,0.0
2011-11-07 00:00:00-05:00,34.19656682220852,34.63371401697751,33.78273467812082,34.3189697265625,1467300,0.0,0.0
2011-11-08 00:00:00-05:00,34.48798665296876,34.651189729245594,33.59620738792996,34.598731994628906,1465500,0.0,0.0
2011-11-09 00:00:00-05:00,34.09163699572319,34.17323741005989,33.00751212309092,33.094940185546875,2173800,0.0,0.0
2011-11-10 00:00:00-05:00,33.42135842876881,33.666159776979384,33.10661193240195,33.392215728759766,2362000,0.0,0.0
2011-11-11 00:00:00-05:00,33.84684337688206,34.458848885912595,33.596212189387956,34.40639114379883,1881100,0.0,0.0
2011-11-14 00:00:00-05:00,34.12662281438465,34.342281467752564,33.53210238148655,33.666160583496094,1904200,0.0,0.0
2011-11-15 00:00:00-05:00,33.508780855674075,34.38307499058515,33.42717820205527,34.243186950683594,1697900,0.0,0.0
2011-11-16 00:00:00-05:00,33.88763684170094,33.88763684170094,32.97837245754999,33.01917266845703,2914700,0.0,0.0
2011-11-17 00:00:00-05:00,32.86764020278886,32.955070531496446,31.486255683950194,31.684429168701172,3311800,0.0,0.0
2011-11-18 00:00:00-05:00,31.894258309009043,32.02248663389819,31.422138563868735,31.882600784301758,2837600,0.0,0.0
2011-11-21 00:00:00-05:00,31.404642886798257,31.64361650477093,31.16566926882558,31.48041343688965,2765500,0.0,0.0
2011-11-22 00:00:00-05:00,31.36967919757174,31.696083202215913,31.288078752272042,31.36385154724121,1352300,0.0,0.0
2011-11-23 00:00:00-05:00,31.089909174166042,31.089909174166042,30.483731185559005,30.635276794433594,1888900,0.0,0.0
2011-11-25 00:00:00-05:00,30.50122034971835,31.36968493166442,30.367159909711958,30.67607879638672,867700,0.0,0.0
2011-11-28 00:00:00-05:00,31.701898614409956,31.771841508602602,30.658573955823016,30.944177627563477,2360800,0.0,0.0
2011-11-29 00:00:00-05:00,31.03161996607562,31.142363110182135,30.536185195877742,30.833446502685547,2327000,0.0,0.0
2011-11-30 00:00:00-05:00,31.789334370241193,32.30225198051269,31.416302572427412,32.16819381713867,4215900,0.0,0.0
2011-12-01 00:00:00-05:00,32.00499387188844,32.01082152113791,31.29973047011913,31.55036163330078,2779100,0.0,0.0
2011-12-02 00:00:00-05:00,31.85346738916413,32.29061468788031,31.57369116135317,31.62032127380371,1550300,0.0,0.0
2011-12-05 00:00:00-05:00,32.127397540783946,32.156540236663986,31.02578718302413,31.305561065673828,2625700,0.0,0.0
2011-12-06 00:00:00-05:00,31.323045585985646,31.433788709539826,31.01412681237457,31.218130111694336,1742100,0.0,0.0
2011-12-07 00:00:00-05:00,31.10156592405951,31.824314703380917,30.897562566961646,31.713571548461914,2566000,0.0,0.0
2011-12-08 00:00:00-05:00,31.620304418750298,31.63778958987579,31.095727050535906,31.206472396850586,3003700,0.0,0.0
2011-12-09 00:00:00-05:00,31.194828345284634,31.88843452192521,31.171513291419593,31.707748413085938,2183000,0.0,0.0
2011-12-12 00:00:00-05:00,31.358016704183875,31.4046467932202,30.856754364268532,31.293901443481445,2312400,0.0,0.0
2011-12-13 00:00:00-05:00,31.445449118721267,31.94088161901748,31.124875017150472,31.305561065673828,2527600,0.0,0.0
2011-12-14 00:00:00-05:00,31.21230028583388,32.21482494236894,31.08989964012529,31.894250869750977,3041300,0.0,0.0
2011-12-15 00:00:00-05:00,32.25823959252531,32.71175171677751,32.12866405794845,32.605735778808594,2263900,0.568,0.0
2011-12-16 00:00:00-05:00,32.864884513444295,33.524537489337646,32.77653939655061,32.89433288574219,3022500,0.0,0.0
2011-12-19 00:00:00-05:00,33.05925012454528,33.141706471447094,32.60573796981839,32.652854919433594,2057400,0.0,0.0
2011-12-20 00:00:00-05:00,33.18882452734289,33.730684069964596,33.03569162753044,33.62466812133789,1984600,0.0,0.0
2011-12-21 00:00:00-05:00,33.71301179400745,33.730680367917046,33.09458474597031,33.30072784423828,1817300,0.0,0.0
2011-12-22 00:00:00-05:00,33.436190857855564,34.154742792562615,33.35373452044984,33.895591735839844,2369000,0.0,0.0
2011-12-23 00:00:00-05:00,34.078192222223315,34.089972025835706,33.654128279248404,33.84849166870117,1126600,0.0,0.0
2011-12-27 00:00:00-05:00,33.724784187397105,34.11939950290221,33.518643367424126,33.95448684692383,928500,0.0,0.0
2011-12-28 00:00:00-05:00,33.80725509288959,33.88971145095362,33.33018327538983,33.40085983276367,1380900,0.0,0.0
2011-12-29 00:00:00-05:00,33.44208077960634,33.73068021718513,33.359624439374336,33.648223876953125,1282200,0.0,0.0
2011-12-30 00:00:00-05:00,33.71301170852575,33.989829101730216,33.57165637730708,33.589324951171875,1272900,0.0,0.0
2012-01-03 00:00:00-05:00,34.02517472933702,34.37855975197054,33.22416628148269,33.3360710144043,2780000,0.0,0.0
2012-01-04 00:00:00-05:00,33.171154584458726,33.23594235559027,32.93556309793804,33.07102966308594,2405500,0.0,0.0
2012-01-05 00:00:00-05:00,33.01213120556726,33.347847618926785,32.888446684175214,33.18882369995117,1884600,0.0,0.0
2012-01-06 00:00:00-05:00,33.23005483231538,33.31251343401856,32.77065385666202,32.80010223388672,2283400,0.0,0.0
2012-01-09 00:00:00-05:00,32.74709227423353,32.87666782230054,32.32891950135712,32.393707275390625,1767900,0.0,0.0
2012-01-10 00:00:00-05:00,32.78831216730245,32.80009196385739,32.45259582916919,32.5056037902832,2377400,0.0,0.0
2012-01-11 00:00:00-05:00,32.45849613805761,32.56451209061958,32.29947220921465,32.42315673828125,2570900,0.0,0.0
2012-01-12 00:00:00-05:00,32.358369566169664,32.42315734358562,31.810621216629322,31.84596061706543,2217500,0.0,0.0
2012-01-13 00:00:00-05:00,31.545581930107435,32.470274848954496,31.545581930107435,32.393707275390625,3742300,0.0,0.0
2012-01-17 00:00:00-05:00,32.86488671165813,33.012130829763024,32.617517671690045,32.735313415527344,3225300,0.0,0.0
2012-01-18 00:00:00-05:00,32.788328320971196,33.082816639629534,32.711762975792674,32.917903900146484,2929500,0.0,0.0
2012-01-19 00:00:00-05:00,32.97090383840677,33.029802835820355,32.67052681528205,32.69408416748047,3114900,0.0,0.0
2012-01-20 00:00:00-05:00,32.670528864720985,32.94734630624517,32.41726877687299,32.84722137451172,2559400,0.0,0.0
2012-01-23 00:00:00-05:00,32.69997166816545,33.32428749289607,32.62340410315916,33.25360870361328,2154400,0.0,0.0
2012-01-24 00:00:00-05:00,33.03569396984252,33.37729919215264,32.94145781402243,33.3360710144043,2627400,0.0,0.0
2012-01-25 00:00:00-05:00,33.25361726040363,34.272546477035895,33.15938109721126,34.23720932006836,2195900,0.0,0.0
2012-01-26 00:00:00-05:00,34.57291780491895,35.15600322785405,34.46101084232791,34.896854400634766,3578700,0.0,0.0
2012-01-27 00:00:00-05:00,34.826170712131905,35.173666833610746,34.63769846795013,35.12065887451172,2139000,0.0,0.0
2012-01-30 00:00:00-05:00,34.73194659220599,34.938087478400504,34.555251836305374,34.926307678222656,2159000,0.0,0.0
2012-01-31 00:00:00-05:00,35.14422773100429,35.25024368392651,34.849739472168594,35.073551177978516,3124400,0.0,0.0
2012-02-01 00:00:00-05:00,35.33858488715087,35.62129329663607,35.014648308371996,35.350364685058594,2062300,0.0,0.0
2012-02-02 00:00:00-05:00,34.378559697146784,35.2090165211017,33.8838193181885,35.16189956665039,2702900,0.0,0.0
2012-02-03 00:00:00-05:00,35.37981246702162,35.67430066950842,35.27379653438505,35.4858283996582,2379400,0.0,0.0
2012-02-06 00:00:00-05:00,35.29146630097622,35.47994082396652,35.09121647340962,35.203121185302734,1569600,0.0,0.0
2012-02-07 00:00:00-05:00,34.991088290242615,35.26201689855021,34.943971345947105,35.11477279663086,2110200,0.0,0.0
2012-02-08 00:00:00-05:00,35.0382167527275,35.19723844772425,34.73194867008201,35.044105529785156,3077400,0.0,0.0
2012-02-09 00:00:00-05:00,35.03231887579174,35.044098674369934,34.47279080054507,34.54935836791992,1150600,0.0,0.0
2012-02-10 00:00:00-05:00,34.266645085466735,34.63770082440335,34.184188753873386,34.50812530517578,1412100,0.0,0.0
2012-02-13 00:00:00-05:00,34.76138963532907,34.843845977154416,34.54346898239539,34.69660186767578,897900,0.0,0.0
2012-02-14 00:00:00-05:00,34.60236213752205,34.60825091271285,33.88970126080727,34.02516555786133,1736500,0.0,0.0
2012-02-15 00:00:00-05:00,34.13706916266921,34.1665175312092,33.748344856348545,33.9957160949707,2171900,0.0,0.0
2012-02-16 00:00:00-05:00,33.94860707030507,34.29021453857422,33.93682727000953,34.29021453857422,1600900,0.0,0.0
2012-02-17 00:00:00-05:00,34.5905931710774,34.5905931710774,34.060515614036106,34.46101760864258,1602900,0.0,0.0
2012-02-21 00:00:00-05:00,34.46102680580717,34.53759440829596,33.77192512371173,33.88972091674805,1653100,0.0,0.0
2012-02-22 00:00:00-05:00,33.854362602544704,34.066394462270516,33.518646240234375,33.518646240234375,1595500,0.0,0.0
2012-02-23 00:00:00-05:00,33.57166379217741,33.94271965265947,33.56577501517743,33.925048828125,1558700,0.0,0.0
2012-02-24 00:00:00-05:00,34.0251649425201,34.26664516277394,33.80724431613652,34.19596862792969,1397700,0.0,0.0
2012-02-27 00:00:00-05:00,33.90736606359157,34.172405853043834,33.606989133389874,33.98982238769531,1262200,0.0,0.0
2012-02-28 00:00:00-05:00,34.084065240287075,34.20775199764095,33.500979835081125,33.589324951171875,1368400,0.0,0.0
2012-02-29 00:00:00-05:00,33.71300953956096,33.91915037727716,33.40674154726357,33.506866455078125,1688600,0.0,0.0
2012-03-01 00:00:00-05:00,33.477420666125845,33.86614502348122,33.44797229371966,33.81313705444336,1356200,0.0,0.0
2012-03-02 00:00:00-05:00,33.81313264988449,34.08406123555667,33.760124687751535,33.96037673950195,953000,0.0,0.0
2012-03-05 00:00:00-05:00,33.972160632815196,34.54346848838739,33.81313672724046,34.53168869018555,1266400,0.0,0.0
2012-03-06 00:00:00-05:00,34.301992726629024,34.59648097987466,34.22542515169038,34.3255500793457,1872400,0.0,0.0
2012-03-07 00:00:00-05:00,34.413889769037574,34.45511793554391,34.01338565431899,34.36088180541992,1895300,0.0,0.0
2012-03-08 00:00:00-05:00,34.614151183016475,34.661268137431456,34.0664028264933,34.29021453857422,1721400,0.0,0.0
2012-03-09 00:00:00-05:00,34.396229037279326,34.99109432301616,34.28432206259619,34.93219757080078,2357900,0.0,0.0
2012-03-12 00:00:00-04:00,34.99109372585265,35.29147075185214,34.9086373754515,35.05588150024414,1813500,0.0,0.0
2012-03-13 00:00:00-04:00,35.13244333422217,35.850993018010584,35.13244333422217,35.8215446472168,2376800,0.0,0.0
2012-03-14 00:00:00-04:00,35.850988731977054,35.88632812076473,35.350359748033526,35.59772872924805,1733700,0.0,0.0
2012-03-15 00:00:00-04:00,35.58596011925784,35.58596011925784,34.926307048560666,35.073551177978516,2645000,0.0,0.0
2012-03-16 00:00:00-04:00,35.044095596807686,35.4269311532946,34.97930783370067,35.32091522216797,2721100,0.0,0.0
2012-03-19 00:00:00-04:00,35.3444798875565,36.16904791218549,35.17367840472993,35.94523620605469,2394800,0.0,0.0
2012-03-20 00:00:00-04:00,35.633082668172044,35.9393507557585,35.603634288874126,35.80388641357422,1446800,0.0,0.0
2012-03-21 00:00:00-04:00,35.9448412565331,35.9448412565331,35.65463041738695,35.749393463134766,1553000,0.338,0.0
2012-03-22 00:00:00-04:00,35.59540066784668,35.59540066784668,34.97351806396946,35.24003982543945,1713400,0.0,0.0
2012-03-23 00:00:00-04:00,35.29926897020632,35.86784953090367,35.263734238451654,35.62501907348633,1671600,0.0,0.0
2012-03-26 00:00:00-04:00,35.9862909055251,36.09882354736328,35.82638014171161,36.09882354736328,1694900,0.0,0.0
2012-03-27 00:00:00-04:00,36.18174941582112,36.288358122980625,35.9862993662523,36.00999069213867,1709700,0.0,0.0
2012-03-28 00:00:00-04:00,35.93892407091672,36.092913192359596,35.69016963248806,36.00407409667969,2109700,0.0,0.0
2012-03-29 00:00:00-04:00,35.80268885542238,36.38311264775184,35.5894714910302,36.317962646484375,1994600,0.0,0.0
2012-03-30 00:00:00-04:00,36.60225272938897,37.188600497756426,36.50156800414486,37.087913513183594,3133900,0.0,0.0
2012-04-02 00:00:00-04:00,36.9990892103059,37.159002301844474,36.85102178399198,37.05831527709961,1957300,0.0,0.0
2012-04-03 00:00:00-04:00,37.081995327536745,37.194525723945915,36.76809320222296,36.916160583496094,1501600,0.0,0.0
2012-04-04 00:00:00-04:00,36.75032191509365,36.81547192139474,36.43049584379497,36.5489501953125,1558600,0.0,0.0
2012-04-05 00:00:00-04:00,36.55487844761375,36.58449147413795,36.32389367766433,36.35942840576172,1458000,0.0,0.0
2012-04-09 00:00:00-04:00,35.95668290825679,36.128441615553285,35.61316775299275,35.89153289794922,1581800,0.0,0.0
2012-04-10 00:00:00-04:00,35.99222391019663,36.03960430340741,34.93798474380306,35.1097412109375,2402500,0.0,0.0
2012-04-11 00:00:00-04:00,35.41771595376855,35.542092007602925,35.23411385315463,35.429561614990234,1778200,0.0,0.0
2012-04-12 00:00:00-04:00,35.54801957530283,35.8500760594575,35.43548917127052,35.844154357910156,1942400,0.0,0.0
2012-04-13 00:00:00-04:00,35.79677374185153,36.353508610752364,35.65463030334905,36.03960418701172,1553800,0.0,0.0
2012-04-16 00:00:00-04:00,36.26465413827642,36.96353219266449,36.235041120919995,36.72662353515625,1821200,0.0,0.0
2012-04-17 00:00:00-04:00,36.91023888798484,36.91023888798484,36.46603671690736,36.697021484375,1489600,0.0,0.0
2012-04-18 00:00:00-04:00,36.47196171125066,36.67925515989592,36.37127470810215,36.46603775024414,1121800,0.0,0.0
2012-04-19 00:00:00-04:00,36.46603290944524,36.64371330745859,36.32388949476609,36.47787857055664,2369900,0.0,0.0
2012-04-20 00:00:00-04:00,36.56672286895813,36.92208369384512,36.51934022066439,36.78586196899414,1998400,0.0,0.0
2012-04-23 00:00:00-04:00,36.566724110089254,36.74440452856349,36.32389367766433,36.35942840576172,2428000,0.0,0.0
2012-04-24 00:00:00-04:00,36.47196211678088,37.01684905032365,36.41865776377525,36.98723602294922,1900300,0.0,0.0
2012-04-25 00:00:00-04:00,37.16490862403337,37.176754284355695,36.88654125478053,37.129371643066406,1924300,0.0,0.0
2012-04-26 00:00:00-04:00,36.910239634692864,36.92208529728073,35.938917895779234,36.51342010498047,2940500,0.0,0.0
2012-04-27 00:00:00-04:00,36.35350734374088,36.5785681567474,36.21136165086332,36.46603775024414,2064800,0.0,0.0
2012-04-30 00:00:00-04:00,36.41273322589068,36.48380494232929,36.08106145029527,36.389041900634766,1848600,0.0,0.0
2012-05-01 00:00:00-04:00,36.430490086892135,37.24782249794299,36.34165103178935,37.0642204284668,1501800,0.0,0.0
2012-05-02 00:00:00-04:00,36.851003081294536,37.15305948356959,36.64963139333501,37.0642204284668,1125900,0.0,0.0
2012-05-03 00:00:00-04:00,37.07607304584247,37.247831758135376,36.97538830649569,37.01092529296875,1923700,0.0,0.0
2012-05-04 00:00:00-04:00,36.93392389606982,37.20636730549715,36.803623891852965,37.129371643066406,2486000,0.0,0.0
2012-05-07 00:00:00-04:00,37.05239092167516,37.81049536714634,36.91024520848459,37.709808349609375,1912600,0.0,0.0
2012-05-08 00:00:00-04:00,37.39589849717782,37.59727023170599,37.295213759578225,37.56173324584961,1915900,0.0,0.0
2012-05-09 00:00:00-04:00,37.188608562674624,37.697960777927044,37.188608562674624,37.38998031616211,1871500,0.0,0.0
2012-05-10 00:00:00-04:00,37.644650808989844,37.7097985571498,37.170833394281544,37.36628341674805,1510300,0.0,0.0
2012-05-11 00:00:00-04:00,37.1530764423454,37.615046065868846,37.070159049336525,37.526206970214844,1615300,0.0,0.0
2012-05-14 00:00:00-04:00,37.16491038866797,37.56172986132812,37.05830170003386,37.1530647277832,2159800,0.0,0.0
2012-05-15 00:00:00-04:00,37.153065738869365,37.27744179255101,36.77993531849556,36.922080993652344,1700100,0.0,0.0
2012-05-16 00:00:00-04:00,36.98724115765843,37.087925916574754,36.4068171550922,36.56080627441406,1672600,0.0,0.0
2012-05-17 00:00:00-04:00,36.48973378087925,36.590418537681686,35.790855407714844,35.790855407714844,2479300,0.0,0.0
2012-05-18 00:00:00-04:00,35.956675142115344,36.282422863967234,35.61908176100884,35.74345779418945,2330800,0.0,0.0
2012-05-21 00:00:00-04:00,35.808623526171125,36.62003459671438,35.79085615914577,36.56080627441406,1931700,0.0,0.0
2012-05-22 00:00:00-04:00,36.64371713347254,36.92208455033306,36.507495405461604,36.697021484375,1482000,0.0,0.0
2012-05-23 00:00:00-04:00,36.53118699293741,36.75625006051441,36.18766956035518,36.702945709228516,1600000,0.0,0.0
2012-05-24 00:00:00-04:00,36.73255231334657,37.070145726022865,36.35942191958324,36.768089294433594,983300,0.0,0.0
2012-05-25 00:00:00-04:00,36.94577249489978,37.07014854918346,36.47787904193294,36.50749206542969,2872300,0.0,0.0
2012-05-29 00:00:00-04:00,36.69702487720076,37.141227089346984,36.69702487720076,37.03461837768555,1994100,0.0,0.0
2012-05-30 00:00:00-04:00,36.5667283163688,36.65556740616056,35.86192600364236,35.87377166748047,2980100,0.0,0.0
2012-05-31 00:00:00-04:00,35.95667929814068,36.44826404704798,35.64277719926125,36.18766403198242,4318000,0.0,0.0
2012-06-01 00:00:00-04:00,35.488785233713294,35.81453524670037,35.26372446388603,35.299259185791016,2867500,0.0,0.0
2012-06-04 00:00:00-04:00,35.40587103354494,35.41179499394419,34.754375468019504,34.973514556884766,2185200,0.0,0.0
2012-06-05 00:00:00-04:00,34.78990912316034,35.998137106160314,34.74844818231996,35.78491973876953,2127900,0.0,0.0
2012-06-06 00:00:00-04:00,36.15806272008982,36.608188932254315,35.80270182360583,36.56080627441406,2393200,0.0,0.0
2012-06-07 00:00:00-04:00,36.7621674571206,37.016843521293396,36.07513493173854,36.18174362182617,1823200,0.0,0.0
2012-06-08 00:00:00-04:00,36.01590990499581,36.667405465674726,36.01590990499581,36.66148376464844,1333800,0.0,0.0
2012-06-11 00:00:00-04:00,36.92207760967115,36.94576892991407,35.89152777239075,35.95075607299805,1944600,0.0,0.0
2012-06-12 00:00:00-04:00,36.081056714722806,36.14620672096119,35.61316552863858,36.11067199707031,1763100,0.0,0.0
2012-06-13 00:00:00-04:00,35.75531283964205,36.32389333647978,35.75531283964205,35.986297607421875,1951500,0.0,0.0
2012-06-14 00:00:00-04:00,36.01591111585062,36.77993709634678,35.95668280695199,36.6733283996582,1593000,0.0,0.0
2012-06-15 00:00:00-04:00,36.84509120390924,36.88062819320039,36.38904334165432,36.679256439208984,1921200,0.0,0.0
2012-06-18 00:00:00-04:00,36.51934337639265,37.02277163170655,36.418658629061554,36.679256439208984,1591200,0.0,0.0
2012-06-19 00:00:00-04:00,36.809555270325916,36.89839435165505,36.430500841602544,36.614105224609375,1883200,0.0,0.0
2012-06-20 00:00:00-04:00,36.720109227022924,36.78561740796915,36.005478036677616,36.25559997558594,2108100,0.338,0.0
2012-06-21 00:00:00-04:00,36.51763421850261,36.55932083402315,35.35040444042722,35.41591262817383,2432900,0.0,0.0
2012-06-22 00:00:00-04:00,35.61838729410462,35.67198468948665,35.106234909731874,35.3384895324707,4891400,0.0,0.0
2012-06-25 00:00:00-04:00,35.07049828733537,35.481412359170946,34.939481943069,35.43376922607422,2150300,0.0,0.0
2012-06-26 00:00:00-04:00,35.39208132404182,35.60647087162453,35.22533490781061,35.4456787109375,2414400,0.0,0.0
2012-06-27 00:00:00-04:00,35.54691825955451,35.54691825955451,35.19555810408984,35.43376922607422,1689100,0.0,0.0
2012-06-28 00:00:00-04:00,35.26106755175972,36.06502841372734,35.11218616307124,36.04716110229492,1572200,0.0,0.0
2012-06-29 00:00:00-04:00,36.65459781264216,37.16079590236857,36.44020824727565,37.1369743347168,2398000,0.0,0.0
2012-07-02 00:00:00-04:00,37.42283588014962,37.49429832958967,36.91068340370362,37.48238754272461,1870100,0.0,0.0
2012-07-03 00:00:00-04:00,37.33349447944062,37.82182522996675,37.28585361857811,37.792049407958984,1080400,0.0,0.0
2012-07-05 00:00:00-04:00,37.661040140774205,37.81587579801503,37.35732081100391,37.500247955322266,970200,0.0,0.0
2012-07-06 00:00:00-04:00,37.13101706751056,37.73249914411657,37.059554637728056,37.64316940307617,1053000,0.0,0.0
2012-07-09 00:00:00-04:00,37.62531009958604,37.786102294921875,37.458563647422956,37.786102294921875,1162900,0.0,0.0
2012-07-10 00:00:00-04:00,37.78609596497873,38.339932627134296,37.05359982343465,37.2501220703125,1372100,0.0,0.0
2012-07-11 00:00:00-04:00,37.22035614614739,37.625313802757496,37.08933976555287,37.53598403930664,1881400,0.0,0.0
2012-07-12 00:00:00-04:00,37.33350023810509,38.107685360222156,37.1846188333518,37.89925003051758,1647600,0.0,0.0
2012-07-13 00:00:00-04:00,37.97070678697159,38.637694744371764,37.94688749230522,38.56623458862305,1534500,0.0,0.0
2012-07-16 00:00:00-04:00,38.584098005026966,38.69724930486984,38.333978383426,38.60196304321289,1048500,0.0,0.0
2012-07-17 00:00:00-04:00,38.75680484148692,39.13794083941861,38.41735545134465,38.98905944824219,1722600,0.0,0.0
2012-07-18 00:00:00-04:00,38.80443903286523,38.97118542558866,38.494763266237335,38.67937469482422,1660500,0.0,0.0
2012-07-19 00:00:00-04:00,38.69129113429075,38.96523230967074,38.006435924091356,38.43521499633789,1944200,0.0,0.0
2012-07-20 00:00:00-04:00,38.12553828320888,38.50072223412647,37.98261344373961,38.1672248840332,2115300,0.0,0.0
2012-07-23 00:00:00-04:00,37.80991728858944,38.21487256314952,37.66699016034792,38.083858489990234,1504900,0.0,0.0
2012-07-24 00:00:00-04:00,38.060036349528104,38.173185381857465,37.42877847291524,37.792049407958984,1434500,0.0,0.0
2012-07-25 00:00:00-04:00,37.98262196175805,38.10172753585941,37.48833689609972,37.80992126464844,1207600,0.0,0.0
2012-07-26 00:00:00-04:00,38.2625205831176,38.375671903353386,36.9940503930659,37.4704704284668,2475500,0.0,0.0
2012-07-27 00:00:00-04:00,37.67294914182762,37.7563246356144,37.27990232954677,37.506202697753906,1858300,0.0,0.0
2012-07-30 00:00:00-04:00,37.53001640842351,37.827779151487725,37.44068667680447,37.714630126953125,1569700,0.0,0.0
2012-07-31 00:00:00-04:00,37.69081748633176,37.85160967826709,37.643174345721306,37.702728271484375,1954300,0.0,0.0
2012-08-01 00:00:00-04:00,37.73844336781651,38.01238677403331,37.2203369140625,37.2203369140625,1484200,0.0,0.0
2012-08-02 00:00:00-04:00,36.98808980406512,37.428777409457965,36.87493850320111,37.39304733276367,1423100,0.0,0.0
2012-08-03 00:00:00-04:00,37.67890454323389,37.774188547247725,37.26799270187733,37.34540939331055,995600,0.0,0.0
2012-08-06 00:00:00-04:00,37.49427900926271,37.5240548252071,37.095278077759744,37.13100814819336,806600,0.0,0.0
2012-08-07 00:00:00-04:00,37.20844801774277,37.23822385043682,36.553370611471934,36.57123565673828,1157000,0.0,0.0
2012-08-08 00:00:00-04:00,36.33896001228487,36.4640198004858,36.059062348621666,36.22581100463867,1394900,0.0,0.0
2012-08-09 00:00:00-04:00,36.14245115497311,36.33301918267942,35.83873407073808,35.88042068481445,1685100,0.0,0.0
2012-08-10 00:00:00-04:00,35.86254631116582,35.9399629904505,35.683886843894726,35.85063552856445,2034200,0.0,0.0
2012-08-13 00:00:00-04:00,35.80895388913122,35.975700325165654,35.54692117907733,35.58860778808594,1665500,0.0,0.0
2012-08-14 00:00:00-04:00,35.642200205716556,35.7553515044439,35.237242684664935,35.32657241821289,1530700,0.0,0.0
2012-08-15 00:00:00-04:00,35.272969392285354,35.552867059013785,35.23128279576186,35.4694938659668,1193000,0.0,0.0
2012-08-16 00:00:00-04:00,35.42185707060887,35.58264923095703,35.1419593538825,35.58264923095703,2120000,0.0,0.0
2012-08-17 00:00:00-04:00,35.76130125708431,35.86849601514495,35.63028720859291,35.832763671875,1844700,0.0,0.0
2012-08-20 00:00:00-04:00,35.73749273419801,35.92210650082769,35.53501392528966,35.79704666137695,1422100,0.0,0.0
2012-08-21 00:00:00-04:00,35.82681987704658,35.981655532923085,35.6302976110591,35.92210388183594,1139400,0.0,0.0
2012-08-22 00:00:00-04:00,35.808953679189074,36.315149512325746,35.463547753143025,36.28537368774414,1977100,0.0,0.0
2012-08-23 00:00:00-04:00,36.18412710801231,36.69032512826151,36.041202265218,36.48784637451172,2026100,0.0,0.0
2012-08-24 00:00:00-04:00,36.3091974572087,36.35088406849999,35.75535845376735,36.21986770629883,1825000,0.0,0.0
2012-08-27 00:00:00-04:00,36.2615479042237,36.52358058228183,36.06502566742962,36.34492111206055,1797400,0.0,0.0
2012-08-28 00:00:00-04:00,36.26750734553354,36.547402812653615,36.08289360495457,36.398521423339844,1106500,0.0,0.0
2012-08-29 00:00:00-04:00,36.356830264759395,36.46998156039288,36.26154627839665,36.27941131591797,761100,0.0,0.0
2012-08-30 00:00:00-04:00,36.118632543037336,36.27346821659057,36.00548121260408,36.100765228271484,1054400,0.0,0.0
2012-08-31 00:00:00-04:00,36.21986528702756,36.21986528702756,35.755356065522534,35.96974563598633,2111400,0.0,0.0
2012-09-04 00:00:00-04:00,36.02333459497985,36.13648360990145,35.75534769464001,36.08884048461914,1217100,0.0,0.0
2012-09-05 00:00:00-04:00,36.160305553699295,36.1960356262884,35.701750690895224,35.92805099487305,1119900,0.0,0.0
2012-09-06 00:00:00-04:00,36.14244915384878,36.26751126090359,35.96974845013016,36.160316467285156,1465900,0.0,0.0
2012-09-07 00:00:00-04:00,36.416385467717724,36.606953447202386,36.065025329589844,36.065025329589844,1850700,0.0,0.0
2012-09-10 00:00:00-04:00,36.10075983466398,36.10075983466398,35.409950256347656,35.409950256347656,2216000,0.0,0.0
2012-09-11 00:00:00-04:00,35.54095935188393,35.72557306084546,35.17768846069311,35.35039138793945,1792800,0.0,0.0
2012-09-12 00:00:00-04:00,35.43377827189643,35.45164331549362,35.136015429275446,35.28489685058594,1765000,0.0,0.0
2012-09-13 00:00:00-04:00,35.30870869337011,35.94592081924561,35.189603134793,35.83872604370117,2149400,0.0,0.0
2012-09-14 00:00:00-04:00,36.02333765442794,36.338965435106985,35.76130498661943,35.868499755859375,2231500,0.0,0.0
2012-09-17 00:00:00-04:00,35.80299361495126,36.08884559185063,35.80299361495126,35.87445831298828,1093400,0.0,0.0
2012-09-18 00:00:00-04:00,35.74939817453239,36.0590717343117,35.39803800783564,35.59456253051758,1349900,0.0,0.0
2012-09-19 00:00:00-04:00,35.50353216771671,35.80298841686323,35.257978134803366,35.40171813964844,1478200,0.338,0.0
2012-09-20 00:00:00-04:00,35.25198327172604,35.26396179356091,34.41350502064028,34.4674072265625,2490100,0.0,0.0
2012-09-21 00:00:00-04:00,34.55125454436561,34.55125454436561,34.28773391839085,34.395538330078125,2945800,0.0,0.0
2012-09-24 00:00:00-04:00,34.10207923000225,34.80879621049153,33.99427478994999,34.58121109008789,1793700,0.0,0.0
2012-09-25 00:00:00-04:00,34.623130902984684,34.694999760071134,34.11405392989207,34.132022857666016,1763300,0.0,0.0
2012-09-26 00:00:00-04:00,34.06015014454251,34.63510782871773,34.06015014454251,34.365596771240234,1661800,0.0,0.0
2012-09-27 00:00:00-04:00,34.42549255015905,35.10226436056048,34.29972146498808,34.58121109008789,2558900,0.0,0.0
2012-09-28 00:00:00-04:00,34.407524892746025,34.61115524189046,34.29972045586544,34.45543670654297,1648600,0.0,0.0
2012-10-01 00:00:00-04:00,34.515319245948625,34.617133248440815,33.83854765317766,34.26377487182617,1593000,0.0,0.0
2012-10-02 00:00:00-04:00,34.389555963485954,34.46741523115969,33.95235009599025,34.45543670654297,1604000,0.0,0.0
2012-10-03 00:00:00-04:00,34.443439635940734,34.718940984442504,34.126016900857834,34.21585464477539,1173300,0.0,0.0
2012-10-04 00:00:00-04:00,34.35960796883772,34.437467230108986,33.766685899421354,33.826576232910156,2029000,0.0,0.0
2012-10-05 00:00:00-04:00,33.97630524861309,34.29971854120139,33.844543769854184,34.06614303588867,1584600,0.0,0.0
2012-10-08 00:00:00-04:00,34.042176606081945,34.07212176536441,33.670851604707146,33.778656005859375,1169000,0.0,0.0
2012-10-09 00:00:00-04:00,33.8086008879591,33.934371926715826,33.437275889628644,33.44326400756836,1699300,0.0,0.0
2012-10-10 00:00:00-04:00,33.4971675879256,33.77266671788801,33.335460980860034,33.74272155761719,1463600,0.0,0.0
2012-10-11 00:00:00-04:00,33.910421784222756,34.018226206422455,33.61096556359462,33.652889251708984,1999200,0.0,0.0
2012-10-12 00:00:00-04:00,33.694824180217815,34.09609683774993,33.46723902158152,33.55108642578125,1559500,0.0,0.0
2012-10-15 00:00:00-04:00,33.61695178511424,33.71876579081962,33.39535256445657,33.66486358642578,1358300,0.0,0.0
2012-10-16 00:00:00-04:00,33.760684967041016,33.9223915586365,33.664859092540254,33.760684967041016,1239200,0.0,0.0
2012-10-17 00:00:00-04:00,34.18591791337479,34.18591791337479,33.61695072595921,33.772666931152344,1987700,0.0,0.0
2012-10-18 00:00:00-04:00,33.766684733992655,34.44944456474712,33.71877064111951,34.42548751831055,957400,0.0,0.0
2012-10-19 00:00:00-04:00,34.43745151919164,34.80877644369133,34.10805026594181,34.21585464477539,1717900,0.0,0.0
2012-10-22 00:00:00-04:00,33.712779626004,34.01223582672956,33.50315891469441,33.72475814819336,1543300,0.0,0.0
2012-10-23 00:00:00-04:00,33.44926464679624,33.85053723904391,33.32349356095878,33.71278762817383,1189800,0.0,0.0
2012-10-24 00:00:00-04:00,33.82658225255452,33.92240817399127,33.4193215152808,33.6109733581543,1243400,0.0,0.0
2012-10-25 00:00:00-04:00,34.096084586570576,34.16795343796542,33.425303309322985,33.7906379699707,1492200,0.0,0.0
2012-10-26 00:00:00-04:00,33.790645512221175,33.83257149328499,33.281570750486,33.57503890991211,1299500,0.0,0.0
2012-10-31 00:00:00-04:00,34.018215709289464,34.455421382335935,33.634912230710036,34.38355255126953,1837100,0.0,0.0
2012-11-01 00:00:00-04:00,34.28175286376341,34.82676315307617,34.1799365496703,34.82676315307617,2537000,0.0,0.0
2012-11-02 00:00:00-04:00,35.0243963924009,35.7011680347283,34.86868017581371,35.395721435546875,2600000,0.0,0.0
2012-11-05 00:00:00-05:00,35.22802762204344,35.24599426317199,34.820767002219974,35.07231140136719,1676600,0.0,0.0
2012-11-06 00:00:00-05:00,35.07230817131715,35.2459910171263,34.70697127088634,35.090274810791016,1811700,0.0,0.0
2012-11-07 00:00:00-05:00,35.01242240531779,35.09626978546871,34.700987647136,34.73692321777344,1821500,0.0,0.0
2012-11-08 00:00:00-05:00,34.62910324052495,34.82674536327608,34.21585464477539,34.21585464477539,1151800,0.0,0.0
2012-11-09 00:00:00-05:00,34.10206666669087,34.33564439053334,33.910414907129756,33.93437194824219,1672800,0.0,0.0
2012-11-12 00:00:00-05:00,34.02421568967775,34.03619421233914,33.56904096722336,33.71876907348633,1312300,0.0,0.0
2012-11-13 00:00:00-05:00,33.54507806314139,33.748708343481105,33.467221106444725,33.515132904052734,1143600,0.0,0.0
2012-11-14 00:00:00-05:00,33.622937159983096,33.622937159983096,32.52692880629892,32.64670944213867,1872100,0.0,0.0
2012-11-15 00:00:00-05:00,32.550895863289,32.760516624560296,32.33528926650059,32.50897216796875,1913200,0.0,0.0
2012-11-16 00:00:00-05:00,32.61078295380249,32.76051106444009,32.1615986218897,32.52693557739258,2094200,0.0,0.0
2012-11-19 00:00:00-05:00,32.80843275687005,33.08393429979972,32.65271648014488,32.760520935058594,1253900,0.0,0.0
2012-11-20 00:00:00-05:00,32.74853665666018,32.74853665666018,32.38319965524849,32.70062255859375,1707300,0.0,0.0
2012-11-21 00:00:00-05:00,32.5508877532145,32.77248698431857,32.29934564396487,32.37720489501953,1064100,0.0,0.0
2012-11-23 00:00:00-05:00,32.604789361460824,32.65270344882065,32.34725685357531,32.61676788330078,449800,0.0,0.0
2012-11-26 00:00:00-05:00,32.4011584793634,32.93419241068487,32.24544226757098,32.59880065917969,1496100,0.0,0.0
2012-11-27 00:00:00-05:00,32.04181564123922,33.94635738923037,31.892087530766137,33.08991241455078,5447800,0.0,0.0
2012-11-28 00:00:00-05:00,32.7964369053976,33.12584050177532,32.46104747587721,33.04798126220703,3209500,0.0,0.0
2012-11-29 00:00:00-05:00,33.41332319411533,33.59898457509223,33.012050699891056,33.389366149902344,18146200,0.0,0.0
2012-11-30 00:00:00-05:00,33.50315319900114,33.52711023929275,32.98210013833864,33.24562072753906,4000900,0.0,0.0
2012-12-03 00:00:00-05:00,33.39535365657367,33.46123438461721,32.97012641059917,33.06595230102539,2507200,0.0,0.0
2012-12-04 00:00:00-05:00,33.143800893971864,33.23962675358644,32.92220402198853,32.928192138671875,2519400,0.0,0.0
2012-12-05 00:00:00-05:00,33.12584418735372,33.12584418735372,32.54489845419973,32.59880065917969,2750600,0.0,0.0
2012-12-06 00:00:00-05:00,32.742547283104216,33.27558135986328,32.59880955371864,33.27558135986328,3445200,0.0,0.0
2012-12-07 00:00:00-05:00,33.2276584943549,33.37738658902197,32.886278621287545,33.00606155395508,2157000,0.0,0.0
2012-12-10 00:00:00-05:00,32.886278992390665,33.2276588693103,32.88029087379095,32.994083404541016,1708800,0.0,0.0
2012-12-11 00:00:00-05:00,33.08990983096036,33.14381203790889,32.80243215545806,32.940181732177734,1764700,0.0,0.0
2012-12-12 00:00:00-05:00,33.01204180794638,33.317488327714784,32.81440195809818,33.16176986694336,2015100,0.0,0.0
2012-12-13 00:00:00-05:00,33.09589284306374,33.35941571844886,32.88028633320653,33.018035888671875,1580100,0.0,0.0
2012-12-14 00:00:00-05:00,33.03601181013834,33.28755623599549,33.01804516710203,33.2336540222168,1410600,0.0,0.0
2012-12-17 00:00:00-05:00,33.36540947824804,33.48519241598097,33.03600811298462,33.37738800048828,1811200,0.0,0.0
2012-12-18 00:00:00-05:00,33.401350165482555,33.6828397696076,33.35343606917622,33.676849365234375,1923500,0.0,0.0
2012-12-19 00:00:00-05:00,33.72966984125352,33.84503833280498,33.61430366596633,33.63251876831055,1806300,0.767,0.0
2012-12-20 00:00:00-05:00,33.61429791536854,34.30649948120117,33.511073615127174,34.30649948120117,1978800,0.0,0.0
2012-12-21 00:00:00-05:00,33.78431893673871,34.591889147732594,33.78431893673871,34.37329864501953,4466600,0.0,0.0
2012-12-24 00:00:00-05:00,34.36116580234515,34.549397089814406,34.160790336690916,34.41581344604492,725700,0.0,0.0
2012-12-26 00:00:00-05:00,34.47651603519454,34.49473345215782,33.90575382273374,34.03326416015625,1868300,0.0,0.0
2012-12-27 00:00:00-05:00,34.06970159726779,34.32472230893618,33.911829647532144,34.26400375366211,1217500,0.0,0.0
2012-12-28 00:00:00-05:00,34.11828065326242,34.43402227973352,33.93005171636224,33.942195892333984,984500,0.0,0.0
2012-12-31 00:00:00-05:00,33.91789140636623,34.40971755981445,33.85109962842545,34.40971755981445,1297200,0.0,0.0
2013-01-02 00:00:00-05:00,34.93798759342656,34.9926352153329,34.40972647624386,34.616172790527344,1322300,0.0,0.0
2013-01-03 00:00:00-05:00,34.658676049225726,34.901552549708484,34.476515778533575,34.761898040771484,1358600,0.0,0.0
2013-01-04 00:00:00-05:00,34.780115134141845,35.32051810028989,34.58581299611702,34.749755859375,1585300,0.0,0.0
2013-01-07 00:00:00-05:00,34.77403962953781,35.06549279822071,34.53116083083679,35.01084518432617,1170200,0.0,0.0
2013-01-08 00:00:00-05:00,35.16264359807274,35.33873061003392,34.992629829979954,35.13835525512695,1303700,0.0,0.0
2013-01-09 00:00:00-05:00,35.22943314164752,35.33872836168604,35.05334614088949,35.217288970947266,1179000,0.0,0.0
2013-01-10 00:00:00-05:00,35.34480450273689,35.44195556640625,35.15657561977605,35.44195556640625,1040300,0.0,0.0
2013-01-11 00:00:00-05:00,35.49053811185387,35.49053811185387,35.0412129205852,35.308380126953125,945200,0.0,0.0
2013-01-14 00:00:00-05:00,35.308379992240546,35.58768905577367,35.26587653980135,35.472320556640625,849400,0.0,0.0
2013-01-15 00:00:00-05:00,35.411595364063004,35.70304854742296,35.29015595859702,35.66661834716797,1122200,0.0,0.0
2013-01-16 00:00:00-05:00,35.599836361959774,35.6909142039426,35.369101659660245,35.56947708129883,1133100,0.0,0.0
2013-01-17 00:00:00-05:00,35.654476605595214,35.70912422596709,35.478389571478715,35.50267791748047,1122900,0.0,0.0
2013-01-18 00:00:00-05:00,35.49660683481294,35.648405532173165,35.3448081374527,35.46624755859375,2114900,0.0,0.0
2013-01-22 00:00:00-05:00,35.42375930707461,35.526981353759766,35.387326770221755,35.526981353759766,1457300,0.0,0.0
2013-01-23 00:00:00-05:00,35.43588646095761,35.61197349674797,35.35087956540755,35.4541015625,1028400,0.0,0.0
2013-01-24 00:00:00-05:00,35.514815280187925,35.58160474448902,35.05334605970216,35.199073791503906,1730100,0.0,0.0
2013-01-25 00:00:00-05:00,35.302297594093616,35.508743873672216,35.14442799971649,35.27193832397461,1285200,0.0,0.0
2013-01-28 00:00:00-05:00,35.52089738995993,35.52089738995993,35.16872327838929,35.308380126953125,1554900,0.0,0.0
2013-01-29 00:00:00-05:00,35.247656321795596,35.49053515896485,35.0229949029858,35.06549835205078,2161400,0.0,0.0
2013-01-30 00:00:00-05:00,35.07156668039084,35.18086191738723,34.63438804866936,34.65260314941406,1833900,0.0,0.0
2013-01-31 00:00:00-05:00,34.61617367139112,34.64653526365053,33.60215949231542,33.63251876831055,3774600,0.0,0.0
2013-02-01 00:00:00-05:00,33.82074923124781,34.008978127978345,33.007108144896826,33.23176956176758,4389700,0.0,0.0
2013-02-04 00:00:00-05:00,33.26820453321925,33.42607416626408,32.9038862537656,33.06782913208008,2516500,0.0,0.0
2013-02-05 00:00:00-05:00,33.06782768185786,33.18319617427756,32.569928139745045,32.88566970825195,3834900,0.0,0.0
2013-02-06 00:00:00-05:00,32.89175000830688,33.972558616665985,32.89175000830688,33.535377502441406,3649400,0.0,0.0
2013-02-07 00:00:00-05:00,33.4928575637503,33.5353610049167,32.97066978226149,33.28641128540039,2570200,0.0,0.0
2013-02-08 00:00:00-05:00,33.4321437917029,33.99076185027786,33.4321437917029,33.66287612915039,3280200,0.0,0.0
2013-02-11 00:00:00-05:00,33.662883685405696,34.41580636408386,33.65073950971971,34.282222747802734,3843700,0.0,0.0
2013-02-12 00:00:00-05:00,34.324714635873626,34.9258383902731,34.215419407800994,34.907623291015625,2872500,0.0,0.0
2013-02-13 00:00:00-05:00,34.877263351359396,35.059423617594206,34.74368209005493,35.00477600097656,2078500,0.0,0.0
2013-02-14 00:00:00-05:00,34.859054128869204,35.16872246440674,34.859054128869204,34.95013427734375,1985200,0.0,0.0
2013-02-15 00:00:00-05:00,34.97442072829284,35.022997425731425,34.74368836425281,34.91977310180664,3554800,0.0,0.0
2013-02-19 00:00:00-05:00,34.974422132020045,35.217300996432286,34.78619321255186,34.9622802734375,1534600,0.0,0.0
2013-02-20 00:00:00-05:00,34.96835371934593,35.27802209330658,34.84084334867181,34.87727355957031,1627100,0.0,0.0
2013-02-21 00:00:00-05:00,34.792257491503044,34.89548179984009,34.45222992583765,34.6768913269043,1680700,0.0,0.0
2013-02-22 00:00:00-05:00,34.77404619954619,34.90155655063655,34.670821879903286,34.737613677978516,1456700,0.0,0.0
2013-02-25 00:00:00-05:00,34.846903241670844,34.859047413545596,33.984687884938985,34.00290298461914,2088200,0.0,0.0
2013-02-26 00:00:00-05:00,34.13648655897747,34.34293284832035,33.7782415955961,34.00290298461914,1550100,0.0,0.0
2013-02-27 00:00:00-05:00,33.923972572803414,34.16077817242359,33.86325401976492,33.9968376159668,1255600,0.0,0.0
2013-02-28 00:00:00-05:00,34.002908429385755,34.112203677495636,33.40785780982322,33.42000198364258,4089700,0.0,0.0
2013-03-01 00:00:00-05:00,33.41392259289334,33.717519933744676,33.26819716639248,33.60215377807617,2273400,0.0,0.0
2013-03-04 00:00:00-05:00,33.49893826734268,33.90576001528454,33.480723163316675,33.7903938293457,1665000,0.0,0.0
2013-03-05 00:00:00-05:00,33.80860447901679,34.203282000186896,33.70538016518564,34.087913513183594,1641300,0.0,0.0
2013-03-06 00:00:00-05:00,34.22150421142578,34.29436694933191,33.88147424075607,34.22150421142578,1452300,0.0,0.0
2013-03-07 00:00:00-05:00,34.148637691005725,34.324722428419236,33.456433650643966,33.54144287109375,2669400,0.0,0.0
2013-03-08 00:00:00-05:00,33.577871875990596,33.577871875990596,33.09818742952654,33.35321044921875,2239300,0.0,0.0
2013-03-11 00:00:00-04:00,33.34712982527702,33.37749141147916,33.09818010576071,33.28641128540039,1464600,0.0,0.0
2013-03-12 00:00:00-04:00,33.26212434825779,33.462499707591356,33.061751305188146,33.3896369934082,2489400,0.0,0.0
2013-03-13 00:00:00-04:00,33.462508668222455,33.753961919264675,33.25606232586781,33.675025939941406,2428500,0.0,0.0
2013-03-14 00:00:00-04:00,33.76001606679068,34.33078042642404,33.602146502884395,34.23970031738281,2479600,0.0,0.0
2013-03-15 00:00:00-04:00,34.0636270811389,34.22756995377981,33.95433183271162,34.05755615234375,2493800,0.0,0.0
2013-03-18 00:00:00-04:00,33.88147383935021,34.21543056008351,33.57787639936273,33.753963470458984,2076000,0.0,0.0
2013-03-19 00:00:00-04:00,33.7721681416507,33.82681575661551,33.15890252150251,33.42606735229492,1733000,0.0,0.0
2013-03-20 00:00:00-04:00,33.4138287030595,33.664600520776055,33.322081948658635,33.585086822509766,1400600,0.4,0.0
2013-03-21 00:00:00-04:00,33.40160922102799,33.756358660229964,33.254814820974104,33.26704788208008,1453100,0.0,0.0
2013-03-22 00:00:00-04:00,33.27928018091075,33.49947060933911,33.156951905870805,33.43218994140625,1768200,0.0,0.0
2013-03-25 00:00:00-04:00,33.53004399331249,33.73800131066872,33.32820437149989,33.61567306518555,1961000,0.0,0.0
2013-03-26 00:00:00-04:00,33.68907839432089,34.00101326839377,33.682960697509394,33.878684997558594,2124600,0.0,0.0
2013-03-27 00:00:00-04:00,33.86034446232526,33.86034446232526,33.62180556189173,33.67685317993164,1281900,0.0,0.0
2013-03-28 00:00:00-04:00,33.69520160820553,33.83587833581458,33.481128834282686,33.67685317993164,2042300,0.0,0.0
2013-04-01 00:00:00-04:00,33.62180914595477,33.976558685302734,33.45666627423092,33.976558685302734,1319000,0.0,0.0
2013-04-02 00:00:00-04:00,34.141689380100686,34.319065253121295,33.92761665970869,33.96431350708008,2049700,0.0,0.0
2013-04-03 00:00:00-04:00,34.141684646371004,34.27012826079755,33.97042649380227,34.20896530151367,1180500,0.0,0.0
2013-04-04 00:00:00-04:00,34.33741409493249,35.23040650118114,34.28236648998743,35.18147659301758,1870300,0.0,0.0
2013-04-05 00:00:00-04:00,34.967406821651196,35.591278994245855,34.869544657315835,35.40167236328125,2109900,0.0,0.0
2013-04-08 00:00:00-04:00,35.35273465033208,35.652438794721526,35.23040638051562,35.481178283691406,1807800,0.0,0.0
2013-04-09 00:00:00-04:00,35.517878457037504,35.82981567044647,35.26099118314093,35.6646728515625,1456100,0.0,0.0
2013-04-10 00:00:00-04:00,35.65855502023801,35.774767929320824,35.49952989888487,35.68913650512695,1203300,0.0,0.0
2013-04-11 00:00:00-04:00,35.7380708456829,36.34359221497401,35.65855711372926,36.09893798828125,2348200,0.0,0.0
2013-04-12 00:00:00-04:00,36.16621263955869,36.172328002590596,35.829811675584196,36.141746520996094,1500400,0.0,0.0
2013-04-15 00:00:00-04:00,35.89097999985981,36.14175191954086,35.39555152444307,35.413902282714844,1579700,0.0,0.0
2013-04-16 00:00:00-04:00,35.542337629840226,35.8787385655559,35.334380305962256,35.799224853515625,1597500,0.0,0.0
2013-04-17 00:00:00-04:00,35.49341431440676,35.560694985097356,35.02245195279046,35.273223876953125,1762000,0.0,0.0
2013-04-18 00:00:00-04:00,35.242639749025614,35.67078753051866,35.14477759896015,35.377201080322266,1804300,0.0,0.0
2013-04-19 00:00:00-04:00,35.523991473505006,35.64020203449674,35.13254058408654,35.45671081542969,1665400,0.0,0.0
2013-04-22 00:00:00-04:00,35.49342037463422,35.57293412022836,35.181485423793,35.23041534423828,1191100,0.0,0.0
2013-04-23 00:00:00-04:00,35.3894311693337,35.51175942994892,35.053030202554964,35.30991744995117,1481400,0.0,0.0
2013-04-24 00:00:00-04:00,35.35273063911555,35.59126945492267,35.163124058970105,35.28544998168945,1411200,0.0,0.0
2013-04-25 00:00:00-04:00,35.248757068677996,35.33438615741683,34.906238380504966,34.98575210571289,1802700,0.0,0.0
2013-04-26 00:00:00-04:00,35.034682585656945,35.08973019120468,34.508672651138085,34.62488555908203,2142100,0.0,0.0
2013-04-29 00:00:00-04:00,34.759442133094886,35.040795485951314,34.48420414303213,34.99186325073242,1172500,0.0,0.0
2013-04-30 00:00:00-04:00,34.9674038051672,35.51176452636719,34.85731092135294,35.51176452636719,2161900,0.0,0.0
2013-05-01 00:00:00-04:00,35.27932744302391,35.78698645206012,34.59429261561851,34.802249908447266,2343400,0.0,0.0
2013-05-02 00:00:00-04:00,34.90012042192461,35.10196006848412,34.51478721803418,34.637115478515625,1557200,0.0,0.0
2013-05-03 00:00:00-04:00,34.74109671300683,34.7777958950564,34.19062298156978,34.26401901245117,2222000,0.0,0.0
2013-05-06 00:00:00-04:00,34.20896686047591,34.48420485623112,34.19673380141819,34.42915725708008,1630400,0.0,0.0
2013-05-07 00:00:00-04:00,34.52090957532485,35.07750105672873,34.343536011567814,34.997989654541016,1631000,0.0,0.0
2013-05-08 00:00:00-04:00,34.92459037755769,35.34050513674357,34.900126587713395,35.18759536743164,1574400,0.0,0.0
2013-05-09 00:00:00-04:00,35.24875842556315,35.25487378932948,34.88177360270421,35.01021957397461,1926100,0.0,0.0
2013-05-10 00:00:00-04:00,35.08973016893785,35.29768753051758,34.86953974688664,35.29768753051758,1241100,0.0,0.0
2013-05-13 00:00:00-04:00,35.21817866633622,35.94602831752412,35.10808344740455,35.92156219482422,2736700,0.0,0.0
2013-05-14 00:00:00-04:00,35.84815993072232,36.41086665573297,35.84815993072232,36.22126007080078,4237400,0.0,0.0
2013-05-15 00:00:00-04:00,36.25185098913878,36.35582851978556,36.08670814644852,36.1845703125,3136600,0.0,0.0
2013-05-16 00:00:00-04:00,36.07446750159691,36.69833955400104,36.05611907844954,36.459800720214844,1739600,0.0,0.0
2013-05-17 00:00:00-04:00,36.44757080078125,36.59436519826113,36.17845046082223,36.44757080078125,2497600,0.0,0.0
2013-05-20 00:00:00-04:00,36.43533716239803,36.85736725698468,36.337475010035135,36.80843734741211,2198300,0.0,0.0
2013-05-21 00:00:00-04:00,36.826788312640545,37.2916353183488,36.759507640770835,37.157073974609375,2838400,0.0,0.0
2013-05-22 00:00:00-04:00,37.12650267704558,37.279412488455804,35.9276903155619,36.166229248046875,2960800,0.0,0.0
2013-05-23 00:00:00-04:00,35.725835974462605,36.89406643907743,35.505645548341654,36.80843734741211,10784300,0.0,0.0
2013-05-24 00:00:00-04:00,36.67999246120831,36.930764363927246,36.32524071270862,36.881832122802734,2630000,0.0,0.0
2013-05-28 00:00:00-04:00,37.193778210860984,37.248825828665645,36.178457297189254,36.33748245239258,3572300,0.0,0.0
2013-05-29 00:00:00-04:00,36.10506463105048,36.147879192426835,35.15090888241336,35.805362701416016,4289300,0.0,0.0
2013-05-30 00:00:00-04:00,35.799231428927726,35.829815246788044,35.0224495862736,35.12031173706055,2825400,0.0,0.0
2013-05-31 00:00:00-04:00,34.997979832644255,35.43224290690961,34.50866682890137,34.58818054199219,4255000,0.0,0.0
2013-06-03 00:00:00-04:00,34.6065379020822,35.212059243311934,34.31294911050794,35.01021957397461,3625200,0.0,0.0
2013-06-04 00:00:00-04:00,35.07138299387126,35.21817739153924,34.71663122721736,34.94905471801758,3006900,0.0,0.0
2013-06-05 00:00:00-04:00,34.95517761469427,35.16313501461404,34.64324034820554,34.69828796386719,2159800,0.0,0.0
2013-06-06 00:00:00-04:00,34.61875697108661,34.887879550527884,34.25177460503376,34.66157150268555,1871100,0.0,0.0
2013-06-07 00:00:00-04:00,34.79002959291807,34.83895950332923,34.080528392822806,34.6738166809082,2320400,0.0,0.0
2013-06-10 00:00:00-04:00,34.67381286817378,34.796141130577155,34.19061984816767,34.276248931884766,2159600,0.0,0.0
2013-06-11 00:00:00-04:00,34.025487852507005,34.14169845543624,33.65238758360489,33.71355056762695,1830100,0.0,0.0
2013-06-12 00:00:00-04:00,33.89703690384294,33.89703690384294,33.39549304179042,33.487239837646484,2008900,0.0,0.0
2013-06-13 00:00:00-04:00,33.41383943718839,34.60041826482554,33.39548868048295,34.520904541015625,1692900,0.0,0.0
2013-06-14 00:00:00-04:00,34.55761330358402,34.894014382373484,34.23344528825105,34.45975112915039,1400600,0.0,0.0
2013-06-17 00:00:00-04:00,34.679931716885704,34.808375346729186,34.23343552751244,34.50255584716797,1804300,0.0,0.0
2013-06-18 00:00:00-04:00,34.53313877209657,34.887890526341465,34.31294834990563,34.62488555908203,1612200,0.0,0.0
2013-06-19 00:00:00-04:00,34.59430200961387,34.753327119916634,33.468886178092696,33.64014434814453,1871700,0.0,0.0
2013-06-20 00:00:00-04:00,33.47995921453114,33.47995921453114,32.47568300682227,32.598907470703125,2242900,0.4,0.0
2013-06-21 00:00:00-04:00,32.91311991526994,34.096071201141015,32.87615422997781,33.720237731933594,3829400,0.0,0.0
2013-06-24 00:00:00-04:00,33.28279500788723,34.88470569840362,32.94392955608308,34.25010299682617,3679900,0.0,0.0
2013-06-25 00:00:00-04:00,34.39181767344234,34.88471319566196,34.12688588956594,34.749168395996094,2971900,0.0,0.0
2013-06-26 00:00:00-04:00,34.884709089094116,35.35296154281431,34.8600660786175,35.272865295410156,2661400,0.0,0.0
2013-06-27 00:00:00-04:00,35.51315956202696,36.22785873116802,35.42690313045482,35.99373245239258,3055200,0.0,0.0
2013-06-28 00:00:00-04:00,35.90746401894877,36.18471842083953,35.70414569110269,35.77191925048828,3592400,0.0,0.0
2013-07-01 00:00:00-04:00,35.944437190895066,36.16624074409392,35.35912278113388,35.414573669433594,2431300,0.0,0.0
2013-07-02 00:00:00-04:00,35.38376257235309,35.84585245200217,35.37143989352517,35.63637161254883,2738000,0.0,0.0
2013-07-03 00:00:00-04:00,35.463859169420864,35.654854817414964,34.970961412545364,35.389923095703125,1273400,0.0,0.0
2013-07-05 00:00:00-04:00,35.43922394592902,35.59325395142229,34.58281749143626,35.34064483642578,1536800,0.0,0.0
2013-07-08 00:00:00-04:00,35.43921807950622,35.72263267862414,35.24822005819929,35.334476470947266,1447700,0.0,0.0
2013-07-09 00:00:00-04:00,35.46386355175815,36.006047390822786,35.31599373636081,35.71647262573242,1550400,0.0,0.0
2013-07-10 00:00:00-04:00,35.64253635330079,35.7164724357617,35.24205981637024,35.67950439453125,1890400,0.0,0.0
2013-07-11 00:00:00-04:00,36.0738187849639,36.52358601883042,36.018367901319486,36.40036392211914,1946200,0.0,0.0
2013-07-12 00:00:00-04:00,36.41267879974768,36.51742038664311,35.98755698899801,36.123104095458984,1287700,0.0,0.0
2013-07-15 00:00:00-04:00,35.83969218737658,36.2216882040911,35.722630256628406,36.11078643798828,847500,0.0,0.0
2013-07-16 00:00:00-04:00,36.11078739210387,36.5235865932629,36.01220830299792,36.19088363647461,1917200,0.0,0.0
2013-07-17 00:00:00-04:00,36.197052001953125,36.33875932775319,35.956765564713386,36.197052001953125,1131500,0.0,0.0
2013-07-18 00:00:00-04:00,36.14159670249402,36.59752650631067,36.08614581216917,36.40652847290039,1014100,0.0,0.0
2013-07-19 00:00:00-04:00,36.40036449461362,36.48662090379246,36.03685366285213,36.19088363647461,1471100,0.0,0.0
2013-07-22 00:00:00-04:00,36.184718010502884,36.388038686354,36.030688050122585,36.25865173339844,807900,0.0,0.0
2013-07-23 00:00:00-04:00,36.344921844268335,36.46814397083437,36.043021993434174,36.197052001953125,904400,0.0,0.0
2013-07-24 00:00:00-04:00,36.20936361874456,36.258651984245695,35.1927649330772,35.389923095703125,1886100,0.0,0.0
2013-07-25 00:00:00-04:00,35.32830196165463,35.77806903858811,35.2112400704999,35.56858825683594,1583000,0.0,0.0
2013-07-26 00:00:00-04:00,35.50699825099944,35.802735585561024,35.29135482870919,35.79041290283203,733300,0.0,0.0
2013-07-29 00:00:00-04:00,35.79655770507069,35.90745945172091,35.513143174880305,35.59939956665039,1427800,0.0,0.0
2013-07-30 00:00:00-04:00,35.8088853027751,36.09846238662961,35.43305181529858,35.52547073364258,1487200,0.0,0.0
2013-07-31 00:00:00-04:00,35.297503532726424,35.488499164507495,33.93587935320309,34.502708435058594,3363400,0.0,0.0
2013-08-01 00:00:00-04:00,34.66290294699949,34.83541810928331,34.1761700346026,34.29323196411133,2309900,0.0,0.0
2013-08-02 00:00:00-04:00,34.14536394115086,34.50271461351147,33.8126609793283,33.85578918457031,1993300,0.0,0.0
2013-08-05 00:00:00-04:00,33.97285092845303,33.97285092845303,33.609340093242615,33.81882095336914,1660800,0.0,0.0
2013-08-06 00:00:00-04:00,33.73256626259263,34.00365818644487,33.560053433805834,33.72640609741211,1688500,0.0,0.0
2013-08-07 00:00:00-04:00,33.6216691734236,33.76337649543852,33.38138274260215,33.42451095581055,1646400,0.0,0.0
2013-08-08 00:00:00-04:00,33.57853003807034,33.57853003807034,33.21501925190266,33.430660247802734,1776200,0.0,0.0
2013-08-09 00:00:00-04:00,33.276628326464966,33.62781876380228,33.07947018463621,33.39985275268555,1628200,0.0,0.0
2013-08-12 00:00:00-04:00,33.27046666723741,33.33207770242297,32.660507077534845,32.94392395019531,1431300,0.0,0.0
2013-08-13 00:00:00-04:00,32.943931774462264,32.98089746422891,32.33397203989272,32.44487380981445,1462000,0.0,0.0
2013-08-14 00:00:00-04:00,32.383259391447375,32.59274022947453,32.24771227557373,32.38941955566406,1073900,0.0,0.0
2013-08-15 00:00:00-04:00,32.1244907378934,32.16761894223478,31.55149905128842,31.908849716186523,1811800,0.0,0.0
2013-08-16 00:00:00-04:00,31.859570801181818,31.933506907713575,31.15719424131229,31.21880531311035,3952000,0.0,0.0
2013-08-19 00:00:00-04:00,31.077089437449686,31.372826731465285,30.97851033944449,31.083251953125,1936100,0.0,0.0
2013-08-20 00:00:00-04:00,31.1941484768636,31.80410580853849,31.169503118936554,31.61927032470703,1947200,0.0,0.0
2013-08-21 00:00:00-04:00,31.43443344687326,32.02590790902848,30.953860740160966,31.594623565673828,2208600,0.0,0.0
2013-08-22 00:00:00-04:00,31.656233723515907,32.032067150751075,31.31120581402076,31.94580841064453,1597100,0.0,0.0
2013-08-23 00:00:00-04:00,31.927329486753855,32.38941936047219,31.656237606950928,32.35245132446289,1869200,0.0,0.0
2013-08-26 00:00:00-04:00,32.389426587199026,32.85767907988403,32.358621058806605,32.598907470703125,1824400,0.0,0.0
2013-08-27 00:00:00-04:00,32.309327118388026,32.715966163516896,32.142974461247455,32.605064392089844,1640300,0.0,0.0
2013-08-28 00:00:00-04:00,32.53728893527939,32.53728893527939,31.951974629112186,32.0998420715332,1488000,0.0,0.0
2013-08-29 00:00:00-04:00,32.001262993148984,32.13681010729377,31.66856007254638,32.0998420715332,1070800,0.0,0.0
2013-08-30 00:00:00-04:00,32.192264429392154,32.377099927345625,31.902687327401487,31.970460891723633,1818400,0.0,0.0
2013-09-03 00:00:00-04:00,32.198418046911314,32.25386892005297,31.280400908612087,31.582298278808594,1634900,0.0,0.0
2013-09-04 00:00:00-04:00,31.674716333863984,32.229225050395215,31.42210732973539,32.03822708129883,1579100,0.0,0.0
2013-09-05 00:00:00-04:00,32.01974184188022,32.04438484386061,31.606940417099096,31.878034591674805,1233900,0.0,0.0
2013-09-06 00:00:00-04:00,32.13064325414929,32.80837398316096,32.13064325414929,32.67898941040039,2166900,0.0,0.0
2013-09-09 00:00:00-04:00,32.67900238469687,33.39370142552458,32.642034341955224,33.38753890991211,2168100,0.0,0.0
2013-09-10 00:00:00-04:00,33.40602023201879,33.56621036469833,33.25199026392621,33.51692199707031,1410800,0.0,0.0
2013-09-11 00:00:00-04:00,33.504592086362756,33.83113479614258,33.375205154854086,33.83113479614258,1709200,0.0,0.0
2013-09-12 00:00:00-04:00,33.81882006269621,34.02830091730572,33.6093392080867,33.714080810546875,1384500,0.0,0.0
2013-09-13 00:00:00-04:00,33.57853273005353,33.800336258081586,33.449148122140755,33.63398361206055,1381400,0.0,0.0
2013-09-16 00:00:00-04:00,34.01596626260632,34.28706042037726,33.560039025044304,33.7695198059082,1735600,0.0,0.0
2013-09-17 00:00:00-04:00,33.751044134405475,34.120717449153815,33.60317668875468,33.609336853027344,1619000,0.0,0.0
2013-09-18 00:00:00-04:00,33.68326353815965,35.10034075648187,33.46762257901158,34.804603576660156,3149900,0.0,0.0
2013-09-19 00:00:00-04:00,35.027987845012014,35.3382445976391,34.7487562942334,34.94111633300781,2451900,0.4,0.0
2013-09-20 00:00:00-04:00,35.05902030411774,35.13968773927896,34.59983917366732,34.810813903808594,5784600,0.0,0.0
2013-09-23 00:00:00-04:00,34.606051473027144,34.99697579098137,34.19651250038484,34.23994827270508,1155600,0.0,0.0
2013-09-24 00:00:00-04:00,34.2833833434117,34.3764613490914,33.644254963431955,33.68769073486328,1786200,0.0,0.0
2013-09-25 00:00:00-04:00,33.70630789203802,34.10343632722581,33.50774367444412,33.85523223876953,1290700,0.0,0.0
2013-09-26 00:00:00-04:00,33.83660184317417,34.059987091449486,33.706294570703996,33.9234733581543,1218000,0.0,0.0
2013-09-27 00:00:00-04:00,33.68769698392527,34.02277502604268,33.532568523730816,33.849029541015625,1003100,0.0,0.0
2013-09-30 00:00:00-04:00,33.650463857868026,34.10343865815641,33.104411038626644,33.24092483520508,1728400,0.0,0.0
2013-10-01 00:00:00-04:00,33.26573611553239,33.89245384093317,33.135428821202275,33.700096130371094,2152600,0.0,0.0
2013-10-02 00:00:00-04:00,33.56979649896046,33.88005340696221,33.15405337843285,33.55738830566406,1810200,0.0,0.0
2013-10-03 00:00:00-04:00,33.489124577945056,33.619431884635674,32.657636139377686,32.80035400390625,2069200,0.0,0.0
2013-10-04 00:00:00-04:00,32.76311709456729,32.96168125409843,32.378399331359645,32.657630920410156,1448800,0.0,0.0
2013-10-07 00:00:00-04:00,32.403226176129635,32.998918760118165,32.38460915551805,32.88722610473633,1346200,0.0,0.0
2013-10-08 00:00:00-04:00,32.83138126216501,32.86861293800043,32.3473813116647,32.3784065246582,1333200,0.0,0.0
2013-10-09 00:00:00-04:00,32.3846155501752,32.75071880020144,32.35359033245888,32.40323257446289,1095700,0.0,0.0
2013-10-10 00:00:00-04:00,32.6079956705637,33.23471585636033,32.477688356829674,33.22230529785156,1802400,0.0,0.0
2013-10-11 00:00:00-04:00,33.22230696866494,33.34641019292198,32.89343306932297,33.33399963378906,1265500,0.0,0.0
2013-10-14 00:00:00-04:00,33.129228127036,33.37122810637245,33.02994602353715,33.27815246582031,1259000,0.0,0.0
2013-10-15 00:00:00-04:00,33.09819527471815,33.501530058573806,33.023734306047025,33.27193832397461,1256700,0.0,0.0
2013-10-16 00:00:00-04:00,33.45810037319827,34.016563696853034,33.34641007553943,33.985538482666016,1554500,0.0,0.0
2013-10-17 00:00:00-04:00,34.09101427450157,34.56881000171574,33.82419325323818,34.500553131103516,1473600,0.0,0.0
2013-10-18 00:00:00-04:00,34.7611848619204,34.786005983090156,34.15308159569572,34.258567810058594,1483900,0.0,0.0
2013-10-21 00:00:00-04:00,34.20271081991621,34.30199290660547,33.94830032483301,34.15927505493164,1442300,0.0,0.0
2013-10-22 00:00:00-04:00,34.27096704668393,34.70532705534201,34.18409551836664,34.419891357421875,2067800,0.0,0.0
2013-10-23 00:00:00-04:00,34.382664287697715,34.543996809431306,34.097228551591854,34.46953582763672,1517900,0.0,0.0
2013-10-24 00:00:00-04:00,34.38266251936999,34.38266251936999,33.265738381607754,33.39604568481445,3471400,0.0,0.0
2013-10-25 00:00:00-04:00,33.38984639198955,34.16548859464342,33.2657431661505,34.072410583496094,2405700,0.0,0.0
2013-10-28 00:00:00-04:00,34.12824799167095,34.17168375429463,33.35260599186025,33.73732376098633,1684000,0.0,0.0
2013-10-29 00:00:00-04:00,33.7373249602128,33.78696718615961,33.178864120740975,33.41465759277344,1538400,0.0,0.0
2013-10-30 00:00:00-04:00,33.41465469260009,33.57598954585277,32.849987440358525,32.98029708862305,2162000,0.0,0.0
2013-10-31 00:00:00-04:00,33.25952097748088,33.42705989808843,32.117776100321755,32.49008560180664,2930200,0.0,0.0
2013-11-01 00:00:00-04:00,32.54594837806403,32.86240936574904,32.471487386915605,32.82518005371094,2133700,0.0,0.0
2013-11-04 00:00:00-05:00,32.83758581935601,33.12922803315143,32.76933129664002,33.116817474365234,1733800,0.0,0.0
2013-11-05 00:00:00-05:00,33.029939767288695,33.129221851982386,32.55835045676157,32.61419677734375,1300700,0.0,0.0
2013-11-06 00:00:00-05:00,32.65763961725759,32.893433140073796,32.626614402894624,32.67625427246094,1190100,0.0,0.0
2013-11-07 00:00:00-05:00,32.71348319781901,32.769329525802945,32.46527676965218,32.54594421386719,1687500,0.0,0.0
2013-11-08 00:00:00-05:00,32.39080792380568,32.49629409156865,31.633780632061672,32.08055114746094,1694400,0.0,0.0
2013-11-11 00:00:00-05:00,32.074352593245735,32.2729167896901,31.987481053185313,32.04953384399414,1252800,0.0,0.0
2013-11-12 00:00:00-05:00,31.91921888497408,32.02470742835732,31.571732782232935,31.826143264770508,1265200,0.0,0.0
2013-11-13 00:00:00-05:00,31.764092962990322,31.99368471829975,31.602760455138032,31.987478256225586,1895700,0.0,0.0
2013-11-14 00:00:00-05:00,32.254292391073314,32.539728041340126,32.10537047226941,32.31013870239258,1442100,0.0,0.0
2013-11-15 00:00:00-05:00,32.248091633676836,32.37219245649538,31.751678874116813,31.881988525390625,1609600,0.0,0.0
2013-11-18 00:00:00-05:00,32.01230618823339,32.09917773919939,31.522099731128396,31.782716751098633,1691300,0.0,0.0
2013-11-19 00:00:00-05:00,31.702044321110453,31.77650530067074,31.491069573129764,31.677223205566406,1316000,0.0,0.0
2013-11-20 00:00:00-05:00,31.664809535922256,31.987476905069034,31.29250230763762,31.422809600830078,1005700,0.0,0.0
2013-11-21 00:00:00-05:00,31.435227599132695,31.639998280115325,31.31733083458257,31.54071617126465,1097000,0.0,0.0
2013-11-22 00:00:00-05:00,31.639998280115325,31.652406472533496,31.422817039642336,31.54071617126465,2070100,0.0,0.0
2013-11-25 00:00:00-05:00,31.770306597601998,31.770306597601998,31.21184323843386,31.39799690246582,1440600,0.0,0.0
2013-11-26 00:00:00-05:00,31.416616964048586,31.608974743086108,31.075334819140004,31.57794952392578,2490300,0.0,0.0
2013-11-27 00:00:00-05:00,31.633794043105368,32.32876885396992,31.590358265368355,32.27292251586914,3602800,0.0,0.0
2013-11-29 00:00:00-05:00,32.37220133296695,32.37220133296695,31.788919257740634,31.981279373168945,1665800,0.0,0.0
2013-12-02 00:00:00-05:00,31.832347450606907,32.16742536527272,31.782707593103574,32.05573272705078,3862500,0.0,0.0
2013-12-03 00:00:00-05:00,31.919229830254977,32.39082165578876,31.8633834921542,32.27292251586914,2433500,0.0,0.0
2013-12-04 00:00:00-05:00,31.999896625704352,33.402259145797686,31.919229168548323,32.84379577636719,6087300,0.0,0.0
2013-12-05 00:00:00-05:00,32.84378830996904,32.943070401178794,32.42183883055966,32.65142822265625,1904900,0.0,0.0
2013-12-06 00:00:00-05:00,32.862415606333826,33.085800989272315,32.620415563841355,32.98651885986328,1860800,0.0,0.0
2013-12-09 00:00:00-05:00,32.88101589222504,33.203680873221224,32.88101589222504,33.18506622314453,1856200,0.0,0.0
2013-12-10 00:00:00-05:00,33.17886096053472,33.538757596083286,33.05475777455986,33.50773239135742,3630700,0.0,0.0
2013-12-11 00:00:00-05:00,33.43947962002233,33.49532594220358,32.91824806868789,32.97409439086914,3287200,0.0,0.0
2013-12-12 00:00:00-05:00,32.881022181770824,33.1974831289652,32.53973775127346,32.54594421386719,2765200,0.0,0.0
2013-12-13 00:00:00-05:00,32.57696029485324,32.71347402878971,32.19224256938921,32.397010803222656,2020800,0.0,0.0
2013-12-16 00:00:00-05:00,32.440458261363865,32.50871515295062,32.198458276335984,32.21086883544922,1785000,0.0,0.0
2013-12-17 00:00:00-05:00,32.11158939342691,32.19846094735389,31.857178828181205,32.030921936035156,1949100,0.0,0.0
2013-12-18 00:00:00-05:00,32.08056241828516,32.58317705762096,31.577945411877174,32.57697296142578,2711500,0.0,0.0
2013-12-19 00:00:00-05:00,32.558359357912,32.663845566144154,32.02471711913878,32.29153823852539,1641600,0.0,0.0
2013-12-20 00:00:00-05:00,32.136403765160125,32.34117204683406,32.04332576717172,32.24188995361328,2570600,0.0,0.0
2013-12-23 00:00:00-05:00,32.29773295626864,32.4590678205745,32.037118376027514,32.17362976074219,1706100,0.0,0.0
2013-12-24 00:00:00-05:00,32.205050426803986,32.46269073433352,32.17363134483644,32.368431091308594,869200,0.65,0.0
2013-12-26 00:00:00-05:00,32.54439277115799,32.68892251256376,32.406145889325046,32.52553939819336,1750700,0.0,0.0
2013-12-27 00:00:00-05:00,32.538097512149484,32.6574933814382,32.34329776267393,32.575801849365234,1290300,0.0,0.0
2013-12-30 00:00:00-05:00,32.563242928054514,32.8271685688141,32.525538580196574,32.71405792236328,1265600,0.0,0.0
2013-12-31 00:00:00-05:00,32.688913731385036,32.8711477726437,32.5003968322413,32.59465408325195,1676400,0.0,0.0
2014-01-02 00:00:00-05:00,32.51297659114531,32.87115954695477,32.39358067445996,32.670074462890625,1520600,0.0,0.0
2014-01-03 00:00:00-05:00,32.72034241649938,33.059674372805,32.61979988097806,32.946563720703125,1300200,0.0,0.0
2014-01-06 00:00:00-05:00,33.01568001627869,33.424132929672986,32.946556588610655,33.20419692993164,1562000,0.0,0.0
2014-01-07 00:00:00-05:00,33.2796007877476,33.41156237796393,33.16020731047412,33.26074981689453,1180200,0.0,0.0
2014-01-08 00:00:00-05:00,33.17905132582164,33.56237030029297,33.122496027996,33.56237030029297,2038800,0.0,0.0
2014-01-09 00:00:00-05:00,33.68805793093333,33.73832798836154,33.31730696855035,33.58123016357422,2154100,0.0,0.0
2014-01-10 00:00:00-05:00,33.750900129052965,33.86401076816566,33.49954501767587,33.662925720214844,2115300,0.0,0.0
2014-01-13 00:00:00-05:00,33.505827527273496,33.700629714185645,33.37386591539245,33.442989349365234,1917400,0.0,0.0
2014-01-14 00:00:00-05:00,33.512116919011,33.8137445250151,33.46184445278209,33.6126594543457,1816200,0.0,0.0
2014-01-15 00:00:00-05:00,33.7823118009523,33.895422415229966,33.68176929905241,33.79487991333008,1926000,0.0,0.0
2014-01-16 00:00:00-05:00,33.85773081232905,33.98969243690145,33.73833490684855,33.864013671875,1680100,0.0,0.0
2014-01-17 00:00:00-05:00,33.89542636789512,33.977117909315844,33.69434134064611,33.83258819580078,1794100,0.0,0.0
2014-01-21 00:00:00-05:00,34.0148127654532,34.28502114492906,33.895416915797114,34.197044372558594,2155800,0.0,0.0
2014-01-22 00:00:00-05:00,34.20962217243672,34.47354777005856,33.90171177185429,33.920562744140625,2342800,0.0,0.0
2014-01-23 00:00:00-05:00,33.75088895930261,33.82629762517005,33.60635927873978,33.78859329223633,2306300,0.0,0.0
2014-01-24 00:00:00-05:00,34.398137293128386,34.398137293128386,33.612648248590695,33.74460983276367,2667000,0.0,0.0
2014-01-27 00:00:00-05:00,33.66292551013875,33.9771211952415,33.43042137435711,33.53096389770508,4027300,0.0,0.0
2014-01-28 00:00:00-05:00,33.50582950416777,33.9017167602917,33.49326138842002,33.84516143798828,2243300,0.0,0.0
2014-01-29 00:00:00-05:00,33.688057376176566,34.02738924743867,33.593797724007366,33.901710510253906,3138300,0.0,0.0
2014-01-30 00:00:00-05:00,34.05880724155314,34.718617594236306,33.93312850839386,34.64949417114258,2690400,0.0,0.0
2014-01-31 00:00:00-05:00,34.360437637934055,34.94484175847001,34.259895122418335,34.80031204223633,3483600,0.0,0.0
2014-02-03 00:00:00-05:00,34.70605288518845,34.71862099944931,34.3164509315926,34.43584442138672,3092100,0.0,0.0
2014-02-04 00:00:00-05:00,34.57409078304529,34.87571832959245,34.40442483865202,34.80031204223633,3303500,0.0,0.0
2014-02-05 00:00:00-05:00,34.55523518947731,35.158490201899426,34.2850267657028,35.05166244506836,3253900,0.0,0.0
2014-02-06 00:00:00-05:00,34.98255624460165,35.516690497424676,34.969990523139785,35.491554260253906,3199000,0.0,0.0
2014-02-07 00:00:00-05:00,35.6926232160104,35.90627634105811,35.5418106554605,35.736610412597656,2175700,0.0,0.0
2014-02-10 00:00:00-05:00,35.7554671950024,36.245611659279916,35.67377565191527,36.19533920288086,2247100,0.0,0.0
2014-02-11 00:00:00-05:00,36.10735525766074,36.62892106789235,36.05708521167137,36.465538024902344,1986000,0.0,0.0
2014-02-12 00:00:00-05:00,36.47182607410672,36.578651428222656,36.33357924207697,36.578651428222656,2510700,0.0,0.0
2014-02-13 00:00:00-05:00,36.42155122392901,36.98710422934985,36.35871306649205,36.63520431518555,3557200,0.0,0.0
2014-02-14 00:00:00-05:00,36.64777797180452,36.91170354664668,36.57237169204494,36.811161041259766,1835700,0.0,0.0
2014-02-18 00:00:00-05:00,36.76087770623676,37.08764135128013,36.74202674115866,37.0750732421875,2255500,0.0,0.0
2014-02-19 00:00:00-05:00,36.980827008483494,37.288739799903794,36.672916614185766,36.754608154296875,2621600,0.0,0.0
2014-02-20 00:00:00-05:00,36.77346440887756,36.9682666026275,36.44670059861454,36.905426025390625,2025000,0.0,0.0
2014-02-21 00:00:00-05:00,36.88028848289998,37.08137352866085,36.660352463199914,36.89285659790039,1424300,0.0,0.0
2014-02-24 00:00:00-05:00,36.955695713500695,37.16934886582469,36.79231262207031,36.79231262207031,2066800,0.0,0.0
2014-02-25 00:00:00-05:00,36.880282299303765,37.131639762921985,36.71061637092983,36.94312286376953,1594800,0.0,0.0
2014-02-26 00:00:00-05:00,37.11278717986567,37.11278717986567,36.71690003085821,36.804874420166016,1551100,0.0,0.0
2014-02-27 00:00:00-05:00,36.792309895610686,36.95569297493372,36.44669516228935,36.672916412353516,1184200,0.0,0.0
2014-02-28 00:00:00-05:00,36.67920577719004,36.892858951581914,36.53467604114892,36.74204635620117,2544900,0.0,0.0
2014-03-03 00:00:00-05:00,36.672914068453025,36.95569061295994,36.57237156341972,36.77345657348633,1969500,0.0,0.0
2014-03-04 00:00:00-05:00,37.144208673326084,37.33272557652612,37.00596182565557,37.32644271850586,2001500,0.0,0.0
2014-03-05 00:00:00-05:00,37.29502163389846,37.32644311570156,36.74832188966411,36.91798782348633,2074300,0.0,0.0
2014-03-06 00:00:00-05:00,36.89913766241768,36.91170577599042,36.540954815523605,36.672916412353516,2023400,0.0,0.0
2014-03-07 00:00:00-05:00,36.55352545154077,36.660353232725214,36.14507249250654,36.603797912597656,1842800,0.0,0.0
2014-03-10 00:00:00-04:00,36.58493605499822,36.62892324677627,36.13249362857007,36.27702331542969,1643200,0.0,0.0
2014-03-11 00:00:00-04:00,36.28332040894598,36.57237987698489,36.25189892131845,36.49068832397461,1227600,0.0,0.0
2014-03-12 00:00:00-04:00,36.3964230564619,36.84258270263672,36.37757208448359,36.84258270263672,1625400,0.0,0.0
2014-03-13 00:00:00-04:00,36.83630556347015,36.94313335483758,36.33359289059638,36.38386535644531,1938700,0.0,0.0
2014-03-14 00:00:00-04:00,36.383862936834426,36.80488402326636,36.383862936834426,36.49068832397461,1233900,0.0,0.0
2014-03-17 00:00:00-04:00,36.64778394485346,36.87400521812535,36.509537078493345,36.679203033447266,920800,0.0,0.0
2014-03-18 00:00:00-04:00,36.65407182250667,36.74832909502978,36.471837739656486,36.704341888427734,890300,0.0,0.0
2014-03-19 00:00:00-04:00,36.64777486469147,36.89913230540909,35.88742208234789,35.99424743652344,1848100,0.0,0.0
2014-03-20 00:00:00-04:00,35.98791523950737,36.2731819152832,35.82309341873402,36.2731819152832,1519400,0.5,0.0
2014-03-21 00:00:00-04:00,36.387287893032706,36.64085638582723,36.19710850064752,36.2541618347168,1971600,0.0,0.0
2014-03-24 00:00:00-04:00,36.355596455610666,36.36827524533569,35.85479756174774,36.06399154663086,1772100,0.0,0.0
2014-03-25 00:00:00-04:00,36.20345107963122,36.735948087267154,36.20345107963122,36.65987777709961,1382200,0.0,0.0
2014-03-26 00:00:00-04:00,36.69157683079373,36.75496835858341,36.21613311767578,36.21613311767578,1562600,0.0,0.0
2014-03-27 00:00:00-04:00,36.16541274132714,36.35558971548089,35.93086122047856,36.2541618347168,1135200,0.0,0.0
2014-03-28 00:00:00-04:00,36.34292460145819,36.602833777547495,36.216139106680735,36.380958557128906,1039200,0.0,0.0
2014-03-31 00:00:00-04:00,36.55210279471121,36.98951002326513,36.27951494528117,36.76129913330078,2426100,0.0,0.0
2014-04-01 00:00:00-04:00,36.862737196291285,37.135325121107854,36.56479169283321,37.12264633178711,1922300,0.0,0.0
2014-04-02 00:00:00-04:00,37.03389282570913,37.61710501211024,36.89443098710391,37.54103469848633,2168300,0.0,0.0
2014-04-03 00:00:00-04:00,37.54103269889533,37.655139372369234,36.970499331525794,37.17335510253906,1964600,0.0,0.0
2014-04-04 00:00:00-04:00,37.3952322758802,37.65514139760935,37.13532315415105,37.50299835205078,1343300,0.0,0.0
2014-04-07 00:00:00-04:00,37.57905858607634,38.1686087998573,37.483971324059716,37.851646423339844,2048600,0.0,0.0
2014-04-08 00:00:00-04:00,37.66781868923111,38.098887840919,37.62344413698957,38.06719207763672,1823300,0.0,0.0
2014-04-09 00:00:00-04:00,38.130580932830014,38.25102578451862,37.819956690369075,38.054508209228516,1828400,0.0,0.0
2014-04-10 00:00:00-04:00,38.05451809657177,38.25103572292117,37.395237915017454,37.509342193603516,1781900,0.0,0.0
2014-04-11 00:00:00-04:00,37.116299507109375,37.496655868286524,36.52041101829931,36.59648132324219,3851500,0.0,0.0
2014-04-14 00:00:00-04:00,36.8817470764805,37.021211313949195,36.50773132727647,36.818355560302734,2024600,0.0,0.0
2014-04-15 00:00:00-04:00,36.76130663154019,37.05291151005507,36.64719995416799,36.773983001708984,2609000,0.0,0.0
2014-04-16 00:00:00-04:00,37.04022216796875,37.27477364096795,36.59647437331525,37.04022216796875,3333900,0.0,0.0
2014-04-17 00:00:00-04:00,36.881748881202654,36.95148100334918,36.25416220011539,36.450679779052734,3247500,0.0,0.0
2014-04-21 00:00:00-04:00,36.47602912693847,36.926115099709726,36.349243698743926,36.919776916503906,3147000,0.0,0.0
2014-04-22 00:00:00-04:00,36.89443406411145,36.89443406411145,36.48238186267261,36.850059509277344,1574000,0.0,0.0
2014-04-23 00:00:00-04:00,36.85639664889491,36.90077120246951,36.526755380746614,36.67255783081055,1811600,0.0,0.0
2014-04-24 00:00:00-04:00,36.65988392299874,37.12264888296551,36.55211541548211,37.10997009277344,1243300,0.0,0.0
2014-04-25 00:00:00-04:00,37.109964844088616,37.24942668001255,37.008536955129564,37.18603515625,1354500,0.0,0.0
2014-04-28 00:00:00-04:00,37.31282100228479,37.76924771636806,37.23041008596828,37.71853256225586,1764500,0.0,0.0
2014-04-29 00:00:00-04:00,37.857994441127914,37.857994441127914,37.541032002520296,37.60442352294922,1325100,0.0,0.0
2014-04-30 00:00:00-04:00,37.57273014062458,37.693175004354806,37.26210586710857,37.68049621582031,1318000,0.0,0.0
2014-05-01 00:00:00-04:00,36.767648192090206,37.8072847540529,36.767648192090206,37.77558898925781,1755200,0.0,0.0
2014-05-02 00:00:00-04:00,37.66147028947322,38.174950221016445,37.59173817822563,38.168609619140625,1721000,0.0,0.0
2014-05-05 00:00:00-04:00,38.029161151659046,38.54263884504723,37.99112478175803,38.53630065917969,2001900,0.0,0.0
2014-05-06 00:00:00-04:00,38.39682919751991,38.701112845051625,38.22566919236492,38.61870193481445,2445600,0.0,0.0
2014-05-07 00:00:00-04:00,38.73279796543549,39.23993965691346,38.510925289086984,39.01172637939453,1575400,0.0,0.0
2014-05-08 00:00:00-04:00,38.94200425871926,39.33503699396122,38.94200425871926,39.1258430480957,1208900,0.0,0.0
2014-05-09 00:00:00-04:00,39.2336109429127,39.33503882829319,38.96736365062573,39.17021942138672,1049500,0.0,0.0
2014-05-12 00:00:00-04:00,39.26530169708319,39.525210771370006,39.094141708909255,39.49351501464844,1278200,0.0,0.0
2014-05-13 00:00:00-04:00,39.252626663135615,39.66467879460014,38.97370059179794,39.119503021240234,1652000,0.0,0.0
2014-05-14 00:00:00-04:00,39.138521866817456,39.233609144748364,38.80888064988116,39.04977035522461,1436500,0.0,0.0
2014-05-15 00:00:00-04:00,39.0561143659981,39.14486346710362,38.69477735822183,38.96736526489258,1409400,0.0,0.0
2014-05-16 00:00:00-04:00,38.91030891081913,39.265305287733604,38.903968307956255,39.208251953125,1531600,0.0,0.0
2014-05-19 00:00:00-04:00,39.18288945423225,39.316013070630326,38.948335556885944,39.068782806396484,1126700,0.0,0.0
2014-05-20 00:00:00-04:00,39.151209344206386,39.21460329904499,38.726480728832264,38.92933654785156,1188100,0.0,0.0
2014-05-21 00:00:00-04:00,38.96737403983131,39.11951469934895,38.62505392856835,38.694786071777344,1013900,0.0,0.0
2014-05-22 00:00:00-04:00,38.72014409111839,38.80255260835642,38.39050276746964,38.44121551513672,1300200,0.0,0.0
2014-05-23 00:00:00-04:00,38.56164719637781,38.66941325288897,38.37780842184924,38.656734466552734,1209000,0.0,0.0
2014-05-27 00:00:00-04:00,38.75182115913537,38.99905142800103,38.6947678341486,38.9356575012207,1419800,0.0,0.0
2014-05-28 00:00:00-04:00,38.8722783229627,38.922993480473814,38.47290492137402,38.78986740112305,1491800,0.0,0.0
2014-05-29 00:00:00-04:00,38.77718639089712,39.09414885249307,38.713794865870604,39.0370979309082,1263400,0.0,0.0
2014-05-30 00:00:00-04:00,39.068785764527036,39.25262211708757,38.973696078053756,39.176551818847656,1823500,0.0,0.0
2014-06-02 00:00:00-04:00,39.182896602868496,39.55057176546155,39.07512811881491,39.37307357788086,1144200,0.0,0.0
2014-06-03 00:00:00-04:00,39.32869831082081,39.569588012917436,39.22092982874062,39.43012619018555,1029600,0.0,0.0
2014-06-04 00:00:00-04:00,39.34137908326995,39.474502728235485,39.227272410947634,39.3857536315918,854800,0.0,0.0
2014-06-05 00:00:00-04:00,39.423793367516865,40.083075922608764,39.23995696242336,40.0513801574707,1280000,0.0,0.0
2014-06-06 00:00:00-04:00,40.089412677579766,40.0957508627061,39.575932626007805,39.715396881103516,1069700,0.0,0.0
2014-06-09 00:00:00-04:00,39.63932063591288,39.77244669407976,38.98637880536441,39.1258430480957,1413900,0.0,0.0
2014-06-10 00:00:00-04:00,39.03074889677246,39.18923009333828,38.593341664814,38.72012710571289,1284300,0.0,0.0
2014-06-11 00:00:00-04:00,38.66941617076744,39.037093747568434,38.52361374424576,38.840576171875,1002000,0.0,0.0
2014-06-12 00:00:00-04:00,38.73279881497408,38.85324605754577,38.365123740642105,38.82788848876953,1145000,0.0,0.0
2014-06-13 00:00:00-04:00,38.91665160527095,39.252631048994374,38.47290366447309,39.15120315551758,1283600,0.0,0.0
2014-06-16 00:00:00-04:00,39.04343447650249,39.17655812440671,38.72013384327346,38.865936279296875,1366100,0.0,0.0
2014-06-17 00:00:00-04:00,38.75816582240484,38.98004097588317,38.63138036587886,38.87227249145508,1061300,0.0,0.0
2014-06-18 00:00:00-04:00,38.815210530616504,39.29065407325252,38.453873631671605,39.18288803100586,1694600,0.0,0.0
2014-06-19 00:00:00-04:00,39.32989288118764,39.598311515395785,39.11899043606431,39.58552932739258,1846900,0.5,0.0
2014-06-20 00:00:00-04:00,39.591923858755514,39.74530524748201,39.45771453413152,39.67500686645508,2714500,0.0,0.0
2014-06-23 00:00:00-04:00,39.58552637618216,39.809210992632394,39.5727441891319,39.59830856323242,1588700,0.0,0.0
2014-06-24 00:00:00-04:00,39.572741131032934,39.92424515286938,39.55996138292316,39.809207916259766,1554400,0.0,0.0
2014-06-25 00:00:00-04:00,39.777255002772876,40.29492014690725,39.777255002772876,40.26935577392578,1783700,0.0,0.0
2014-06-26 00:00:00-04:00,40.36522330402615,40.36522330402615,40.02011156253946,40.237403869628906,1731200,0.0,0.0
2014-06-27 00:00:00-04:00,40.10318396028151,40.60806925182229,40.10318396028151,40.60167694091797,1439800,0.0,0.0
2014-06-30 00:00:00-04:00,40.47386090815832,40.595288000655096,40.026494214716614,40.26295852661133,2018200,0.0,0.0
2014-07-01 00:00:00-04:00,40.397171531847064,40.60807393285999,40.17348938345691,40.461082458496094,1389900,0.0,0.0
2014-07-02 00:00:00-04:00,40.48026299719182,40.56334600026324,40.218234237923305,40.55056381225586,823000,0.0,0.0
2014-07-03 00:00:00-04:00,40.50582515982343,40.5313870964883,40.103194792428006,40.384395599365234,786400,0.0,0.0
2014-07-07 00:00:00-04:00,40.35244135006943,40.51221503450141,40.26935835153797,40.384395599365234,1426400,0.0,0.0
2014-07-08 00:00:00-04:00,40.499428655825675,40.82536830358843,40.37160923391779,40.58890151977539,2663100,0.0,0.0
2014-07-09 00:00:00-04:00,40.678384101441736,40.75507479312988,40.34605452018892,40.640037536621094,2147100,0.0,0.0
2014-07-10 00:00:00-04:00,40.371612047338104,40.965970328369686,40.307703550906844,40.77424240112305,3383600,0.0,0.0
2014-07-11 00:00:00-04:00,40.838149057694025,41.03626683864972,40.64641871257836,41.02348709106445,1105400,0.0,0.0
2014-07-14 00:00:00-04:00,41.04267129154245,41.18327293609902,40.83816113834378,41.074623107910156,1274700,0.0,0.0
2014-07-15 00:00:00-04:00,41.10017739700582,41.34303649649642,40.978752723166,41.3046875,1527600,0.0,0.0
2014-07-16 00:00:00-04:00,41.36220966399195,41.496418965558306,41.183263928570135,41.46446228027344,924100,0.0,0.0
2014-07-17 00:00:00-04:00,41.247175397839605,41.52198633302884,41.17687458586753,41.22161102294922,974700,0.0,0.0
2014-07-18 00:00:00-04:00,41.15769885729425,41.53476238254977,41.093790363714305,41.41333770751953,1320400,0.0,0.0
2014-07-21 00:00:00-04:00,41.413332000815,41.49002023218118,41.18964499025071,41.34941864013672,857900,0.0,0.0
2014-07-22 00:00:00-04:00,41.50919996923964,41.77123114396287,41.40694734986634,41.6625862121582,1055000,0.0,0.0
2014-07-23 00:00:00-04:00,41.58589662557826,41.7840144446396,41.55393993661074,41.745670318603516,878000,0.0,0.0
2014-07-24 00:00:00-04:00,41.796785562968786,42.0971607889279,41.73926451659778,42.07798385620117,1749300,0.0,0.0
2014-07-25 00:00:00-04:00,41.937390258378244,41.95656231662253,41.41972030625766,41.43889236450195,1571700,0.0,0.0
2014-07-28 00:00:00-04:00,41.291910572519,42.09717129127646,41.291910572519,41.95656967163086,1148300,0.0,0.0
2014-07-29 00:00:00-04:00,42.14829020854536,42.14829020854536,41.66258178529615,41.796791076660156,1028500,0.0,0.0
2014-07-30 00:00:00-04:00,41.77121498187844,42.672335649811835,41.59865674433758,42.429481506347656,2217100,0.0,0.0
2014-07-31 00:00:00-04:00,42.20580783698657,42.33362480622451,41.304682113373154,41.317466735839844,3608000,0.0,0.0
2014-08-01 00:00:00-04:00,41.176864451291536,41.547540482111316,40.97235437840903,40.98513412475586,2478100,0.0,0.0
2014-08-04 00:00:00-04:00,41.112964720671116,41.75844688056081,40.79980723355054,41.61145782470703,1567200,0.0,0.0
2014-08-05 00:00:00-04:00,41.368604104502836,41.54115753656384,40.914842554460144,41.132137298583984,1415200,0.0,0.0
2014-08-06 00:00:00-04:00,41.330249433682845,41.336641745372646,40.953185934372456,41.227996826171875,1660000,0.0,0.0
2014-08-07 00:00:00-04:00,41.47724012383322,41.47724012383322,41.12573614678781,41.24716567993164,1265100,0.0,0.0
2014-08-08 00:00:00-04:00,41.43251132504527,41.62423681299018,41.08100728328772,41.55393600463867,1368900,0.0,0.0
2014-08-11 00:00:00-04:00,41.54115604991282,41.88626777759001,41.483639866586124,41.64341354370117,1118600,0.0,0.0
2014-08-12 00:00:00-04:00,41.57949029500881,41.790392668918614,41.4580656448614,41.477237701416016,1092700,0.0,0.0
2014-08-13 00:00:00-04:00,41.656191178045304,42.24415710976676,41.61145474576009,42.129119873046875,1108500,0.0,0.0
2014-08-14 00:00:00-04:00,42.25055126556205,42.25055126556205,41.95017597457945,42.03325653076172,937600,0.0,0.0
2014-08-15 00:00:00-04:00,42.09716042268601,42.161068903505345,41.68174798350352,41.975730895996094,2729900,0.0,0.0
2014-08-18 00:00:00-04:00,42.256942616039105,42.69791463608415,42.13551306477028,42.68513488769531,1318700,0.0,0.0
2014-08-19 00:00:00-04:00,42.704310250873974,42.75543900019454,42.33363413215868,42.69791793823242,801300,0.0,0.0
2014-08-20 00:00:00-04:00,42.69153219615427,43.01746701522275,42.37198481407499,42.87686538696289,1069300,0.0,0.0
2014-08-21 00:00:00-04:00,42.9088117450086,43.094149767102195,42.77460246195563,42.88324737548828,1196400,0.0,0.0
2014-08-22 00:00:00-04:00,42.80016691213366,42.92798388407119,42.3080613307738,42.455055236816406,1063200,0.0,0.0
2014-08-25 00:00:00-04:00,42.64679012005826,42.64679012005826,42.07160393317039,42.35280227661133,1063300,0.0,0.0
2014-08-26 00:00:00-04:00,42.54452869965327,42.58926512806049,42.282502440669575,42.32084655761719,850800,0.0,0.0
2014-08-27 00:00:00-04:00,42.320845947357505,42.59565682529768,42.18663666407113,42.301673889160156,774000,0.0,0.0
2014-08-28 00:00:00-04:00,42.27610951959538,42.43588317244653,42.071599438982105,42.301673889160156,1049300,0.0,0.0
2014-08-29 00:00:00-04:00,42.46145309188468,42.576490332009506,42.26972273304144,42.48062515258789,2211200,0.0,0.0
2014-09-02 00:00:00-04:00,42.582880129799385,42.61483681668065,42.21859632851982,42.37198257446289,1363100,0.0,0.0
2014-09-03 00:00:00-04:00,42.53174748258475,42.602048278495516,42.0204698533982,42.51896286010742,1526900,0.0,0.0
2014-09-04 00:00:00-04:00,42.455058442704505,42.68513291028951,42.18663985582377,42.43588638305664,1458500,0.0,0.0
2014-09-05 00:00:00-04:00,42.333628684895665,42.99828771282065,42.333628684895665,42.98550796508789,1657300,0.0,0.0
2014-09-08 00:00:00-04:00,43.087762546593545,43.40092245328878,42.99828968065363,43.23475646972656,2142300,0.0,0.0
2014-09-09 00:00:00-04:00,43.074992059072265,43.15168031727645,42.80018109005866,42.915218353271484,1563500,0.0,0.0
2014-09-10 00:00:00-04:00,42.774602635072526,42.774602635072526,41.234382277598144,41.2855110168457,3964100,0.0,0.0
2014-09-11 00:00:00-04:00,41.12573812902031,41.464457500005686,41.081001700322346,41.34303283691406,2421300,0.0,0.0
2014-09-12 00:00:00-04:00,41.34304030224365,41.34304030224365,39.83477632535697,40.032894134521484,3324100,0.0,0.0
2014-09-15 00:00:00-04:00,39.86034224937927,40.22462609268266,39.57274909994155,39.681396484375,2141300,0.0,0.0
2014-09-16 00:00:00-04:00,39.70056726728787,40.135151915092024,39.694177392152426,39.94981384277344,2374900,0.0,0.0
2014-09-17 00:00:00-04:00,40.07762650971374,40.24379249057328,39.770861358072324,39.809207916259766,2353400,0.0,0.0
2014-09-18 00:00:00-04:00,40.53722770251639,40.53722770251639,39.519288395102095,39.557945251464844,2269100,0.5,0.0
2014-09-19 00:00:00-04:00,39.71257007905514,39.918735076326655,39.506405081783626,39.90584945678711,6185000,0.0,0.0
2014-09-22 00:00:00-04:00,39.73833772117765,40.1699948771178,39.6739120869921,39.989601135253906,3196400,0.0,0.0
2014-09-23 00:00:00-04:00,39.996053230367686,40.44059609423287,39.87364106000298,40.00249481201172,3133300,0.0,0.0
2014-09-24 00:00:00-04:00,39.9187328780261,40.22153877632857,39.19071384673791,39.21004104614258,3373500,0.0,0.0
2014-09-25 00:00:00-04:00,39.31956000008525,39.467740910815024,39.10050942385858,39.17137908935547,1922000,0.0,0.0
2014-09-26 00:00:00-04:00,39.11340000517489,39.59659965014711,38.93944783806323,39.557945251464844,1597900,0.0,0.0
2014-09-29 00:00:00-04:00,39.28735002036426,39.654581533814,39.10695628257993,39.64813995361328,1442300,0.0,0.0
2014-09-30 00:00:00-04:00,39.6610302434375,39.83498242151125,39.24869778929196,39.67391586303711,2426200,0.0,0.0
2014-10-01 00:00:00-04:00,39.67391123523614,40.05402590952286,39.60304156454528,39.963829040527344,3198000,0.0,0.0
2014-10-02 00:00:00-04:00,40.02182220003249,40.27952970524383,39.88008528407907,40.08625030517578,2201500,0.0,0.0
2014-10-03 00:00:00-04:00,40.24086443189944,40.47280064657927,39.963829781885245,40.33750534057617,1871600,0.0,0.0
2014-10-06 00:00:00-04:00,40.40193867296394,40.89802401384899,40.40193867296394,40.61454772949219,2035400,0.0,0.0
2014-10-07 00:00:00-04:00,40.63386718925356,40.77560653326465,40.31817814191299,40.33750534057617,1496800,0.0,0.0
2014-10-08 00:00:00-04:00,40.47280918121602,41.10418986671892,40.46636759953007,40.95600891113281,3202600,0.0,0.0
2014-10-09 00:00:00-04:00,41.0461952469591,41.63247979455208,41.01398243145011,41.29745864868164,2538400,0.0,0.0
2014-10-10 00:00:00-04:00,41.413435152524805,42.27031047345064,41.32968230674589,41.948177337646484,3352100,0.0,0.0
2014-10-13 00:00:00-04:00,41.93528461456388,42.5022420166104,41.83220457851243,42.23809051513672,2920300,0.0,0.0
2014-10-14 00:00:00-04:00,42.39915473121473,43.42998452715032,42.23808819001989,42.98543930053711,4567500,0.0,0.0
2014-10-15 00:00:00-04:00,42.747060388197404,43.423541848536686,42.334730423059845,43.18516159057617,4291500,0.0,0.0
2014-10-16 00:00:00-04:00,42.85013724525293,43.10784465363813,42.05124378772283,42.70195388793945,3237200,0.0,0.0
2014-10-17 00:00:00-04:00,42.97254800552058,42.97254800552058,42.06413533721941,42.45713806152344,2990500,0.0,0.0
2014-10-20 00:00:00-04:00,42.47002909716526,43.29468909278225,42.386276256015854,43.28824996948242,1934300,0.0,0.0
2014-10-21 00:00:00-04:00,43.33334492246748,43.507294629430135,43.004767792248124,43.49441146850586,1947500,0.0,0.0
2014-10-22 00:00:00-04:00,43.571720264773305,43.777885247088,43.31401772340062,43.49441146850586,1978300,0.0,0.0
2014-10-23 00:00:00-04:00,43.655480764438714,44.00338511563971,43.44287173058901,43.855201721191406,2303500,0.0,0.0
2014-10-24 00:00:00-04:00,43.77145340596964,43.99694562486328,43.32690809203524,43.64259719848633,1678700,0.0,0.0
2014-10-27 00:00:00-04:00,43.70701217651367,43.906738020523164,43.48796405030002,43.70701217651367,1840300,0.0,0.0
2014-10-28 00:00:00-04:00,43.610375908043466,43.70057277300517,43.17871386531475,43.46219253540039,2411000,0.0,0.0
2014-10-29 00:00:00-04:00,43.58461076853929,44.04203919492185,43.275360820162874,43.6490364074707,2662900,0.0,0.0
2014-10-30 00:00:00-04:00,43.33333932782925,43.80365082893871,43.04986067048529,43.790767669677734,2270100,0.0,0.0
2014-10-31 00:00:00-04:00,44.18377690969995,44.82159906755917,43.79077413683695,44.815155029296875,3161700,0.0,0.0
2014-11-03 00:00:00-05:00,44.892480506243565,45.33058183102321,44.66054422163303,45.29836654663086,2202900,0.0,0.0
2014-11-04 00:00:00-05:00,45.1694968537618,45.29190898619073,44.666970080110815,45.040645599365234,1767700,0.0,0.0
2014-11-05 00:00:00-05:00,45.13728713989258,45.29191456263888,44.60898906724491,45.13728713989258,2132400,0.0,0.0
2014-11-06 00:00:00-05:00,45.137289222305846,45.36922545176482,44.64765044043567,44.770057678222656,1835100,0.0,0.0
2014-11-07 00:00:00-05:00,44.763613157675046,44.94400688875589,44.467246410487355,44.64120101928711,2021400,0.0,0.0
2014-11-10 00:00:00-05:00,44.447917056093495,45.394989013671875,44.447917056093495,45.394989013671875,2287500,0.0,0.0
2014-11-11 00:00:00-05:00,45.52386154513329,45.52386154513329,44.88603433505787,45.072872161865234,1603600,0.0,0.0
2014-11-12 00:00:00-05:00,44.96979255681477,45.10508789854783,44.518803169009125,44.65409851074219,1846400,0.0,0.0
2014-11-13 00:00:00-05:00,44.776504431382826,45.259704119491275,44.63476506974652,45.08575439453125,1590800,0.0,0.0
2014-11-14 00:00:00-05:00,45.15661294180341,45.21459945237946,44.480136420821026,44.62187576293945,1068200,0.0,0.0
2014-11-17 00:00:00-05:00,44.480121504258356,45.06640095916558,44.480121504258356,44.90533447265625,1586300,0.0,0.0
2014-11-18 00:00:00-05:00,44.77649464328015,45.33700792848834,44.61542811578634,45.214595794677734,1943000,0.0,0.0
2014-11-19 00:00:00-05:00,45.0342115259186,45.19527808723064,44.589666243781735,44.60255432128906,1405100,0.0,0.0
2014-11-20 00:00:00-05:00,44.60255092025113,44.83448222872276,44.41571313353258,44.815155029296875,1122000,0.0,0.0
2014-11-21 00:00:00-05:00,45.047103057529824,45.33058183102321,44.892480506243565,45.29836654663086,1843900,0.0,0.0
2014-11-24 00:00:00-05:00,45.22748401214748,45.61404765365236,45.00843586963154,45.13728713989258,1748500,0.0,0.0
2014-11-25 00:00:00-05:00,45.22749258930634,45.32413351801001,45.047098810585794,45.124412536621094,1727600,0.0,0.0
2014-11-26 00:00:00-05:00,45.2274980701011,45.84599812261143,45.12441800492432,45.76868438720703,1164200,0.0,0.0
2014-11-28 00:00:00-05:00,45.65915221583468,46.33562884850882,45.517412850313946,45.63982009887695,1700100,0.0,0.0
2014-12-01 00:00:00-05:00,45.69780505594695,46.04570941886292,45.465868814002974,45.51096725463867,1761600,0.0,0.0
2014-12-02 00:00:00-05:00,45.59471924842045,45.90396920370967,45.24681980734185,45.80088424682617,2648000,0.0,0.0
2014-12-03 00:00:00-05:00,45.768677850442536,45.878201940101185,45.51741439046717,45.72357940673828,1054200,0.0,0.0
2014-12-04 00:00:00-05:00,45.72357970285271,46.02638564769731,45.58184033161807,45.929744720458984,1220800,0.0,0.0
2014-12-05 00:00:00-05:00,45.62047376744724,45.70423149305767,45.08573672452278,45.285457611083984,2096000,0.0,0.0
2014-12-08 00:00:00-05:00,45.47231193003345,46.219658204739865,45.4272134903129,46.11013412475586,1576600,0.0,0.0
2014-12-09 00:00:00-05:00,45.94906618545247,46.715744553021146,45.85242527028112,46.53535079956055,1063400,0.0,0.0
2014-12-10 00:00:00-05:00,46.49025857311377,47.01211270326243,46.36784640318289,46.689979553222656,1823400,0.0,0.0
2014-12-11 00:00:00-05:00,46.96700893356014,46.9992192956949,46.483809263287625,46.567562103271484,1411800,0.0,0.0
2014-12-12 00:00:00-05:00,46.445158132148954,46.55468714572065,45.781564587822196,45.79445266723633,1824000,0.0,0.0
2014-12-15 00:00:00-05:00,45.80732685803682,45.994164650045015,45.18238784364829,45.324127197265625,1440000,0.0,0.0
2014-12-16 00:00:00-05:00,45.568945717594815,45.71068013785167,44.95688994246173,45.343448638916016,1575200,0.0,0.0
2014-12-17 00:00:00-05:00,45.50452283745896,46.78017215754257,45.317685037704415,46.561119079589844,2408500,0.0,0.0
2014-12-18 00:00:00-05:00,46.760840616953686,47.01854807253767,46.52246036035035,47.01210403442383,1346100,0.0,0.0
2014-12-19 00:00:00-05:00,47.21183184692499,47.66282118865515,46.87037150762284,47.26337432861328,3722300,0.0,0.0
2014-12-22 00:00:00-05:00,47.35355183352099,48.06224346292353,47.12161567620967,48.030033111572266,1937200,0.0,0.0
2014-12-23 00:00:00-05:00,48.185705354476994,48.46461056045613,47.6408650911121,47.81599426269531,1737300,0.5,0.0
2014-12-24 00:00:00-05:00,47.79655359377038,48.101404154093494,47.426842370273526,47.491703033447266,661500,0.0,0.0
2014-12-26 00:00:00-05:00,47.49168172402415,47.926253415703286,47.49168172402415,47.731666564941406,696100,0.0,0.0
2014-12-29 00:00:00-05:00,47.67979666505366,48.14680130121317,47.49818485066958,47.828975677490234,1049400,0.0,0.0
2014-12-30 00:00:00-05:00,47.74465737719357,47.96518459533634,47.13495632942105,47.277652740478516,1301500,0.0,0.0
2014-12-31 00:00:00-05:00,47.381418136999805,47.640860673205395,46.55767274404462,46.596588134765625,1472400,0.0,0.0
2015-01-02 00:00:00-05:00,46.8819895478663,47.79654098762641,46.73929315738883,47.61492919921875,1408400,0.0,0.0
2015-01-05 00:00:00-05:00,47.5046642849726,48.20517119250746,47.31008233191323,48.036529541015625,1801800,0.0,0.0
2015-01-06 00:00:00-05:00,48.19867616910762,48.63325285551033,48.06895488718275,48.30894470214844,2043200,0.0,0.0
2015-01-07 00:00:00-05:00,48.50353530229291,49.17809697579033,48.36083889751742,49.022430419921875,1719400,0.0,0.0
2015-01-08 00:00:00-05:00,49.1391891041359,49.60619379185646,48.65272671251887,49.573760986328125,2122400,0.0,0.0
2015-01-09 00:00:00-05:00,49.5996964745414,50.17696466970835,49.268900727783254,49.94346237182617,1909700,0.0,0.0
2015-01-12 00:00:00-05:00,50.11860026819663,50.62452535040438,50.04725699804796,50.52074432373047,1803300,0.0,0.0
2015-01-13 00:00:00-05:00,50.57261274019801,50.611528133921425,49.80724532282358,50.001827239990234,2067900,0.0,0.0
2015-01-14 00:00:00-05:00,49.72943021336355,50.71533015071319,49.72943021336355,50.64398193359375,1460900,0.0,0.0
2015-01-15 00:00:00-05:00,50.86448860374589,51.03313022583255,50.45586211987587,50.93583679199219,1387300,0.0,0.0
2015-01-16 00:00:00-05:00,51.03315044502528,51.642851586673856,50.73478742530726,51.49366760253906,2204300,0.0,0.0
2015-01-20 00:00:00-05:00,51.85038892449439,51.94119481116901,50.228848164519455,50.5791015625,3457200,0.0,0.0
2015-01-21 00:00:00-05:00,50.28723159861738,50.540191613313105,49.79428172061131,50.41695785522461,2149700,0.0,0.0
2015-01-22 00:00:00-05:00,50.449386277605406,51.44825619628152,50.397495774376594,51.441768646240234,1805100,0.0,0.0
2015-01-23 00:00:00-05:00,51.61689375067538,51.95417209772604,51.23420750549926,51.75959014892578,2128000,0.0,0.0
2015-01-26 00:00:00-05:00,51.67527637277398,52.07093284135621,51.415828778015765,51.95418167114258,1792800,0.0,0.0
2015-01-27 00:00:00-05:00,51.82447468365447,52.297962097653716,51.759614004161065,52.04500198364258,1373400,0.0,0.0
2015-01-28 00:00:00-05:00,52.38873320709684,52.55737482049751,51.616883221763665,51.64931106567383,1641700,0.0,0.0
2015-01-29 00:00:00-05:00,51.46770733681192,51.759587668852326,51.00719031360163,51.461219787597656,1768400,0.0,0.0
2015-01-30 00:00:00-05:00,51.22123377161228,51.415815706799776,50.29371219642351,50.339115142822266,2333100,0.0,0.0
2015-02-02 00:00:00-05:00,50.41045992992738,50.44937532462475,49.26240630085816,50.00831604003906,2397700,0.0,0.0
2015-02-03 00:00:00-05:00,50.02777987686608,50.58559036254883,49.56726283841641,50.58559036254883,2193600,0.0,0.0
2015-02-04 00:00:00-05:00,52.18119724171244,52.18768479253008,50.35858639751259,51.20178985595703,2702200,0.0,0.0
2015-02-05 00:00:00-05:00,51.25367109634563,52.22659579782072,51.22773079236444,52.0644416809082,2177700,0.0,0.0
2015-02-06 00:00:00-05:00,51.81146382887138,51.88929955968864,50.43640055761114,50.66990280151367,2992400,0.0,0.0
2015-02-09 00:00:00-05:00,50.728293949976376,50.90990577133013,50.45587621794574,50.50776672363281,1346700,0.0,0.0
2015-02-10 00:00:00-05:00,50.75423244851337,50.95530194560396,50.07967081000421,50.397491455078125,3666900,0.0,0.0
2015-02-11 00:00:00-05:00,50.49479226172496,50.858020857578516,50.131568614422456,50.572628021240234,2092600,0.0,0.0
2015-02-12 00:00:00-05:00,50.64398244376064,51.94121557019784,50.572634225922464,51.798519134521484,1950700,0.0,0.0
2015-02-13 00:00:00-05:00,51.707711078226566,51.73365633351108,50.81910464180013,51.07855224609375,1885000,0.0,0.0
2015-02-17 00:00:00-05:00,50.864502278406434,51.49366104469737,50.83855702583711,51.247188568115234,2024500,0.0,0.0
2015-02-18 00:00:00-05:00,51.26662904134853,51.94767313535027,50.968266159897865,51.8828125,1674700,0.0,0.0
2015-02-19 00:00:00-05:00,51.75310179954177,51.76607194984118,50.170476241297735,50.31966018676758,1671200,0.0,0.0
2015-02-20 00:00:00-05:00,50.403982290042315,51.07205642261322,50.13156457650769,51.0136833190918,1835800,0.0,0.0
2015-02-23 00:00:00-05:00,51.247184125393325,51.869855287423576,51.05259722226802,51.85688018798828,2038800,0.0,0.0
2015-02-24 00:00:00-05:00,51.662289602511336,51.662289602511336,50.423430086586635,50.5791015625,2011300,0.0,0.0
2015-02-25 00:00:00-05:00,50.59856590071905,51.3704160387557,50.39100885414318,50.397491455078125,2130900,0.0,0.0
2015-02-26 00:00:00-05:00,50.49477977539801,50.56612796683962,49.81373560511412,49.83967590332031,1994800,0.0,0.0
2015-02-27 00:00:00-05:00,49.97589624193317,50.16399064562703,49.63861293840867,49.962921142578125,2717800,0.0,0.0
2015-03-02 00:00:00-05:00,50.125073292424354,50.74774442635226,49.995351995229065,50.31966018676758,1735800,0.0,0.0
2015-03-03 00:00:00-05:00,50.18343924527977,50.339105754106505,49.80075309825057,50.112091064453125,1583500,0.0,0.0
2015-03-04 00:00:00-05:00,50.131556217913264,50.23533225638755,49.63860642664838,49.83967590332031,1139700,0.0,0.0
2015-03-05 00:00:00-05:00,50.40397364086181,50.8255752386344,50.1445261231133,50.157501220703125,1670400,0.0,0.0
2015-03-06 00:00:00-05:00,49.27538855882738,49.4829456082917,48.5294787112508,48.665687561035156,1905000,0.0,0.0
2015-03-09 00:00:00-04:00,49.01594902517,49.44403829325285,48.91217295774311,49.17161560058594,1017300,0.0,0.0
2015-03-10 00:00:00-04:00,49.15214942584297,49.67752712016731,48.96405007821504,49.262413024902344,1547700,0.0,0.0
2015-03-11 00:00:00-04:00,49.204028420010786,49.4245555665659,49.06781960327689,49.13916778564453,1033200,0.0,0.0
2015-03-12 00:00:00-04:00,49.47644815770904,50.15100967061541,49.327269187176995,50.02777099609375,2554500,0.0,0.0
2015-03-13 00:00:00-04:00,50.17696065755382,50.40397538774538,49.70995609913119,49.95642852783203,1503400,0.0,0.0
2015-03-16 00:00:00-04:00,50.17697229215411,51.22124524172221,50.105624082043164,51.17584228515625,1480300,0.0,0.0
2015-03-17 00:00:00-04:00,51.02017743215389,51.182331560862416,50.579118004124666,50.994232177734375,1649200,0.0,0.0
2015-03-18 00:00:00-04:00,51.02665064355432,52.369286384224196,50.67639719617735,52.15524673461914,1926100,0.0,0.0
2015-03-19 00:00:00-04:00,51.99980626963322,52.646373656565096,51.88224810994053,52.07164764404297,1574800,0.552,0.0
2015-03-20 00:00:00-04:00,52.05857029275197,53.53457683424047,52.01285351850366,53.37783432006836,3097600,0.0,0.0
2015-03-23 00:00:00-04:00,53.47582361801064,53.90033959401584,53.16233842352736,53.20152282714844,1295900,0.0,0.0
2015-03-24 00:00:00-04:00,53.07743400213956,53.41704878733017,52.770481192313916,52.79007339477539,2217600,0.0,0.0
2015-03-25 00:00:00-04:00,52.74436184840146,53.02519507142263,51.35325554198491,51.4708137512207,2605800,0.0,0.0
2015-03-26 00:00:00-04:00,51.60140804364939,51.81039974571259,51.124643076229006,51.26832580566406,2742800,0.0,0.0
2015-03-27 00:00:00-04:00,51.23566818237305,51.7254929450449,50.948307709879074,51.23566818237305,1861400,0.0,0.0
2015-03-30 00:00:00-04:00,51.451209195699064,51.7320423513049,51.13772403482922,51.52958297729492,4373000,0.0,0.0
2015-03-31 00:00:00-04:00,51.50344920828404,51.60794258237328,50.84381703327774,50.85034942626953,3194300,0.0,0.0
2015-04-01 00:00:00-04:00,50.90260005853013,51.065875008697084,50.45195960158742,50.6544189453125,1849600,0.0,0.0
2015-04-02 00:00:00-04:00,50.73279784020904,51.366305508094676,50.62177205874114,51.144248962402344,1461700,0.0,0.0
2015-04-06 00:00:00-04:00,51.34018654937886,51.74511030492527,51.203036160264055,51.64714431762695,1045800,0.0,0.0
2015-04-07 00:00:00-04:00,51.575292976060645,51.69938353488319,50.745853424072266,50.745853424072266,1632400,0.0,0.0
2015-04-08 00:00:00-04:00,50.81117200727528,51.22262313262082,50.75892282168191,50.96791458129883,2342000,0.0,0.0
2015-04-09 00:00:00-04:00,50.85034140448771,50.86340120565518,49.44617609811631,49.55067443847656,1453800,0.0,0.0
2015-04-10 00:00:00-04:00,49.67477357396843,50.0601050809811,49.237197865243324,49.387413024902344,1331300,0.0,0.0
2015-04-13 00:00:00-04:00,49.230674577561125,49.60947376089153,49.191490173339844,49.191490173339844,1185800,0.0,0.0
2015-04-14 00:00:00-04:00,49.68782215752782,49.7531311254375,49.315555559412275,49.70088195800781,1394500,0.0,0.0
2015-04-15 00:00:00-04:00,49.68130524727324,49.753146629187086,49.09351438741283,49.1849479675293,1247900,0.0,0.0
2015-04-16 00:00:00-04:00,49.19147012917063,49.68782730567041,48.87145266532785,49.4853630065918,1010000,0.0,0.0
2015-04-17 00:00:00-04:00,49.32210817591572,49.51804016253694,48.956373782497344,49.191490173339844,1303300,0.0,0.0
2015-04-20 00:00:00-04:00,49.24372727125669,49.446186620344456,48.98901874087009,49.15882110595703,1112300,0.0,0.0
2015-04-21 00:00:00-04:00,49.32862047081753,49.78579325906259,49.2371869097196,49.4853630065918,1668300,0.0,0.0
2015-04-22 00:00:00-04:00,49.63558749839908,50.17112916420313,49.54415392004885,49.79886245727539,2104100,0.0,0.0
2015-04-23 00:00:00-04:00,49.67476384077925,50.09927966158646,49.655171646131386,49.955596923828125,946300,0.0,0.0
2015-04-24 00:00:00-04:00,49.9556073726815,50.432372467441525,49.84458159128415,49.99479675292969,835500,0.0,0.0
2015-04-27 00:00:00-04:00,50.08622741699219,50.47155392389066,49.929479870646404,50.08622741699219,1397000,0.0,0.0
2015-04-28 00:00:00-04:00,49.90989003168043,50.15807116707832,49.511498719047864,49.98173141479492,1754000,0.0,0.0
2015-04-29 00:00:00-04:00,49.47884670418658,49.994796190635334,48.82574684530307,49.25679016113281,1894700,0.0,0.0
2015-04-30 00:00:00-04:00,48.949817986346346,49.3220845967531,47.891799716114015,48.23794174194336,2344800,0.0,0.0
2015-05-01 00:00:00-04:00,48.40776067715984,49.289444441706095,48.23795332799896,48.832271575927734,1602100,0.0,0.0
2015-05-04 00:00:00-04:00,49.07392518982191,49.6029345046642,48.96289940471419,49.11310958862305,1267000,0.0,0.0
2015-05-05 00:00:00-04:00,48.95635595921175,48.95635595921175,47.59137989303118,47.69587326049805,1525300,0.0,0.0
2015-05-06 00:00:00-04:00,47.74813578920903,47.833036985442185,47.03625428180634,47.3236198425293,2342200,0.0,0.0
2015-05-07 00:00:00-04:00,47.447699519968154,48.65593310384811,47.447699519968154,48.44694137573242,1491800,0.0,0.0
2015-05-08 00:00:00-04:00,49.315579109795145,49.49844630037142,48.806161940973446,48.87799835205078,1512800,0.0,0.0
2015-05-11 00:00:00-04:00,48.7473767379244,49.0151500919465,47.85262807010906,47.91794204711914,1476800,0.0,0.0
2015-05-12 00:00:00-04:00,47.61752479047323,48.584110028522126,47.46730959364738,48.2053108215332,1444700,0.0,0.0
2015-05-13 00:00:00-04:00,48.38164631988358,48.95637249192707,47.81344755986662,47.937538146972656,1565800,0.0,0.0
2015-05-14 00:00:00-04:00,48.15305572258067,48.9694305620315,48.02243275861458,48.94330596923828,986100,0.0,0.0
2015-05-15 00:00:00-04:00,49.10658808941896,49.26986308108985,48.995557308187195,49.10005569458008,1973900,0.0,0.0
2015-05-18 00:00:00-04:00,48.9106519054055,49.158828077636926,48.773501522112596,48.85187530517578,1125400,0.0,0.0
2015-05-19 00:00:00-04:00,48.70166079046815,49.158828740946504,48.40776781984021,48.734317779541016,1066000,0.0,0.0
2015-05-20 00:00:00-04:00,48.655946758567374,49.211080725033135,48.56451316327923,48.87799835205078,1392900,0.0,0.0
2015-05-21 00:00:00-04:00,48.9302402088641,49.0151463794435,48.48613210572024,48.682064056396484,976700,0.0,0.0
2015-05-22 00:00:00-04:00,48.538385810617754,49.05433534487586,48.30326944101262,48.734317779541016,921500,0.0,0.0
2015-05-26 00:00:00-04:00,48.59716034567921,48.675529135676044,48.10733547717407,48.296730041503906,997900,0.0,0.0
2015-05-27 00:00:00-04:00,48.42081366222733,49.158814564534055,48.172637558216216,49.03472900390625,1615300,0.0,0.0
2015-05-28 00:00:00-04:00,48.9955533556717,49.22414231177632,48.642883786939194,48.91065216064453,1158700,0.0,0.0
2015-05-29 00:00:00-04:00,48.9955475618236,49.09351353388986,48.44694609066262,48.53837966918945,2989400,0.0,0.0
2015-06-01 00:00:00-04:00,48.74736450988529,49.165347947564996,48.28366428942047,48.995540618896484,1311200,0.0,0.0
2015-06-02 00:00:00-04:00,48.78003642976584,48.845345427638414,47.97672130593753,48.19224548339844,1140000,0.0,0.0
2015-06-03 00:00:00-04:00,48.19225035889566,48.44042656902169,46.77502453237921,46.96442413330078,2297400,0.0,0.0
2015-06-04 00:00:00-04:00,46.84032918489292,47.186471360957064,46.683586592153105,46.95135498046875,1451800,0.0,0.0
2015-06-05 00:00:00-04:00,46.50071348810131,47.29749620791364,46.18069591437175,46.69011306762695,2034000,0.0,0.0
2015-06-08 00:00:00-04:00,46.722750566775986,46.820716512940166,46.33741917393155,46.461509704589844,2785300,0.0,0.0
2015-06-09 00:00:00-04:00,46.357026778067215,46.55948612499907,46.023944479279216,46.200279235839844,1432900,0.0,0.0
2015-06-10 00:00:00-04:00,45.97823454578362,46.58561765987779,45.74965057440558,46.29825210571289,1895500,0.0,0.0
2015-06-11 00:00:00-04:00,46.59214950687575,47.06238228290851,46.579089699878104,46.75542449951172,1716200,0.0,0.0
2015-06-12 00:00:00-04:00,46.77500679261807,46.99705832018602,46.57907487072985,46.72929000854492,1133000,0.0,0.0
2015-06-15 00:00:00-04:00,46.63787275260187,46.78808296019916,46.33744237189229,46.70970916748047,1660900,0.0,0.0
2015-06-16 00:00:00-04:00,46.76848740465404,47.53914553815116,46.53337102611206,47.44771194458008,2016100,0.0,0.0
2015-06-17 00:00:00-04:00,47.5456787557292,48.17265411510768,47.03625660489927,48.11387252807617,1881400,0.0,0.0
2015-06-18 00:00:00-04:00,48.01589679713376,49.31556903255825,48.01589679713376,48.832271575927734,2738300,0.0,0.0
2015-06-19 00:00:00-04:00,48.82573576225157,48.995538099432835,48.362035565631295,48.37509536743164,2473600,0.0,0.0
2015-06-22 00:00:00-04:00,48.499189610224754,48.5906231780749,47.604441144541724,47.6501579284668,1878800,0.0,0.0
2015-06-23 00:00:00-04:00,47.60445033063954,47.67629171677851,46.75541848504628,46.89910125732422,2151100,0.0,0.0
2015-06-24 00:00:00-04:00,46.953721171666935,47.21698947946728,46.84841686140199,46.960304260253906,1751900,0.553,0.0
2015-06-25 00:00:00-04:00,46.97347381118357,47.16434322251192,46.48642564927301,46.49959182739258,1441600,0.0,0.0
2015-06-26 00:00:00-04:00,46.40086410397579,47.11168705709372,46.190250453580724,46.86157989501953,1803600,0.0,0.0
2015-06-29 00:00:00-04:00,46.90107982609672,47.256491351301214,46.10469669461906,46.1507682800293,1969800,0.0,0.0
2015-06-30 00:00:00-04:00,46.808929097635136,46.808929097635136,46.03229033938066,46.18366622924805,1812400,0.0,0.0
2015-07-01 00:00:00-04:00,46.40086874885384,47.15776335684375,46.09811190994308,47.151180267333984,1936900,0.0,0.0
2015-07-02 00:00:00-04:00,47.50000257066742,48.06602768136297,47.28938892632201,47.776432037353516,2760000,0.0,0.0
2015-07-06 00:00:00-04:00,47.539514006643,48.013391119033066,47.539514006643,48.006813049316406,1836700,0.0,0.0
2015-07-07 00:00:00-04:00,48.322709530614624,48.98746083913493,48.1252620773742,48.757102966308594,2378400,0.0,0.0
2015-07-08 00:00:00-04:00,48.78343029769232,48.98087775093275,48.678120972157416,48.757102966308594,1815500,0.0,0.0
2015-07-09 00:00:00-04:00,48.92823861173115,49.2704890068811,48.72420800555532,48.82951736450195,1714200,0.0,0.0
2015-07-10 00:00:00-04:00,48.987458380425025,49.540317247459924,48.92164256598156,49.152000427246094,1458900,0.0,0.0
2015-07-13 00:00:00-04:00,49.33631249638051,49.836521986094205,48.697888217685545,48.987483978271484,1702900,0.0,0.0
2015-07-14 00:00:00-04:00,49.06644776256368,49.53374664336399,48.895322602090516,49.23756790161133,1185000,0.0,0.0
2015-07-15 00:00:00-04:00,49.21781203209937,49.46791913558763,48.92163838172303,49.20465087890625,1539400,0.0,0.0
2015-07-16 00:00:00-04:00,49.34286796486529,49.698279375321746,49.191487078005764,49.40868377685547,1219700,0.0,0.0
2015-07-17 00:00:00-04:00,49.36262450343343,49.59956550276398,48.895325594038695,49.18492126464844,1162500,0.0,0.0
2015-07-20 00:00:00-04:00,49.04014082386314,49.60616618731889,48.9743249721322,49.54692840576172,1080200,0.0,0.0
2015-07-21 00:00:00-04:00,49.50742143022214,49.968137241895874,49.171754183759425,49.21124267578125,1086000,0.0,0.0
2015-07-22 00:00:00-04:00,49.316549955698804,49.8299204162341,49.309966866828326,49.592979431152344,850900,0.0,0.0
2015-07-23 00:00:00-04:00,49.52716182987136,49.64563231816195,48.85583241050823,49.053279876708984,1451100,0.0,0.0
2015-07-24 00:00:00-04:00,49.00063179993772,49.19808431411663,48.8295116438371,49.08619689941406,2369900,0.0,0.0
2015-07-27 00:00:00-04:00,49.191483725475855,49.671948660965896,49.191483725475855,49.3955192565918,1499700,0.0,0.0
2015-07-28 00:00:00-04:00,49.579825492717404,50.68554857692938,49.09277727390797,49.29022979736328,1231500,0.0,0.0
2015-07-29 00:00:00-04:00,49.23099618686569,49.36921094228174,48.098945784685256,49.000633239746094,2176600,0.0,0.0
2015-07-30 00:00:00-04:00,48.81634270154527,49.402112099978865,48.73736571748502,48.89532470703125,2296800,0.0,0.0
2015-07-31 00:00:00-04:00,49.32313299256067,50.01420668046583,49.16516898838905,49.23756790161133,1642100,0.0,0.0
2015-08-03 00:00:00-04:00,49.362615429703546,49.862824672056846,49.29021652535932,49.70486068725586,924400,0.0,0.0
2015-08-04 00:00:00-04:00,49.56665589573808,49.98788323007049,49.00063072371155,49.079612731933594,1312700,0.0,0.0
2015-08-05 00:00:00-04:00,49.198096204924106,49.43503727063524,48.73738025572314,49.03355407714844,1383200,0.0,0.0
2015-08-06 00:00:00-04:00,48.9150689427661,49.2309919432179,48.289811052433784,49.21124267578125,1523000,0.0,0.0
2015-08-07 00:00:00-04:00,49.1717539989584,49.49425506591797,48.69787201077455,49.49425506591797,911200,0.0,0.0
2015-08-10 00:00:00-04:00,49.625910440695414,49.82335799588822,49.30998732238826,49.54692840576172,1139000,0.0,0.0
2015-08-11 00:00:00-04:00,49.5074182269985,50.42885481215302,49.37578155973334,50.264312744140625,1527400,0.0,0.0
2015-08-12 00:00:00-04:00,50.59997877381437,50.59997877381437,49.82333995320965,50.58023452758789,2119200,0.0,0.0
2015-08-13 00:00:00-04:00,50.382794473649746,51.02121362196271,50.03396099364633,50.54733657836914,1109500,0.0,0.0
2015-08-14 00:00:00-04:00,50.468334710149634,50.78425763637953,50.033941314261604,50.77109146118164,979700,0.0,0.0
2015-08-17 00:00:00-04:00,50.764521732014835,51.06070049481044,50.44202065474601,51.02779006958008,1509600,0.0,0.0
2015-08-18 00:00:00-04:00,51.014608628642804,51.33710957768341,50.84348352405184,51.146240234375,1491700,0.0,0.0
2015-08-19 00:00:00-04:00,50.84349815615486,50.98829597698555,50.066859407410945,50.33012771606445,2092700,0.0,0.0
2015-08-20 00:00:00-04:00,50.152420037969755,50.46175992751164,49.76410316994083,49.99446105957031,1664100,0.0,0.0
2015-08-21 00:00:00-04:00,49.869402358835885,49.92205702003515,48.96113204956055,48.96113204956055,2577700,0.0,0.0
2015-08-24 00:00:00-04:00,46.071782847428224,53.95664160702974,40.74062040793955,46.41402816772461,2629200,0.0,0.0
2015-08-25 00:00:00-04:00,47.381531254781976,47.65138264952118,45.328049513616584,45.380699157714844,2883000,0.0,0.0
2015-08-26 00:00:00-04:00,46.12442779498885,47.045864261970515,45.31487871476412,46.92081069946289,2766400,0.0,0.0
2015-08-27 00:00:00-04:00,47.31572157562625,48.42802767742907,47.012964741703044,48.12527084350586,1961600,0.0,0.0
2015-08-28 00:00:00-04:00,48.125283582770734,48.355641558535474,47.644818357809484,48.006813049316406,1642900,0.0,0.0
2015-08-31 00:00:00-04:00,47.83567011630726,47.88174169440018,46.835256554250066,46.89448928833008,3306400,0.0,0.0
2015-09-01 00:00:00-04:00,46.10469371263639,46.53249911173612,45.37412646165018,45.72953796386719,1872600,0.0,0.0
2015-09-02 00:00:00-04:00,46.32187867047684,46.53907539363255,45.795347094207855,46.177085876464844,1197900,0.0,0.0
2015-09-03 00:00:00-04:00,46.39427548414987,46.67728801388705,46.2099891897024,46.36137008666992,1380800,0.0,0.0
2015-09-04 00:00:00-04:00,45.940155898171575,46.02571598165649,45.051624549354834,45.51892852783203,1346200,0.0,0.0
2015-09-08 00:00:00-04:00,46.038868456527396,46.38111876876652,45.61764116563725,46.22315979003906,1742900,0.0,0.0
2015-09-09 00:00:00-04:00,46.86815498350168,47.124840169185106,45.55181863787403,45.63737869262695,1503100,0.0,0.0
2015-09-10 00:00:00-04:00,45.40703096899564,46.242907546992676,45.40703096899564,45.755859375,1263300,0.0,0.0
2015-09-11 00:00:00-04:00,45.7492814144572,46.670718068459536,45.47942999246993,46.66413497924805,2066600,0.0,0.0
2015-09-14 00:00:00-04:00,46.808929383811986,46.808929383811986,46.26264851207593,46.45351791381836,887300,0.0,0.0
2015-09-15 00:00:00-04:00,46.6970299423615,47.309126545112306,46.19682574548694,47.26963806152344,1258200,0.0,0.0
2015-09-16 00:00:00-04:00,47.276228834916154,47.77643311310846,47.098520587027046,47.625057220458984,1449800,0.0,0.0
2015-09-17 00:00:00-04:00,47.68674466856827,49.066278940093405,47.341858570638436,48.15764236450195,1439200,0.553,0.0
2015-09-18 00:00:00-04:00,47.40818180912066,48.7081256896266,47.361755422677476,47.826019287109375,2933300,0.0,0.0
2015-09-21 00:00:00-04:00,47.8989859624424,48.661709667978286,47.819395685831616,48.50916290283203,1366000,0.0,0.0
2015-09-22 00:00:00-04:00,48.184166395986054,48.38976823537914,47.892340512901846,48.09794235229492,1536000,0.0,0.0
2015-09-23 00:00:00-04:00,48.111212543747946,48.56884769256548,47.82602043160172,48.323448181152344,1430500,0.0,0.0
2015-09-24 00:00:00-04:00,48.14436068189498,48.5224105454157,47.5673478588278,47.932125091552734,1864900,0.0,0.0
2015-09-25 00:00:00-04:00,48.078044846806236,48.615270214469135,47.67346990453383,48.330078125,1644900,0.0,0.0
2015-09-28 00:00:00-04:00,48.111209035676126,48.19742801767667,47.010233268102944,47.308692932128906,1800800,0.0,0.0
2015-09-29 00:00:00-04:00,47.3949105204596,48.92035748703437,47.32195405318277,48.78107833862305,2044800,0.0,0.0
2015-09-30 00:00:00-04:00,49.08617509736702,49.96827652118544,48.92699456336168,49.82236862182617,2850100,0.0,0.0
2015-10-01 00:00:00-04:00,50.08765372484537,50.134080110320085,49.33156398420197,49.921844482421875,1378300,0.0,0.0
2015-10-02 00:00:00-04:00,49.782571303759575,50.46570465495779,49.49075044291877,50.459075927734375,1156100,0.0,0.0
2015-10-05 00:00:00-04:00,50.58508755771588,50.770798182126455,50.02133707745086,50.684574127197266,1522300,0.0,0.0
2015-10-06 00:00:00-04:00,50.658023668428605,50.929953178328525,50.08101090562794,50.18712615966797,1620500,0.0,0.0
2015-10-07 00:00:00-04:00,50.32641564864437,50.90343359045745,50.081021226800104,50.88353729248047,1652400,0.0,0.0
2015-10-08 00:00:00-04:00,51.00957070176997,51.37434809153508,50.44581508650951,51.3013916015625,1228500,0.0,0.0
2015-10-09 00:00:00-04:00,51.1687393504615,51.45393148398049,50.943236122515344,51.39423751831055,1071300,0.0,0.0
2015-10-12 00:00:00-04:00,51.533499216849265,51.99113424478266,51.37432379586629,51.81869125366211,873400,0.0,0.0
2015-10-13 00:00:00-04:00,51.62635642270475,51.84522580800406,50.94322324443343,51.20188522338867,1057600,0.0,0.0
2015-10-14 00:00:00-04:00,51.34782933291716,51.40088953008163,50.538679036505215,50.664695739746094,1238700,0.0,0.0
2015-10-15 00:00:00-04:00,50.764149309497654,51.904917505681176,50.764149309497654,51.8850212097168,1613400,0.0,0.0
2015-10-16 00:00:00-04:00,52.09727026663957,52.535004071291354,51.99778370100605,52.22328186035156,1731200,0.0,0.0
2015-10-19 00:00:00-04:00,52.19012189574013,53.178343623048214,52.0574714577847,53.145179748535156,1479700,0.0,0.0
2015-10-20 00:00:00-04:00,53.12527803668449,53.70229599779946,52.42224849746804,52.72733688354492,1831000,0.0,0.0
2015-10-21 00:00:00-04:00,52.99926150849803,53.22475961884715,52.59468660689913,52.69416809082031,1218500,0.0,0.0
2015-10-22 00:00:00-04:00,52.96611328386102,53.14518506790335,52.422259084050744,52.873260498046875,1919000,0.0,0.0
2015-10-23 00:00:00-04:00,52.82019995439873,53.05896570487847,52.21002306321598,52.70745086669922,1525300,0.0,0.0
2015-10-26 00:00:00-04:00,53.94105408638938,54.26603872522797,52.826815978847186,53.68239212036133,2054800,0.0,0.0
2015-10-27 00:00:00-04:00,53.456905017482306,53.888010110384805,52.634492495394085,52.82019805908203,2584400,0.0,0.0
2015-10-28 00:00:00-04:00,52.85335305323978,53.098747481117535,51.26158339469497,52.336029052734375,2066100,0.0,0.0
2015-10-29 00:00:00-04:00,52.06410600269518,52.30950552141283,51.520251849402115,51.825340270996094,3008100,0.0,0.0
2015-10-30 00:00:00-04:00,51.71257620193656,51.99113445480588,51.08913196543294,51.281471252441406,2660800,0.0,0.0
2015-11-02 00:00:00-05:00,51.175361587519376,53.13190841674805,51.12893014686836,53.13190841674805,2417300,0.0,0.0
2015-11-03 00:00:00-05:00,52.83344843705265,52.97272756448498,52.14368152493867,52.70079803466797,2058300,0.0,0.0
2015-11-04 00:00:00-05:00,52.7737632543578,52.92630997740763,52.24317167690205,52.48857116699219,1501900,0.0,0.0
2015-11-05 00:00:00-05:00,52.375825851588694,52.53500131218437,51.924824496487076,52.5018424987793,1180600,0.0,0.0
2015-11-06 00:00:00-05:00,51.71257378318508,51.91817557067267,50.48558672285444,51.00291061401367,1432900,0.0,0.0
2015-11-09 00:00:00-05:00,50.49223556498289,50.8503841846571,49.988179042564845,50.53866195678711,1716100,0.0,0.0
2015-11-10 00:00:00-05:00,50.63812738399348,51.792157969905055,50.63812738399348,51.4472770690918,1754100,0.0,0.0
2015-11-11 00:00:00-05:00,51.50035970013732,52.31613846579236,51.44066573235188,51.991153717041016,1416500,0.0,0.0
2015-11-12 00:00:00-05:00,51.798815592253725,52.16359801491433,51.49372713880004,51.53351974487305,1309000,0.0,0.0
2015-11-13 00:00:00-05:00,51.772267762851605,51.85849179326353,51.24831003532441,51.26157760620117,1244200,0.0,0.0
2015-11-16 00:00:00-05:00,51.33453948238072,51.92481994628906,51.11567008068089,51.92481994628906,1351700,0.0,0.0
2015-11-17 00:00:00-05:00,52.11716690265528,52.59469837268727,51.8187072038368,52.16359329223633,949100,0.0,0.0
2015-11-18 00:00:00-05:00,52.30949322846354,52.37581590277232,51.42738698587926,52.21664047241211,1458100,0.0,0.0
2015-11-19 00:00:00-05:00,52.37582974292624,52.93958021366376,52.236550572045,52.4819450378418,1153700,0.0,0.0
2015-11-20 00:00:00-05:00,52.773771668160045,53.04570128648675,52.634492495394085,52.82019805908203,1633100,0.0,0.0
2015-11-23 00:00:00-05:00,53.012534325513556,53.3773167044592,52.59469683152775,52.919681549072266,1448700,0.0,0.0
2015-11-24 00:00:00-05:00,52.49519994664253,52.76712443558469,51.83196306812549,52.475303649902344,1448500,0.0,0.0
2015-11-25 00:00:00-05:00,52.56815008875219,53.23138688754005,52.422237183403624,52.96609115600586,1151800,0.0,0.0
2015-11-27 00:00:00-05:00,52.84670696698529,53.7553431795266,52.72732414387836,53.490047454833984,599700,0.0,0.0
2015-11-30 00:00:00-05:00,53.55640122165895,54.12015180144628,52.68092836384504,52.93959045410156,3296900,0.0,0.0
2015-12-01 00:00:00-05:00,53.257931610545754,53.82831581914422,53.058958492161516,53.808414459228516,1460100,0.0,0.0
2015-12-02 00:00:00-05:00,53.609445566280186,54.04717933577509,52.913044722874396,53.01253128051758,1765100,0.0,0.0
2015-12-03 00:00:00-05:00,52.97934697025723,53.03240712187762,51.38094911842607,51.487064361572266,1978300,0.0,0.0
2015-12-04 00:00:00-05:00,51.83860626311982,53.02579603827141,51.82533868948759,52.83346176147461,1646100,0.0,0.0
2015-12-07 00:00:00-05:00,52.88651883863172,53.05896188157397,52.28960450544463,52.46868133544922,1204700,0.0,0.0
2015-12-08 00:00:00-05:00,52.46204793095785,52.84672662182773,52.08400302719868,52.16359329223633,1430000,0.0,0.0
2015-12-09 00:00:00-05:00,51.81205932388041,52.1834703032324,51.19524891311654,51.4472770690918,1316400,0.0,0.0
2015-12-10 00:00:00-05:00,51.43402598425061,51.73248057893676,51.05598113626992,51.20852279663086,2031400,0.0,0.0
2015-12-11 00:00:00-05:00,50.94986719370699,51.931460200496446,50.843751902757695,51.43403244018555,2013500,0.0,0.0
2015-12-14 00:00:00-05:00,51.26158713629091,51.91819033408139,51.0692478035853,51.85850143432617,1639400,0.0,0.0
2015-12-15 00:00:00-05:00,52.24317357733475,53.01916467310861,52.117161994679755,52.60795593261719,1233000,0.0,0.0
2015-12-16 00:00:00-05:00,52.84008637683843,53.781881627579,52.66764841381021,53.60944366455078,1704100,0.0,0.0
2015-12-17 00:00:00-05:00,53.52987593918916,53.649258842353255,53.13856840443369,53.44365692138672,2873900,0.0,0.0
2015-12-18 00:00:00-05:00,53.012530118653345,53.55638422040718,52.98600003319018,52.99263381958008,3463600,0.0,0.0
2015-12-21 00:00:00-05:00,53.50332981745232,53.675772861505045,52.84672657676667,53.112022399902344,1594900,0.0,0.0
2015-12-22 00:00:00-05:00,53.523213466940845,53.89462955557483,52.91967054556621,53.0788459777832,1858400,0.0,0.0
2015-12-23 00:00:00-05:00,53.194398789569846,54.029213569395786,53.17436405010283,53.93571472167969,1065600,0.553,0.0
2015-12-24 00:00:00-05:00,53.955756415347196,54.22289819838363,53.5216516548262,54.009185791015625,505600,0.0,0.0
2015-12-28 00:00:00-05:00,53.8689207303191,54.2896654682794,53.655203294182165,54.22288131713867,782000,0.0,0.0
2015-12-29 00:00:00-05:00,54.57684580888794,54.763843483583166,54.196170515314236,54.74380874633789,1000000,0.0,0.0
2015-12-30 00:00:00-05:00,54.743813278413135,54.930810968589334,54.42992211477241,54.69038391113281,1068400,0.0,0.0
2015-12-31 00:00:00-05:00,54.60357853285317,55.02432343994321,54.463330230489824,54.49003982543945,1577200,0.0,0.0
2016-01-04 00:00:00-05:00,53.9557386092485,54.00916796728455,52.90053171690477,53.361351013183594,1727900,0.0,0.0
2016-01-05 00:00:00-05:00,53.5283213104982,54.60356308642219,53.428142524204375,54.4299201965332,1379100,0.0,0.0
2016-01-06 00:00:00-05:00,53.93569940662971,54.42990818927059,53.63516311404666,53.91566467285156,1407100,0.0,0.0
2016-01-07 00:00:00-05:00,53.13429069721175,54.062604346092066,53.13429069721175,53.74871826171875,1675600,0.0,0.0
2016-01-08 00:00:00-05:00,54.13607005019055,54.18281947649982,52.55326440564399,52.64008331298828,1481200,0.0,0.0
2016-01-11 00:00:00-05:00,52.86046708441626,53.52831883508404,52.64007478382281,53.281211853027344,1786200,0.0,0.0
2016-01-12 00:00:00-05:00,54.00250309995885,54.069287268496495,53.09422414099166,53.38808059692383,2004100,0.0,0.0
2016-01-13 00:00:00-05:00,53.48824363909367,54.14274058902041,52.81371704743457,52.87382125854492,1561000,0.0,0.0
2016-01-14 00:00:00-05:00,52.98067123704118,53.38138119754054,52.419673216099206,52.47310256958008,2233600,0.0,0.0
2016-01-15 00:00:00-05:00,51.51807787532116,52.63338895128824,51.18415203734511,52.47978591918945,2136000,0.0,0.0
2016-01-19 00:00:00-05:00,52.53990635093395,53.24115286538127,52.30615921122,52.88051223754883,1647400,0.0,0.0
2016-01-20 00:00:00-05:00,52.37961838258189,52.539901392501164,50.36270813057393,51.02388000488281,2210600,0.0,0.0
2016-01-21 00:00:00-05:00,51.27766150101295,51.70508625465981,50.78345258497845,51.050594329833984,1654200,0.0,0.0
2016-01-22 00:00:00-05:00,51.67169417966722,52.12583359499347,51.27097903444044,51.90544128417969,1927000,0.0,0.0
2016-01-25 00:00:00-05:00,51.83198303367774,52.89386504064894,51.52477179086898,52.22601318359375,1843100,0.0,0.0
2016-01-26 00:00:00-05:00,52.32619898886097,53.361371544051394,52.1592360022371,53.254512786865234,1744300,0.0,0.0
2016-01-27 00:00:00-05:00,53.19440111682882,53.19440111682882,51.83198272511038,52.272762298583984,1638300,0.0,0.0
2016-01-28 00:00:00-05:00,52.17258928620593,52.346227101680974,50.53634916735932,50.616493225097656,2731900,0.0,0.0
2016-01-29 00:00:00-05:00,51.17746145077441,51.57817644925407,50.04211587588966,51.48467254638672,3139600,0.0,0.0
2016-02-01 00:00:00-05:00,50.88363353285971,51.958875407380084,50.61649177668166,51.2442741394043,2142600,0.0,0.0
2016-02-02 00:00:00-05:00,51.42458313078266,51.571511326405016,49.94863142119282,50.48958969116211,2787600,0.0,0.0
2016-02-03 00:00:00-05:00,50.623166202468774,50.703305153871185,49.020320935460184,50.54302215576172,3099900,0.0,0.0
2016-02-04 00:00:00-05:00,50.26920189174346,51.37783830669269,49.74160346255726,50.93705368041992,2278200,0.0,0.0
2016-02-05 00:00:00-05:00,50.716660962204244,50.85690921117936,48.960207687483056,49.1472053527832,2222800,0.0,0.0
2016-02-08 00:00:00-05:00,48.940174835100905,49.147207244609056,47.35736946766603,48.23893356323242,2786900,0.0,0.0
2016-02-09 00:00:00-05:00,48.05192498565729,48.37917596826702,47.55103623975271,47.644535064697266,2110500,0.0,0.0
2016-02-10 00:00:00-05:00,47.99182622482907,48.71978217235812,47.69129498132346,47.93171691894531,1222400,0.0,0.0
2016-02-11 00:00:00-05:00,47.223792621079234,47.50428910938794,46.66279964446182,47.230472564697266,2265600,0.0,0.0
2016-02-12 00:00:00-05:00,47.864934483773744,47.864934483773744,47.17704798525317,47.61115264892578,1907700,0.0,0.0
2016-02-16 00:00:00-05:00,48.105368534964136,48.29236624002709,47.517660734008366,48.20554733276367,1524600,0.0,0.0
2016-02-17 00:00:00-05:00,48.30572442815407,48.67303988006686,48.152116264234266,48.379188537597656,2213000,0.0,0.0
2016-02-18 00:00:00-05:00,48.29903063621377,48.88006340015283,48.01185422580302,48.73313522338867,1838800,0.0,0.0
2016-02-19 00:00:00-05:00,48.71980097962008,49.24740466691725,48.41258967346724,48.83333969116211,1482500,0.0,0.0
2016-02-22 00:00:00-05:00,49.2073190802306,49.835101380432675,49.173924453294646,49.55459976196289,1718700,0.0,0.0
2016-02-23 00:00:00-05:00,49.995394030025125,50.242501069254864,49.09379497708197,49.29414749145508,1660500,0.0,0.0
2016-02-24 00:00:00-05:00,49.08711709645865,49.461112548600454,48.192197951603376,48.90679931640625,1875900,0.0,0.0
2016-02-25 00:00:00-05:00,49.334218089139455,49.78835755182921,49.1338604956302,49.75496292114258,2096400,0.0,0.0
2016-02-26 00:00:00-05:00,49.74827077086082,50.02209240845792,49.11381370591264,49.78834533691406,3067300,0.0,0.0
2016-02-29 00:00:00-05:00,49.86182207431823,50.362710966917064,49.6147150529929,49.74828338623047,3181500,0.0,0.0
2016-03-01 00:00:00-05:00,50.24957948875289,51.379367827964096,49.84554706693664,51.34196090698242,3162900,8.0,0.0
2016-03-02 00:00:00-05:00,51.30455223879178,52.6363597459211,51.30455223879178,52.38945007324219,2643300,0.0,0.0
2016-03-03 00:00:00-05:00,52.39692632844787,53.122687907565755,52.21735827752517,53.100242614746094,2169400,0.0,0.0
2016-03-04 00:00:00-05:00,53.10024651215899,53.51175689690913,52.71865938112107,53.47434997558594,2064500,0.0,0.0
2016-03-07 00:00:00-05:00,53.11520930819905,53.74370610894116,52.8683053552604,53.616512298583984,1208800,0.0,0.0
2016-03-08 00:00:00-05:00,53.65391410163756,53.81852052680229,53.00297206804035,53.100242614746094,2019900,0.0,0.0
2016-03-09 00:00:00-05:00,53.12268503809535,53.95319507775449,52.99549124674415,53.631465911865234,1654100,0.0,0.0
2016-03-10 00:00:00-05:00,54.162700068326714,54.40960972916544,52.89822850981865,53.16758346557617,2870200,0.0,0.0
2016-03-11 00:00:00-05:00,53.84844463462415,54.60413510553126,52.96556037695626,54.54427719116211,2515200,0.0,0.0
2016-03-14 00:00:00-04:00,54.40213431377049,54.76875417257809,54.013069156639304,54.312347412109375,1331800,0.0,0.0
2016-03-15 00:00:00-04:00,54.25249139537908,54.5442916699309,53.92327848732414,54.387168884277344,1272700,0.0,0.0
2016-03-16 00:00:00-04:00,54.25248353313018,55.068026308339064,53.9756449270791,54.888458251953125,1433100,0.0,0.0
2016-03-17 00:00:00-04:00,54.98572442901274,55.78630559745686,54.73882048612118,55.704002380371094,1699900,0.0,0.0
2016-03-18 00:00:00-04:00,55.89103950192025,56.407303963561105,55.52441980876584,55.561832427978516,3298400,0.0,0.0
2016-03-21 00:00:00-04:00,55.48702481333221,55.61421861258642,54.48442462844705,54.634063720703125,2051200,0.0,0.0
2016-03-22 00:00:00-04:00,54.59941235866008,55.30761685779048,54.47133453376541,54.80282974243164,1785100,0.504,0.0
2016-03-23 00:00:00-04:00,54.86310991785661,54.94598516644272,54.493942013817005,54.652156829833984,1698200,0.0,0.0
2016-03-24 00:00:00-04:00,54.38845278596373,54.659679763894864,54.0720174796846,54.614471435546875,1764900,0.0,0.0
2016-03-28 00:00:00-04:00,54.66722404847839,55.65419137932201,54.66722404847839,55.52610778808594,1414400,0.0,0.0
2016-03-29 00:00:00-04:00,55.480885787516264,56.671270114775425,55.480885787516264,56.663734436035156,1696000,0.0,0.0
2016-03-30 00:00:00-04:00,56.36990435830571,56.7315422015612,56.12127870031997,56.39250564575195,1554000,0.0,0.0
2016-03-31 00:00:00-04:00,56.47539512562968,56.70894948560017,56.12129287145508,56.528133392333984,2229400,0.0,0.0
2016-04-01 00:00:00-04:00,56.28703940754074,56.82949339736574,56.09115196720625,56.63360595703125,1428800,0.0,0.0
2016-04-04 00:00:00-04:00,56.701425452520624,56.87470588341734,55.91034562161129,56.25691223144531,1730000,0.0,0.0
2016-04-05 00:00:00-04:00,55.97061215453335,56.369916983619724,55.68431953602835,55.767189025878906,1665300,0.0,0.0
2016-04-06 00:00:00-04:00,55.66926105533674,56.234316490935406,55.56378450053495,56.1966438293457,1095700,0.0,0.0
2016-04-07 00:00:00-04:00,56.00074979059721,56.17403020057347,55.47336138431671,55.67678451538086,1113200,0.0,0.0
2016-04-08 00:00:00-04:00,55.917869060921845,56.287036885440195,55.586368137984955,55.6843147277832,1282300,0.0,0.0
2016-04-11 00:00:00-04:00,55.247344253371,55.247344253371,54.39599054806816,54.45626449584961,2485200,0.0,0.0
2016-04-12 00:00:00-04:00,54.51654052734375,54.62955274674347,54.15490257487271,54.51654052734375,2314300,0.0,0.0
2016-04-13 00:00:00-04:00,54.80283587881694,54.81037155996038,53.03986586192716,53.16040802001953,3062800,0.0,0.0
2016-04-14 00:00:00-04:00,52.96452384535348,53.06246470352695,51.97755659066277,52.26385498046875,2704200,0.0,0.0
2016-04-15 00:00:00-04:00,52.248783245896156,53.70285923476979,52.022764556023084,53.40903091430664,2112000,0.0,0.0
2016-04-18 00:00:00-04:00,53.40902128312818,53.6953138712234,53.01725217583794,53.68024826049805,2088900,0.0,0.0
2016-04-19 00:00:00-04:00,53.876141157616594,54.20763635958013,53.62751544511411,54.05695724487305,1789900,0.0,0.0
2016-04-20 00:00:00-04:00,54.109710979980235,54.24532452120491,52.67823598884016,52.84398651123047,1198200,0.0,0.0
2016-04-21 00:00:00-04:00,52.84397625444032,53.54464512343071,52.422070096094394,52.60288619995117,1636000,0.0,0.0
2016-04-22 00:00:00-04:00,52.73848173113177,53.40147771788648,52.69327915759164,53.23573303222656,1821800,0.0,0.0
2016-04-25 00:00:00-04:00,53.09258254676419,53.76311419488338,52.859028258643946,53.687774658203125,1566100,0.0,0.0
2016-04-26 00:00:00-04:00,53.77067480060718,54.20011668161238,52.78370744401983,53.13780975341797,2792500,0.0,0.0
2016-04-27 00:00:00-04:00,50.9905923108875,52.060429003978655,50.3426617507247,51.79673767089844,3602800,0.0,0.0
2016-04-28 00:00:00-04:00,51.450164671941096,52.376852062177754,51.12619943232066,51.93988037109375,2273900,0.0,0.0
2016-04-29 00:00:00-04:00,51.61591329127906,51.90220587151201,50.81729799182668,51.2844123840332,2036700,0.0,0.0
2016-05-02 00:00:00-04:00,51.77412591090109,52.24877021448933,51.31454721699744,52.09809112548828,1484500,0.0,0.0
2016-05-03 00:00:00-04:00,51.90222477754901,52.21112450782853,51.7741469251097,52.15838623046875,1295500,0.0,0.0
2016-05-04 00:00:00-04:00,51.69126327731223,53.23575018191836,51.60838803376516,53.06999969482422,2227600,0.0,0.0
2016-05-05 00:00:00-04:00,52.956993100712786,53.66519771240468,52.8063082109694,53.28849411010742,1523300,0.0,0.0
2016-05-06 00:00:00-04:00,53.250817937448275,53.81587330361473,52.67069695732184,53.62752151489258,1432800,0.0,0.0
2016-05-09 00:00:00-04:00,53.68778331620432,54.298041134177716,53.58983672949018,54.15489196777344,1563700,0.0,0.0
2016-05-10 00:00:00-04:00,54.32065091002802,55.03639110582366,53.82340521163908,54.509002685546875,2541900,0.0,0.0
2016-05-11 00:00:00-04:00,54.44874233281515,54.501480613206716,52.57275978969634,52.633033752441406,3002300,0.0,0.0
2016-05-12 00:00:00-04:00,52.708356676853754,52.911779799829525,52.02275924840122,52.6480827331543,1953600,0.0,0.0
2016-05-13 00:00:00-04:00,52.49739146198281,52.67067757297061,51.985074555284555,52.1357536315918,1370400,0.0,0.0
2016-05-16 00:00:00-04:00,52.03028769040727,52.87410563391743,52.03028769040727,52.550140380859375,1704300,0.0,0.0
2016-05-17 00:00:00-04:00,52.52000761402926,52.52000761402926,51.178943911986295,51.352230072021484,1905100,0.0,0.0
2016-05-18 00:00:00-04:00,51.51797809518036,51.5255137760216,50.4029387483704,51.00566101074219,3080900,0.0,0.0
2016-05-19 00:00:00-04:00,50.5008776144605,50.71183068536876,50.169376647010324,50.3426628112793,1955100,0.0,0.0
2016-05-20 00:00:00-04:00,50.64401900973009,50.937847277276376,50.33511938341572,50.83237075805664,1551100,0.0,0.0
2016-05-23 00:00:00-04:00,50.9529128179995,51.19400282560468,50.61388197069318,50.885108947753906,1491300,0.0,0.0
2016-05-24 00:00:00-04:00,51.29196096551331,51.495378370103694,50.96045997487959,51.21662139892578,2711000,0.0,0.0
2016-05-25 00:00:00-04:00,51.374826322836846,51.932345905903254,50.90017622343492,51.86453628540039,2357000,0.0,0.0
2016-05-26 00:00:00-04:00,51.81933680134439,52.05289115117668,51.48783585471298,51.78919982910156,1687300,0.0,0.0
2016-05-27 00:00:00-04:00,51.841950926992844,52.18851757151839,51.4577173688691,51.774147033691406,1165000,0.0,0.0
2016-05-31 00:00:00-04:00,51.90220528953022,52.30151006075947,51.472763549976634,52.14329528808594,1978800,0.0,0.0
2016-06-01 00:00:00-04:00,51.14880786142683,51.5556483875959,49.61185667857923,50.003631591796875,4515900,0.0,0.0
2016-06-02 00:00:00-04:00,50.335124481602435,50.38033281444638,49.46117526982977,50.10157012939453,4539900,0.0,0.0
2016-06-03 00:00:00-04:00,50.48580347207065,50.48580347207065,48.81323905238416,48.9488525390625,2643400,0.0,0.0
2016-06-06 00:00:00-04:00,48.94886408531803,49.06940624188879,47.54752630843501,47.9317626953125,3482000,0.0,0.0
2016-06-07 00:00:00-04:00,48.127644225681195,48.436541008068424,47.93175677888741,48.338600158691406,2096500,0.0,0.0
2016-06-08 00:00:00-04:00,47.95435273829745,48.42899703979492,47.55504510694926,48.42899703979492,1775100,0.0,0.0
2016-06-09 00:00:00-04:00,48.33105901737074,48.65502424936772,48.210514015280204,48.564613342285156,1815500,0.0,0.0
2016-06-10 00:00:00-04:00,48.23310570428521,48.63994610735889,47.88654210487973,48.53446960449219,2384200,0.0,0.0
2016-06-13 00:00:00-04:00,48.59476366868902,49.18995603749676,48.346137916900844,48.39887619018555,2077500,0.0,0.0
2016-06-14 00:00:00-04:00,48.45913726440809,48.89611469721348,48.24818422734044,48.632423400878906,2542100,0.0,0.0
2016-06-15 00:00:00-04:00,48.72283349751254,49.423502297646735,48.52695179926752,49.378299713134766,2379000,0.0,0.0
2016-06-16 00:00:00-04:00,49.25022328546016,50.04883295731786,49.061871513943544,49.9132194519043,2572400,0.0,0.0
2016-06-17 00:00:00-04:00,49.71732812497043,49.80773903754589,49.09200466078501,49.58171463012695,3112300,0.0,0.0
2016-06-20 00:00:00-04:00,50.16937970723753,50.68169680271076,49.58172304585009,49.60432434082031,2466200,0.0,0.0
2016-06-21 00:00:00-04:00,49.7324044548917,49.89815493715948,49.52145138583816,49.72486877441406,2493800,0.0,0.0
2016-06-22 00:00:00-04:00,49.88308369602528,50.31252551564152,49.521451504790576,50.003631591796875,2976000,0.0,0.0
2016-06-23 00:00:00-04:00,50.41662380784128,50.424211358865314,49.96111589735738,50.173683166503906,2458600,0.504,0.0
2016-06-24 00:00:00-04:00,49.34618680531742,49.991481935905334,48.90586559450741,49.725772857666016,3818200,0.0,0.0
2016-06-27 00:00:00-04:00,49.255087531632235,50.13573001518599,49.04252025409137,50.08258819580078,2228400,0.0,0.0
2016-06-28 00:00:00-04:00,50.477349351535565,51.4718687025798,50.287556333888915,51.46427536010742,2614000,0.0,0.0
2016-06-29 00:00:00-04:00,51.62369709386376,52.291766382891424,51.259291977652325,51.631290435791016,1599600,0.0,0.0
2016-06-30 00:00:00-04:00,51.6616625087914,52.29936427764687,51.32762493918711,52.291770935058594,1993900,0.0,0.0
2016-07-01 00:00:00-04:00,52.390470692975214,52.57267038372979,51.93496857007688,52.382877349853516,2266800,0.0,0.0
2016-07-05 00:00:00-04:00,52.36768723603906,53.43052340500959,52.26139782711929,52.97502136230469,2277200,0.0,0.0
2016-07-06 00:00:00-04:00,52.84598058262829,53.00540605947223,51.995705580769396,52.549903869628906,2586700,0.0,0.0
2016-07-07 00:00:00-04:00,52.43602550403813,52.62581856084904,51.889420573698786,52.61063766479492,2037100,0.0,0.0
2016-07-08 00:00:00-04:00,53.01298167345738,53.536806410172346,52.73208595085468,53.52162551879883,2416300,0.0,0.0
2016-07-11 00:00:00-04:00,53.60513233104348,53.84047378419569,53.02816002213038,53.72659683227539,2312400,0.0,0.0
2016-07-12 00:00:00-04:00,53.468480793965796,53.99989884338715,53.1648108548583,53.91638946533203,1967100,0.0,0.0
2016-07-13 00:00:00-04:00,54.13655756093016,54.30357634028551,53.68864882722548,53.83289337158203,2041700,0.0,0.0
2016-07-14 00:00:00-04:00,53.75697552000901,53.969542785130564,53.25592493679727,53.483673095703125,1287400,0.0,0.0
2016-07-15 00:00:00-04:00,53.55958866698115,53.55958866698115,52.63339786999229,52.81559753417969,1462000,0.0,0.0
2016-07-18 00:00:00-04:00,52.93707508521604,53.134455668430206,52.70932112978591,53.00539779663086,1418300,0.0,0.0
2016-07-19 00:00:00-04:00,52.9142915552579,53.71142455450151,52.72449853563068,53.68105697631836,1808500,0.0,0.0
2016-07-20 00:00:00-04:00,53.62032273453745,53.68865123462083,53.11167882334633,53.21036911010742,1626300,0.0,0.0
2016-07-21 00:00:00-04:00,53.14204111780287,53.21795716099516,52.77763600164789,53.10408020019531,1944800,0.0,0.0
2016-07-22 00:00:00-04:00,53.111688227460235,53.58237709263408,52.86875334685989,53.38499069213867,2021300,0.0,0.0
2016-07-25 00:00:00-04:00,53.5064388080335,53.71141267540755,53.020563456585094,53.26350402832031,1665100,0.0,0.0
2016-07-26 00:00:00-04:00,52.91429505605407,53.066132957015384,52.66377265550936,53.00539779663086,1890100,0.0,0.0
2016-07-27 00:00:00-04:00,50.386264164666336,51.107475483167036,49.634679469190274,50.07500076293945,11465800,0.0,0.0
2016-07-28 00:00:00-04:00,49.907974593695215,51.06191948382879,49.65745219077925,50.75065612792969,4188900,0.0,0.0
2016-07-29 00:00:00-04:00,50.75066348767095,51.94256368223289,50.636786492363846,51.616119384765625,3395000,0.0,0.0
2016-08-01 00:00:00-04:00,51.616099834671296,52.132336998112415,51.547777138579654,51.896995544433594,2352800,0.0,0.0
2016-08-02 00:00:00-04:00,51.79072847974999,51.79072847974999,50.81139564540184,51.06951141357422,2884400,0.0,0.0
2016-08-03 00:00:00-04:00,50.71269985495728,50.81139014527727,49.81687652305157,50.112953186035156,3708200,0.0,0.0
2016-08-04 00:00:00-04:00,50.13573106010182,50.59882654954924,50.10536347810251,50.378665924072266,2899500,0.0,0.0
2016-08-05 00:00:00-04:00,50.53809002190703,51.039146423339844,50.1888715263738,51.039146423339844,2018100,0.0,0.0
2016-08-08 00:00:00-04:00,51.1074607372097,52.04124488094244,50.9252610720995,51.8514518737793,2210000,0.0,0.0
2016-08-09 00:00:00-04:00,51.85145383025039,52.17789804656938,51.60092566125656,52.10956954956055,2477700,0.0,0.0
2016-08-10 00:00:00-04:00,52.05643382391154,52.231045965996685,50.78861773007077,51.061920166015625,2411900,0.0,0.0
2016-08-11 00:00:00-04:00,51.11505649906608,51.15301162708176,50.05980779264503,50.36347198486328,1486000,0.0,0.0
2016-08-12 00:00:00-04:00,50.40903350607157,51.01636776998567,50.166098642101126,50.378665924072266,1365400,0.0,0.0
2016-08-15 00:00:00-04:00,50.439399952244756,50.86453450661358,50.348297208298334,50.515316009521484,1289000,0.0,0.0
2016-08-16 00:00:00-04:00,50.27238666934012,50.52291489867493,49.968716614875916,50.097774505615234,1399000,0.0,0.0
2016-08-17 00:00:00-04:00,50.18886503769841,50.35588381658297,49.36136448559488,50.30274200439453,1894000,0.0,0.0
2016-08-18 00:00:00-04:00,50.150912695240585,50.56845971386341,49.64226872129941,49.832061767578125,1865900,0.0,0.0
2016-08-19 00:00:00-04:00,49.63467788696288,49.80169670285565,49.04252447936083,49.63467788696289,1599200,0.0,0.0
2016-08-22 00:00:00-04:00,49.72577559093366,49.85483346574044,49.171577375551855,49.604305267333984,1656200,0.0,0.0
2016-08-23 00:00:00-04:00,49.862431687350615,49.90039261519544,49.3841552734375,49.3841552734375,1008000,0.0,0.0
2016-08-24 00:00:00-04:00,49.148800627992564,49.51320578815861,48.79198881066968,49.201942443847656,1727200,0.0,0.0
2016-08-25 00:00:00-04:00,49.17156907362782,50.234411057583806,48.94382094336623,49.80927658081055,1839700,0.0,0.0
2016-08-26 00:00:00-04:00,49.83964278726306,50.378654210369454,48.708478132913655,49.004554748535156,2437700,0.0,0.0
2016-08-29 00:00:00-04:00,49.07287928970914,49.77131616343591,49.02733082160349,49.35377502441406,1441100,0.0,0.0
2016-08-30 00:00:00-04:00,49.346191088494486,49.3841520138337,48.71607679681718,49.10325622558594,1571200,0.0,0.0
2016-08-31 00:00:00-04:00,49.08047116178349,49.399322013019294,48.890678160997034,49.24748992919922,3215300,0.0,0.0
2016-09-01 00:00:00-04:00,49.27027383017808,49.315822305856884,48.77681077290346,48.89828109741211,1900500,0.0,0.0
2016-09-02 00:00:00-04:00,49.103259694894746,49.619497039052305,48.594615694746324,49.03493118286133,1994600,0.0,0.0
2016-09-06 00:00:00-04:00,49.10325274585988,49.361368485398216,48.65533818509967,49.346187591552734,2754900,0.0,0.0
2016-09-07 00:00:00-04:00,49.34618690483874,49.93074687814418,48.90586569314069,49.892791748046875,2250700,0.0,0.0
2016-09-08 00:00:00-04:00,49.6270856683924,49.6270856683924,48.79199166745511,48.89828109741211,4005300,0.0,0.0
2016-09-09 00:00:00-04:00,48.40480307703694,48.65532831885143,47.402696317756536,47.67599868774414,3197700,0.0,0.0
2016-09-12 00:00:00-04:00,47.45584214478058,48.602190631577436,47.364742312402186,48.44276809692383,2617700,0.0,0.0
2016-09-13 00:00:00-04:00,48.032817383802616,48.093549643688206,47.5089896962414,47.62286376953125,2299200,0.0,0.0
2016-09-14 00:00:00-04:00,48.9210574493165,48.9210574493165,47.888582814471306,48.29094314575195,2683700,0.0,0.0
2016-09-15 00:00:00-04:00,48.25298389160022,48.95142378992911,47.96449765776794,48.860321044921875,2069900,0.0,0.0
2016-09-16 00:00:00-04:00,48.6021871387286,48.93622466012919,48.268155409350506,48.90585708618164,4428500,0.0,0.0
2016-09-19 00:00:00-04:00,49.012138407934344,49.48282709408552,48.867899678453966,49.44486618041992,1970200,0.0,0.0
2016-09-20 00:00:00-04:00,49.68780727123744,49.77131665827666,49.444872452220494,49.50560760498047,2001500,0.0,0.0
2016-09-21 00:00:00-04:00,49.5815292276368,50.24960439910632,48.898278954304594,50.112953186035156,4050000,0.0,0.0
2016-09-22 00:00:00-04:00,50.581167334335966,51.63143518201998,50.49297650749154,51.599365234375,3080900,3.504,0.0
2016-09-23 00:00:00-04:00,51.414964987087565,52.16859347114466,51.1022936992346,51.66350555419922,3699600,0.0,0.0
2016-09-26 00:00:00-04:00,51.46306735566011,52.00022516194117,51.46306735566011,51.703582763671875,3146800,0.0,0.0
2016-09-27 00:00:00-04:00,52.00824791801512,52.801959219961134,51.47910297223984,51.7757453918457,3298000,0.0,0.0
2016-09-28 00:00:00-04:00,51.87996797627696,52.585488451821064,51.83186611470166,52.52135467529297,2383500,0.0,0.0
2016-09-29 00:00:00-04:00,52.240745195705294,52.63359129928078,51.65547943115235,51.655479431152344,2899000,0.0,0.0
2016-09-30 00:00:00-04:00,52.05635439277976,52.37704777166374,51.45505660114133,51.5753173828125,3235300,0.0,0.0
2016-10-03 00:00:00-04:00,51.37487191614049,51.37487191614049,50.56512271356288,50.58115768432617,2410600,0.0,0.0
2016-10-04 00:00:00-04:00,50.82970003678385,50.82970003678385,49.84356911923723,50.11615753173828,3049200,0.0,0.0
2016-10-05 00:00:00-04:00,50.1642676406305,50.39677017560725,48.91356719646868,49.23426055908203,4150300,0.0,0.0
2016-10-06 00:00:00-04:00,48.9376146582974,49.68322402730405,48.304247033724764,49.19416809082031,3834400,0.0,0.0
2016-10-07 00:00:00-04:00,49.43468191354706,50.092100405002704,48.648986717864894,48.74519348144531,2462000,0.0,0.0
2016-10-10 00:00:00-04:00,48.74519751275635,48.99373498578127,48.648990741219464,48.77726745605469,1945700,0.0,0.0
2016-10-11 00:00:00-04:00,48.75321428041592,48.92959284371012,48.432520978931585,48.504676818847656,2561000,0.0,0.0
2016-10-12 00:00:00-04:00,48.63295725548962,49.71529187883382,48.512696493625505,49.02580642700195,3115200,0.0,0.0
2016-10-13 00:00:00-04:00,48.76925298949284,49.17813407478605,48.504680536735066,49.02580642700195,2279200,0.0,0.0
2016-10-14 00:00:00-04:00,49.122020075816145,49.723317852568385,48.79331074685927,49.22624588012695,2293200,0.0,0.0
2016-10-17 00:00:00-04:00,49.87562779085001,49.87562779085001,49.15407255027589,49.178123474121094,1949900,0.0,0.0
2016-10-18 00:00:00-04:00,49.699270612584044,49.851598293002695,48.84141624032654,48.969696044921875,2222000,0.0,0.0
2016-10-19 00:00:00-04:00,48.953645933891295,49.2101993470432,48.79329928608187,49.097957611083984,2720100,0.0,0.0
2016-10-20 00:00:00-04:00,49.05787648902233,49.40262076643677,48.76123713113959,48.92959976196289,1866100,0.0,0.0
2016-10-21 00:00:00-04:00,48.560804553961816,49.09796545114462,48.44856280007961,48.92959976196289,1867500,0.0,0.0
2016-10-24 00:00:00-04:00,49.21822296445983,49.52288133688493,48.552788401252656,48.67304611206055,1498900,0.0,0.0
2016-10-25 00:00:00-04:00,48.135889870320526,48.68908269842634,47.99157816588275,48.40045928955078,2733400,0.0,0.0
2016-10-26 00:00:00-04:00,49.25830587712331,49.354515709957894,48.135885352610494,49.02580642700195,2433200,0.0,0.0
2016-10-27 00:00:00-04:00,48.8814988194349,48.8814988194349,47.76709415872049,47.983558654785156,2064400,0.0,0.0
2016-10-28 00:00:00-04:00,48.09579173091618,48.85743290593323,47.99958191352558,48.24811935424805,1810700,0.0,0.0
2016-10-31 00:00:00-04:00,48.536754426015214,49.659175041756875,48.368391792407735,49.5068473815918,2013800,0.0,0.0
2016-11-01 00:00:00-04:00,49.418652853527945,49.562964545336705,48.54476674573412,48.761234283447266,2129200,0.0,0.0
2016-11-02 00:00:00-04:00,48.953645999501376,49.691236298712184,48.705108542145766,48.80131530761719,2335500,0.0,0.0
2016-11-03 00:00:00-04:00,48.81734031441395,49.4907936519749,48.705098601213344,49.14604949951172,2035400,0.0,0.0
2016-11-04 00:00:00-04:00,49.30641470546902,49.667193961327065,48.96167042302226,49.378570556640625,1698300,0.0,0.0
2016-11-07 00:00:00-05:00,49.971842799021005,50.14822135615494,49.13002367661579,49.394596099853516,1760500,0.0,0.0
2016-11-08 00:00:00-05:00,49.434686468306644,50.36469342422635,49.162098064415105,50.16426086425781,1570300,0.0,0.0
2016-11-09 00:00:00-05:00,49.23424973498803,50.052014877344654,48.272172917018025,49.13002395629883,2501800,0.0,0.0
2016-11-10 00:00:00-05:00,49.258313244167056,49.258313244167056,47.534594769251775,48.08778762817383,2351300,0.0,0.0
2016-11-11 00:00:00-05:00,48.10381211183231,48.98571411053937,47.999586329249766,48.143898010253906,2325900,0.0,0.0
2016-11-14 00:00:00-05:00,48.183989605373995,49.36253412012545,47.318122475337404,48.905548095703125,3065800,0.0,0.0
2016-11-15 00:00:00-05:00,49.10597317592335,49.30640571949855,46.9813869906831,47.542598724365234,3901700,0.0,0.0
2016-11-16 00:00:00-05:00,47.446397459487734,48.17597188033498,47.22992992033197,48.04769515991211,2089100,0.0,0.0
2016-11-17 00:00:00-05:00,47.99958390815123,48.544760662588594,47.18983779078983,47.294063568115234,1417000,0.0,0.0
2016-11-18 00:00:00-05:00,47.422340793751836,47.61475432193191,46.724833343614876,47.28604507446289,1740900,0.0,0.0
2016-11-21 00:00:00-05:00,47.34217476398777,47.83924670583383,47.069586332970545,47.14976119995117,1950700,0.0,0.0
2016-11-22 00:00:00-05:00,47.3341625895876,48.29623966173864,47.05355512026591,48.15192794799805,2187600,0.0,0.0
2016-11-23 00:00:00-05:00,47.919413732140676,48.007604542210174,46.8611301280226,47.47044372558594,1813000,0.0,0.0
2016-11-25 00:00:00-05:00,47.542605718119724,47.89536900405437,47.25398232357623,47.64683151245117,773500,0.0,0.0
2016-11-28 00:00:00-05:00,47.57468067641563,48.62494857091728,47.56666471832633,48.08778762817383,2226400,0.0,0.0
2016-11-29 00:00:00-05:00,48.20001975778121,48.849422334130075,48.14389888729702,48.49666213989258,2596600,0.0,0.0
2016-11-30 00:00:00-05:00,48.13588565257671,48.66502750303147,47.81519232451276,48.11183166503906,3672400,0.0,0.0
2016-12-01 00:00:00-05:00,47.783121648820845,48.28019660554918,47.39027553923029,47.86329650878906,2996900,0.0,0.0
2016-12-02 00:00:00-05:00,48.22407247381735,48.88950694561407,48.10381172117123,48.504676818847656,2080300,0.0,0.0
2016-12-05 00:00:00-05:00,48.520709519784845,49.01778136130857,48.328292936224585,48.97769546508789,3081400,0.0,0.0
2016-12-06 00:00:00-05:00,49.08994367813675,49.80348312347483,48.99373690283544,49.53891372680664,4399900,0.0,0.0
2016-12-07 00:00:00-05:00,49.54693041479009,50.22840298398779,49.49882855560885,50.21236801147461,3291600,0.0,0.0
2016-12-08 00:00:00-05:00,49.939773297393856,50.58917278130895,49.635114974781565,50.428829193115234,2003200,0.0,0.0
2016-12-09 00:00:00-05:00,50.38873874214318,51.10228114520166,50.29253198041084,50.4047737121582,2807300,0.0,0.0
2016-12-12 00:00:00-05:00,50.31658809949947,50.78159310285558,50.14822548450148,50.52503967285156,1620700,0.0,0.0
2016-12-13 00:00:00-05:00,50.998067685273384,51.0301376330483,50.172286409399874,50.6292724609375,2083700,0.0,0.0
2016-12-14 00:00:00-05:00,50.77357992009424,50.90987259919822,50.01995150222137,50.34064483642578,2452900,0.0,0.0
2016-12-15 00:00:00-05:00,50.300550379917176,50.97400382052948,49.90770126524426,50.50899887084961,2287400,0.0,0.0
2016-12-16 00:00:00-05:00,50.87778710499008,51.48710364208931,50.57313189479782,51.35081100463867,3408800,0.0,0.0
2016-12-19 00:00:00-05:00,51.54323820765577,51.687549896487695,51.14237308498,51.422977447509766,2121800,0.0,0.0
2016-12-20 00:00:00-05:00,51.37488140899533,51.815829423851824,51.2385856615021,51.63945388793945,2303500,0.0,0.0
2016-12-21 00:00:00-05:00,51.71160792076875,52.22471485886226,50.64530508012682,50.8778076171875,4001200,0.0,0.0
2016-12-22 00:00:00-05:00,50.872954852681545,50.95376847933196,50.18602669478405,50.88911819458008,1577800,0.504,0.0
2016-12-23 00:00:00-05:00,51.074988643751844,51.15580226508842,50.67091437138488,50.87295150756836,1238500,0.0,0.0
2016-12-27 00:00:00-05:00,50.92952220103924,51.39016662981216,50.7355651917886,51.0669059753418,933500,0.0,0.0
2016-12-28 00:00:00-05:00,51.22853993999106,51.2366231524899,50.51736829936571,50.84870910644531,1206600,0.0,0.0
2016-12-29 00:00:00-05:00,50.95377515195698,51.559886679734845,50.76790132004623,51.46290969848633,1301600,0.0,0.0
2016-12-30 00:00:00-05:00,51.39017252972855,52.07710072863125,51.06691183814582,52.012447357177734,1542200,0.0,0.0
2017-01-03 00:00:00-05:00,52.4246024261305,52.4246024261305,51.091155989653075,51.4224967956543,3005100,0.0,0.0
2017-01-04 00:00:00-05:00,51.592196406226996,52.06092089719837,51.17195884851791,51.94778060913086,1934000,0.0,0.0
2017-01-05 00:00:00-05:00,51.69726712273714,52.69128645168836,51.18813263962848,52.650882720947266,1693800,0.0,0.0
2017-01-06 00:00:00-05:00,52.505423703178714,53.103452033895216,52.30338652172316,52.836761474609375,1638000,0.0,0.0
2017-01-09 00:00:00-05:00,52.73977938167416,52.7640228531735,52.09325803516398,52.101341247558594,1777900,0.0,0.0
2017-01-10 00:00:00-05:00,51.7053482356372,52.06093251791235,51.31743726874368,51.624534606933594,1958800,0.0,0.0
2017-01-11 00:00:00-05:00,51.59220862570793,51.80232591290739,51.147727496093495,51.16389083862305,2235600,0.0,0.0
2017-01-12 00:00:00-05:00,51.06690743776432,52.04476955826165,50.719403303251795,51.81040573120117,2286700,0.0,0.0
2017-01-13 00:00:00-05:00,51.67301577233373,51.705342453336954,50.94568394681306,51.22853469848633,1534900,0.0,0.0
2017-01-17 00:00:00-05:00,51.34976719062907,51.68110802175047,50.97801954260848,51.30127716064453,2156600,0.0,0.0
2017-01-18 00:00:00-05:00,51.325513272014156,51.8265645119462,51.02649917044011,51.39824676513672,2113700,0.0,0.0
2017-01-19 00:00:00-05:00,51.2123670332325,51.33359053533659,50.8729461598878,50.913352966308594,1940900,0.0,0.0
2017-01-20 00:00:00-05:00,51.07499245855907,51.53563691683572,50.78405846747019,51.20429611206055,2100700,0.0,0.0
2017-01-23 00:00:00-05:00,51.05073625677431,51.212366563817675,50.63050177443992,50.92951583862305,2037100,0.0,0.0
2017-01-24 00:00:00-05:00,50.978007124952505,51.03457727140004,50.13753197367232,50.339569091796875,2848900,0.0,0.0
2017-01-25 00:00:00-05:00,50.33149467342226,50.53353182684203,49.733466425691454,49.862770080566406,2656300,0.0,0.0
2017-01-26 00:00:00-05:00,50.08904417427613,50.18602113207598,49.62031964254196,49.7172966003418,2200700,0.0,0.0
2017-01-27 00:00:00-05:00,49.83043937019305,50.01631316638088,49.02229082180663,49.31322479248047,2565100,0.0,0.0
2017-01-30 00:00:00-05:00,49.151599622931336,49.31322996613434,48.79601533415864,49.054622650146484,3167700,0.0,0.0
2017-01-31 00:00:00-05:00,49.11119079589844,49.79003574326683,48.87682696199741,49.11119079589844,2923000,0.0,0.0
2017-02-01 00:00:00-05:00,49.08693730762117,49.3212980108558,48.076751763680384,48.4080924987793,4693200,0.0,0.0
2017-02-02 00:00:00-05:00,48.311118443214646,49.2970606425756,48.29495510257112,49.10310363769531,3153600,0.0,0.0
2017-02-03 00:00:00-05:00,49.42637552201169,49.701146209736955,48.351539329009405,48.7960205078125,3078200,0.0,0.0
2017-02-06 00:00:00-05:00,48.77984839795232,49.14351587265717,48.53740444242981,48.94147872924805,1676800,0.0,0.0
2017-02-07 00:00:00-05:00,48.8768260987504,49.167760082890226,48.634382139581284,49.02229309082031,2088500,0.0,0.0
2017-02-08 00:00:00-05:00,49.183924805733504,49.94358338788744,49.01421433783352,49.6364860534668,2895000,0.0,0.0
2017-02-09 00:00:00-05:00,49.636486654390275,49.7900368648807,49.40212589805209,49.6284065246582,1490300,0.0,0.0
2017-02-10 00:00:00-05:00,49.53950674235399,50.05672133408637,49.361716153222325,50.048641204833984,1585000,0.0,0.0
2017-02-13 00:00:00-05:00,50.024399334800115,50.35574013590778,49.248574339536354,50.218353271484375,2307000,0.0,0.0
2017-02-14 00:00:00-05:00,49.86277299825874,50.202193956100665,49.38596516497426,50.10521697998047,1434200,0.0,0.0
2017-02-15 00:00:00-05:00,49.79004133266392,49.95167168738991,49.20009315833026,49.830448150634766,1356700,0.0,0.0
2017-02-16 00:00:00-05:00,49.781948430984286,50.30724621090159,49.781948430984286,50.00823211669922,1041400,0.0,0.0
2017-02-17 00:00:00-05:00,50.113293912507224,50.22643730741089,49.40212535588076,49.76579284667969,1365600,0.0,0.0
2017-02-21 00:00:00-05:00,49.652648236006925,50.54969366373224,49.53142779727029,50.44463348388672,1524800,0.0,0.0
2017-02-22 00:00:00-05:00,50.51736577252565,50.800219621833264,49.53142661310161,50.048641204833984,1459100,0.0,0.0
2017-02-23 00:00:00-05:00,50.27492500268156,50.71940612792969,50.17794803129925,50.71940612792969,1310500,0.0,0.0
2017-02-24 00:00:00-05:00,50.59009819933731,50.74364839747078,50.331490908929666,50.735565185546875,1171500,0.0,0.0
2017-02-27 00:00:00-05:00,50.84870729462462,51.39824857695741,50.63859001977605,51.123477935791016,1456200,0.0,0.0
2017-02-28 00:00:00-05:00,51.091152256948206,51.31743286417052,50.808298415078255,50.96992874145508,1805800,0.0,0.0
2017-03-01 00:00:00-05:00,50.856782354595616,51.54370730597782,50.444624917492945,50.92951583862305,2442000,0.0,0.0
2017-03-02 00:00:00-05:00,50.824463823676524,51.34976163506122,50.5981832072485,51.123477935791016,1851000,0.0,0.0
2017-03-03 00:00:00-05:00,50.90528027252317,50.90528027252317,49.74962755963157,50.36381912231445,2087100,0.0,0.0
2017-03-06 00:00:00-05:00,50.226436077592325,50.7355674694022,50.01631571790127,50.44463348388672,1452200,0.0,0.0
2017-03-07 00:00:00-05:00,50.33958058161891,50.565861219056764,50.072890045059324,50.54969787597656,1374300,0.0,0.0
2017-03-08 00:00:00-05:00,50.299166444768616,50.76789099450607,50.12137277960509,50.64666748046875,2444600,0.0,0.0
2017-03-09 00:00:00-05:00,50.7032448854796,50.86487214036941,50.16178371650348,50.21027374267578,2774400,0.0,0.0
2017-03-10 00:00:00-05:00,50.21027811337787,51.0669137370944,49.58800326278909,50.07289123535156,2780200,0.0,0.0
2017-03-13 00:00:00-04:00,50.17793462477229,50.84869619831269,50.10520114495789,50.56584548950195,3129200,0.0,0.0
2017-03-14 00:00:00-04:00,50.51736637399008,50.83254690974407,50.283005628774994,50.37190246582031,2214600,0.0,0.0
2017-03-15 00:00:00-04:00,50.31532494994807,51.454814227405706,50.31532494994807,51.252777099609375,1659000,0.0,0.0
2017-03-16 00:00:00-04:00,51.188127888653284,51.68917911283534,51.04266090698076,51.22853469848633,1518300,0.0,0.0
2017-03-17 00:00:00-04:00,51.39017173056359,51.70534920439211,51.12348120172875,51.260868072509766,2604200,0.0,0.0
2017-03-20 00:00:00-04:00,51.349759818713885,51.511390145949065,50.96992901213751,51.0669059753418,1118900,0.0,0.0
2017-03-21 00:00:00-04:00,51.155808990375995,51.35784615312064,50.88912153863113,50.9052848815918,2103400,0.0,0.0
2017-03-22 00:00:00-04:00,51.139649762509194,51.28511677801814,50.79214556799812,51.21238327026367,1568600,0.0,0.0
2017-03-23 00:00:00-04:00,51.231928303083926,51.71255870234525,51.06900216463713,51.44373321533203,1645000,0.504,0.0
2017-03-24 00:00:00-04:00,51.606660328289124,51.77773449634684,51.19120159456692,51.27266311645508,1738700,0.0,0.0
2017-03-27 00:00:00-04:00,51.19119912472898,51.37041819330553,50.433595199001566,50.669837951660156,1361400,0.0,0.0
2017-03-28 00:00:00-04:00,50.669833199637445,50.922365746157915,50.0344216104383,50.840904235839844,1735700,0.0,0.0
2017-03-29 00:00:00-04:00,50.800164843355056,50.95494292966613,50.24621796621652,50.743141174316406,1610200,0.0,0.0
2017-03-30 00:00:00-04:00,50.72684999967192,50.82460442030932,50.10773141800204,50.661678314208984,1133100,0.0,0.0
2017-03-31 00:00:00-04:00,50.59650956615815,50.938651591017006,50.425438553728725,50.686119079589844,1768100,0.0,0.0
2017-04-03 00:00:00-04:00,50.70242104197965,50.83276132815204,50.1729118814032,50.62095642089844,1313500,0.0,0.0
2017-04-04 00:00:00-04:00,50.661683486549705,51.48445900795761,50.50690537910856,50.775733947753906,1889100,0.0,0.0
2017-04-05 00:00:00-04:00,50.83276119321703,51.49260753065676,50.58837043817968,51.329681396484375,1867500,0.0,0.0
2017-04-06 00:00:00-04:00,51.288949821896836,51.4926067094751,50.89792897065346,51.240074157714844,1201600,0.0,0.0
2017-04-07 00:00:00-04:00,51.31338759367836,51.614798898570264,51.16675439506991,51.35411834716797,1475000,0.0,0.0
2017-04-10 00:00:00-04:00,51.25636257504271,51.802164634784845,51.17490106525786,51.720703125,1016600,0.0,0.0
2017-04-11 00:00:00-04:00,51.679978237034526,52.07099914550781,51.647395491996875,52.07099914550781,1550500,0.0,0.0
2017-04-12 00:00:00-04:00,52.095431571370526,52.29908534790167,51.63109412425316,51.679969787597656,1536100,0.0,0.0
2017-04-13 00:00:00-04:00,51.663677982846586,51.80216628295594,51.451876186132736,51.51704788208008,1301600,0.0,0.0
2017-04-17 00:00:00-04:00,51.59036812978877,52.22577667236328,51.51705152044881,52.22577667236328,1247000,0.0,0.0
2017-04-18 00:00:00-04:00,52.07099669954576,52.63309175396331,51.99768319598639,52.45387268066406,1615200,0.0,0.0
2017-04-19 00:00:00-04:00,52.38055208233067,52.69010830284562,52.07098964670095,52.41313171386719,1832100,0.0,0.0
2017-04-20 00:00:00-04:00,52.519040740956676,52.519040740956676,52.103578937582895,52.46201705932617,1663600,0.0,0.0
2017-04-21 00:00:00-04:00,52.299074687157,52.60863706554337,52.217613193149816,52.3642463684082,1797700,0.0,0.0
2017-04-24 00:00:00-04:00,52.78787673935801,52.86933826524424,51.50890840852656,52.299095153808594,2358700,0.0,0.0
2017-04-25 00:00:00-04:00,52.38868564544617,52.93449072214317,52.01395779054811,52.89375686645508,2800700,0.0,0.0
2017-04-26 00:00:00-04:00,52.75527524608375,53.68395003912586,52.453860853034776,53.17887878417969,3491100,0.0,0.0
2017-04-27 00:00:00-04:00,53.178887556594816,53.23591123872812,52.50274517193192,52.56791687011719,1845700,0.0,0.0
2017-04-28 00:00:00-04:00,52.4294235434616,52.722689924708206,52.21761866475811,52.608642578125,1920300,0.0,0.0
2017-05-01 00:00:00-04:00,52.763427382427416,53.16259938482893,52.510894813038405,52.81230926513672,1898800,0.0,0.0
2017-05-02 00:00:00-04:00,52.8693239536654,53.06483280589184,52.57605756776856,52.730838775634766,1645700,0.0,0.0
2017-05-03 00:00:00-04:00,52.84489916064241,52.96708833898103,51.99768563850465,52.07099914550781,1846500,0.0,0.0
2017-05-04 00:00:00-04:00,51.93250806825306,52.54347875140897,51.720706265417675,52.47016525268555,2423400,0.0,0.0
2017-05-05 00:00:00-04:00,52.65752810311894,53.39069419360946,52.60865243545805,53.34996032714844,1749900,0.0,0.0
2017-05-08 00:00:00-04:00,53.46400630262298,53.56176385051408,52.69011258094302,52.96708297729492,1500100,0.0,0.0
2017-05-09 00:00:00-04:00,52.893765723898014,53.032250912245814,52.51903780624907,52.8204460144043,1379300,0.0,0.0
2017-05-10 00:00:00-04:00,52.730844520334074,53.32551915671731,52.616790944402666,53.0729866027832,1065400,0.0,0.0
2017-05-11 00:00:00-04:00,52.779723061034396,52.91006024544907,52.26650990939446,52.79601287841797,1075000,0.0,0.0
2017-05-12 00:00:00-04:00,53.024098722567196,53.187027944663356,52.81230005651367,52.86932373046875,1249600,0.0,0.0
2017-05-15 00:00:00-04:00,52.80415619846948,53.31736930446623,52.69010884158131,52.8204460144043,1263000,0.0,0.0
2017-05-16 00:00:00-04:00,52.6656704173467,52.93449899060652,52.494599383939935,52.55976486206055,1283500,0.0,0.0
2017-05-17 00:00:00-04:00,52.58420896256506,52.88561716763851,52.33167020479638,52.41313171386719,2535200,0.0,0.0
2017-05-18 00:00:00-04:00,52.510897670454064,53.439572695965026,52.41314011483132,53.28479766845703,2086600,0.0,0.0
2017-05-19 00:00:00-04:00,53.284786877609676,53.43956187377376,52.755277768338026,53.398834228515625,1908800,0.0,0.0
2017-05-22 00:00:00-04:00,53.3581078833263,53.74913186658769,53.21147466649269,53.24406051635742,1435800,0.0,0.0
2017-05-23 00:00:00-04:00,53.170727196769995,53.374384044982875,52.76341350034422,52.89375686645508,1728300,0.0,0.0
2017-05-24 00:00:00-04:00,53.064836647974225,53.154446173214886,52.73898439392772,53.113712310791016,1325100,0.0,0.0
2017-05-25 00:00:00-04:00,53.333664751159446,53.382540413543204,52.706398080032436,53.0078125,1242700,0.0,0.0
2017-05-26 00:00:00-04:00,53.113709375468,53.17073305064112,52.8285909996024,53.089271545410156,799900,0.0,0.0
2017-05-30 00:00:00-04:00,53.081126591833524,53.33365910758049,52.91819737593702,53.20331573486328,1004600,0.0,0.0
2017-05-31 00:00:00-04:00,53.219620161949145,53.504738565866475,52.99152543881528,53.024105072021484,2252800,0.0,0.0
2017-06-01 00:00:00-04:00,52.99965619008482,53.015952218405566,52.46200534266197,52.89375686645508,1762300,0.0,0.0
2017-06-02 00:00:00-04:00,53.18703394397086,54.360099614923556,53.170737912365944,54.351951599121094,2351300,0.0,0.0
2017-06-05 00:00:00-04:00,54.09940718376709,54.98734804298443,53.87130629711553,54.922176361083984,1597400,0.0,0.0
2017-06-06 00:00:00-04:00,54.897746666942666,54.897746666942666,54.360095749398184,54.49858093261719,1546500,0.0,0.0
2017-06-07 00:00:00-04:00,54.49859106155068,54.775561479465516,54.38454368768977,54.65336608886719,1867500,0.0,0.0
2017-06-08 00:00:00-04:00,54.65334819140515,54.98734840199034,54.07496349476823,54.938472747802734,1427900,0.0,0.0
2017-06-09 00:00:00-04:00,54.83258113834409,55.13399558432901,54.52302489133561,55.09326171875,1703500,0.0,0.0
2017-06-12 00:00:00-04:00,54.92217486306042,55.06066002198638,54.34379018597537,54.53929901123047,1761700,0.0,0.0
2017-06-13 00:00:00-04:00,54.62892860675139,55.02810063295951,54.351958187046925,54.66966247558594,935700,0.0,0.0
2017-06-14 00:00:00-04:00,55.03623333942594,55.13399087940413,54.50673042277632,54.734825134277344,999000,0.0,0.0
2017-06-15 00:00:00-04:00,54.61263882891182,55.484290172623936,54.58005297684309,55.207313537597656,1127000,0.0,0.0
2017-06-16 00:00:00-04:00,55.63092547527751,56.030091301561896,55.484292243054426,55.8590202331543,2652700,0.0,0.0
2017-06-19 00:00:00-04:00,56.00565121694615,56.070822920899104,55.337656789217746,55.500579833984375,1507000,0.0,0.0
2017-06-20 00:00:00-04:00,55.541310416831855,55.85901468591199,54.9059018786716,55.525020599365234,1595900,0.0,0.0
2017-06-21 00:00:00-04:00,55.41911040326399,55.54945379256984,54.79184993379555,55.4028205871582,1285200,0.0,0.0
2017-06-22 00:00:00-04:00,55.29122147894615,55.33225321203394,54.63465113435286,55.0203857421875,1908900,0.504,0.0
2017-06-23 00:00:00-04:00,54.99574981247411,55.258376623332026,54.7249141527252,55.159889221191406,2129100,0.0,0.0
2017-06-26 00:00:00-04:00,55.307613443416585,55.438929970699945,55.00394867021131,55.10243606567383,877700,0.0,0.0
2017-06-27 00:00:00-04:00,54.90546851564279,55.315823278448015,54.454075771950336,54.50332260131836,1464400,0.0,0.0
2017-06-28 00:00:00-04:00,54.593594735934445,54.73312011365095,54.21606910659094,54.47049331665039,1349600,0.0,0.0
2017-06-29 00:00:00-04:00,54.33096801417139,54.57718337611394,53.89599296805406,54.41304397583008,1722100,0.0,0.0
2017-06-30 00:00:00-04:00,54.39662235780285,54.81518593832703,54.027305603027344,54.027305603027344,2061900,0.0,0.0
2017-07-03 00:00:00-04:00,54.19965706990631,54.74953094166398,53.88778970865196,54.6346321105957,1044600,0.0,0.0
2017-07-05 00:00:00-04:00,54.71669777752759,55.094223374862224,54.53614069586403,54.806976318359375,2157200,0.0,0.0
2017-07-06 00:00:00-04:00,54.27351446644428,54.34738157401075,53.214798509111,53.255836486816406,2827500,0.0,0.0
2017-07-07 00:00:00-04:00,53.280465080830034,53.63337045499598,53.00962941336186,53.3297119140625,1446600,0.0,0.0
2017-07-10 00:00:00-04:00,53.46922345366341,53.51025517043077,52.99321045624424,53.12452697753906,1394200,0.0,0.0
2017-07-11 00:00:00-04:00,53.26405390684932,53.370743899931,52.50899945231889,52.861907958984375,1048600,0.0,0.0
2017-07-12 00:00:00-04:00,53.06707743252575,53.633362710027576,53.06707743252575,53.38715362548828,1162600,0.0,0.0
2017-07-13 00:00:00-04:00,53.32970787152626,53.65798667343292,53.01783424359143,53.35432815551758,1098700,0.0,0.0
2017-07-14 00:00:00-04:00,53.6087492316181,53.8959963307955,53.461021257538704,53.72364807128906,1311200,0.0,0.0
2017-07-17 00:00:00-04:00,53.73185681146833,54.51152840215924,53.56771113975853,54.37200927734375,1212200,0.0,0.0
2017-07-18 00:00:00-04:00,54.28171606078977,54.44585542664537,53.89598166336211,54.207855224609375,1722200,0.0,0.0
2017-07-19 00:00:00-04:00,54.207862700389775,55.13526214225049,54.158615874629135,55.11885070800781,1774300,0.0,0.0
2017-07-20 00:00:00-04:00,55.09422416436934,55.578446004998426,55.03677475224551,55.11885070800781,1491300,0.0,0.0
2017-07-21 00:00:00-04:00,55.09422416436934,55.29940153074248,54.80697710375021,55.11885070800781,1187500,0.0,0.0
2017-07-24 00:00:00-04:00,55.13526187801823,55.26657213587926,54.46228037000021,54.700286865234375,1683500,0.0,0.0
2017-07-25 00:00:00-04:00,54.70850706451184,54.70850706451184,53.85496829600788,54.22428512573242,1942900,0.0,0.0
2017-07-26 00:00:00-04:00,54.232489883681104,55.54562394326429,54.043723927529875,55.282997131347656,1929100,0.0,0.0
2017-07-27 00:00:00-04:00,55.17629938592652,55.42250846538831,54.618216706357074,55.39788818359375,1584000,0.0,0.0
2017-07-28 00:00:00-04:00,55.4963715513253,55.709751485761934,55.26656766102191,55.57023239135742,1084200,0.0,0.0
2017-07-31 00:00:00-04:00,55.586661144038835,55.89031967326797,55.22554693466688,55.85749053955078,1315000,0.0,0.0
2017-08-01 00:00:00-04:00,55.972389229735505,55.972389229735505,55.50458503314963,55.67693328857422,1330700,0.0,0.0
2017-08-02 00:00:00-04:00,55.512783522028165,55.85747996854939,55.225536483260484,55.611270904541016,1638800,0.0,0.0
2017-08-03 00:00:00-04:00,55.51279143563657,55.668728248132474,55.0778163918498,55.2337532043457,1276100,0.0,0.0
2017-08-04 00:00:00-04:00,55.241951369516975,55.60306553312207,55.01215372413781,55.250160217285156,1057300,0.0,0.0
2017-08-07 00:00:00-04:00,55.15988517929467,55.47996138590145,54.938296367611755,55.184505462646484,1108200,0.0,0.0
2017-08-08 00:00:00-04:00,55.07781616214214,55.25837325764401,54.80698051888935,55.11064529418945,2096600,0.0,0.0
2017-08-09 00:00:00-04:00,55.25836883948436,55.34864738001711,55.01215349957392,55.2747802734375,1865400,0.0,0.0
2017-08-10 00:00:00-04:00,55.12706444406887,55.299412715298566,54.95471617283918,55.05320358276367,1642100,0.0,0.0
2017-08-11 00:00:00-04:00,54.88083658272868,55.30760269039351,54.74952008097616,54.97111511230469,1260500,0.0,0.0
2017-08-14 00:00:00-04:00,55.176307419065,55.832871321402045,55.102440301410766,55.791839599609375,1597900,0.0,0.0
2017-08-15 00:00:00-04:00,55.66052949155829,56.08729576429713,55.42252293620704,56.06267547607422,1491600,0.0,0.0
2017-08-16 00:00:00-04:00,56.16935764287587,56.39094644278506,55.57023697990969,55.73438262939453,1275400,0.0,0.0
2017-08-17 00:00:00-04:00,55.64411523423741,55.87391292803319,55.4225201284218,55.5210075378418,1441900,0.0,0.0
2017-08-18 00:00:00-04:00,55.42251588062098,55.42251588062098,54.92188254542887,55.12705993652344,2942300,0.0,0.0
2017-08-21 00:00:00-04:00,55.22555065434569,55.84929171394971,55.003955552208595,55.61948776245117,975800,0.0,0.0
2017-08-22 00:00:00-04:00,55.61947654380795,55.85748303514376,55.35684977087122,55.59485626220703,1021500,0.0,0.0
2017-08-23 00:00:00-04:00,55.60307364250822,55.89032074112551,55.5702445081638,55.791839599609375,1251400,0.0,0.0
2017-08-24 00:00:00-04:00,55.914936822384114,56.1939813125724,55.709759444296154,55.783626556396484,1484300,0.0,0.0
2017-08-25 00:00:00-04:00,55.86569266114259,56.013420614322335,55.71796470796285,55.759002685546875,1191200,0.0,0.0
2017-08-28 00:00:00-04:00,55.80003843953841,55.882108139129116,54.93008835314686,55.291202545166016,915500,0.0,0.0
2017-08-29 00:00:00-04:00,55.32403152173863,55.586658316600435,54.995746462782215,55.11064529418945,1039400,0.0,0.0
2017-08-30 00:00:00-04:00,55.04498247430443,55.24195098876953,54.60179862062082,55.24195098876953,1323700,0.0,0.0
2017-08-31 00:00:00-04:00,55.25837325764401,55.340442957003944,54.83980965093666,55.11064529418945,2363000,0.0,0.0
2017-09-01 00:00:00-04:00,55.11064085844015,55.44712847718763,54.905463495796305,54.97932434082031,1399500,0.0,0.0
2017-09-05 00:00:00-04:00,55.06960693385299,55.15988548098114,54.536144499418484,55.10243606567383,1641600,0.0,0.0
2017-09-06 00:00:00-04:00,55.31582642317598,55.422516413424674,54.94650335874505,55.16809844970703,1904600,0.0,0.0
2017-09-07 00:00:00-04:00,55.29940475872302,55.68513923186353,55.19271477612707,55.57844924926758,3078200,0.0,0.0
2017-09-08 00:00:00-04:00,55.4635494448106,56.2924615305031,55.4635494448106,55.88210678100586,1463800,0.0,0.0
2017-09-11 00:00:00-04:00,55.972378364639816,56.44018247041775,55.85747954999371,56.30887222290039,1257700,0.0,0.0
2017-09-12 00:00:00-04:00,56.12011419314031,56.24322187228034,54.96291703686408,55.4881706237793,1257200,0.0,0.0
2017-09-13 00:00:00-04:00,55.43892576475081,55.47174863256485,55.10243188525326,55.24195098876953,1050000,0.0,0.0
2017-09-14 00:00:00-04:00,55.29940833860992,55.479965445089135,54.97112952121179,55.3076171875,1631100,0.0,0.0
2017-09-15 00:00:00-04:00,55.18450517802661,55.709758758544915,55.05319491365533,55.70975875854492,3190200,0.0,0.0
2017-09-18 00:00:00-04:00,55.6605297013157,55.93957424576865,55.118864573816765,55.26658630371094,1518600,0.0,0.0
2017-09-19 00:00:00-04:00,55.512791352807994,55.512791352807994,54.74953124983449,54.848018646240234,1854000,0.0,0.0
2017-09-20 00:00:00-04:00,54.889054111435385,55.14347833746875,54.503325870933,54.75774383544922,1278400,0.0,0.0
2017-09-21 00:00:00-04:00,54.765956600962,54.913684585459286,54.50332976869101,54.55257034301758,1611900,0.0,0.0
2017-09-22 00:00:00-04:00,54.66337811187204,54.803963201159476,54.134111403319594,54.481441497802734,1822600,0.504,0.0
2017-09-25 00:00:00-04:00,54.58068303861411,54.92801314370506,54.48971472880119,54.64684295654297,1637700,0.0,0.0
2017-09-26 00:00:00-04:00,54.704735337084415,54.83704887333165,54.572415491479674,54.60549545288086,1520700,0.0,0.0
2017-09-27 00:00:00-04:00,54.44836020136318,54.45663176798759,54.11757324866716,54.26642990112305,1284100,0.0,0.0
2017-09-28 00:00:00-04:00,54.30778296635508,54.51452799635584,54.142389466097505,54.448368072509766,1281400,0.0,0.0
2017-09-29 00:00:00-04:00,54.37393235632802,54.66337408038396,54.15891580016229,54.522789001464844,1729200,0.0,0.0
2017-10-02 00:00:00-04:00,54.65510398365529,54.78742380927071,54.22507716911827,54.24988555908203,1410200,0.0,0.0
2017-10-03 00:00:00-04:00,54.29123860877425,54.44836051941566,53.89428543012091,54.20854187011719,1595900,0.0,0.0
2017-10-04 00:00:00-04:00,54.28297524141412,55.03553018838552,54.13411856560427,55.01071548461914,1254100,0.0,0.0
2017-10-05 00:00:00-04:00,55.15956048168193,55.57305045923383,54.87839032543768,55.05205535888672,1377100,0.0,0.0
2017-10-06 00:00:00-04:00,54.9693643737225,54.9693643737225,54.29124099199621,54.92801284790039,1327100,0.0,0.0
2017-10-09 00:00:00-04:00,54.944557189941406,55.05206232634259,54.67165225597244,54.944557189941406,1251100,0.0,0.0
2017-10-10 00:00:00-04:00,55.027241368342885,55.35803457858325,54.81222483528329,54.91146469116211,1356200,0.0,0.0
2017-10-11 00:00:00-04:00,54.911483437301506,55.267085155570925,54.87840347404879,54.9693717956543,1017200,0.0,0.0
2017-10-12 00:00:00-04:00,54.9776386262579,55.63094733878897,54.86185561017174,55.59787368774414,1343600,0.0,0.0
2017-10-13 00:00:00-04:00,55.91211370353362,56.003082000796034,55.60612885734584,55.81287384033203,1250600,0.0,0.0
2017-10-16 00:00:00-04:00,55.746737773926775,55.854242927523075,55.324976109365956,55.63095474243164,1654000,0.0,0.0
2017-10-17 00:00:00-04:00,55.45727109634419,55.60612773345988,55.00243592858121,55.308414459228516,1293600,0.0,0.0
2017-10-18 00:00:00-04:00,55.20918163874045,55.34976671194646,54.94454831473545,55.17610168457031,1757200,0.0,0.0
2017-10-19 00:00:00-04:00,55.333232821797566,55.333232821797566,54.514518108751936,54.63029479980469,1728600,0.0,0.0
2017-10-20 00:00:00-04:00,54.72953686643187,54.72953686643187,54.41528673657118,54.69645690917969,1067700,0.0,0.0
2017-10-23 00:00:00-04:00,54.92800538390834,55.16783032050209,54.547595373594305,55.13475036621094,1143200,0.0,0.0
2017-10-24 00:00:00-04:00,54.88666668423851,55.0437885990656,53.97698360670694,54.40701675415039,2009700,0.0,0.0
2017-10-25 00:00:00-04:00,56.019617691074984,56.019617691074984,54.85357929146552,55.308414459228516,2108200,0.0,0.0
2017-10-26 00:00:00-04:00,55.97000615024264,55.97000615024264,55.05205785372942,55.531707763671875,1886800,0.0,0.0
2017-10-27 00:00:00-04:00,55.3249706061417,55.95347725619447,55.16784236628912,55.94520568847656,1561700,0.0,0.0
2017-10-30 00:00:00-04:00,55.903848076362294,56.052704732299915,55.37458136844118,55.424198150634766,1934300,0.0,0.0
2017-10-31 00:00:00-04:00,55.31669577015373,55.64748905639294,55.12649388938226,55.6226806640625,1347300,0.0,0.0
2017-11-01 00:00:00-04:00,55.67228862007298,56.26771517900791,55.41592686083673,56.07750701904297,880700,0.0,0.0
2017-11-02 00:00:00-04:00,56.234624030618924,56.366943821534264,55.002425947155615,55.28359603881836,1241600,0.0,0.0
2017-11-03 00:00:00-04:00,54.91147431218968,56.457922903781075,54.87839435443414,56.40830612182617,1754500,0.0,0.0
2017-11-06 00:00:00-05:00,56.79698073838686,57.582609132840595,56.53234741831607,57.23527908325195,1544300,0.0,0.0
2017-11-07 00:00:00-05:00,57.38413417096058,57.69838425838724,57.235277538104604,57.52471923828125,1213700,0.0,0.0
2017-11-08 00:00:00-05:00,57.59088950198096,58.21939609923151,57.59088950198096,58.19458770751953,1684300,0.0,0.0
2017-11-09 00:00:00-05:00,57.97130048233183,58.26901380630883,57.78936386108398,57.789363861083984,1431900,0.0,0.0
2017-11-10 00:00:00-05:00,57.53298579844846,57.91339575835009,57.2518156882689,57.26835250854492,1411000,0.0,0.0
2017-11-13 00:00:00-05:00,57.185669517968,58.09534627607793,56.896227773481684,58.01264953613281,1377500,0.0,0.0
2017-11-14 00:00:00-05:00,57.96302467772241,58.17804124251056,57.53299785750275,57.87206268310547,1520100,0.0,0.0
2017-11-15 00:00:00-05:00,57.86378509807,57.96301864891494,56.97891685001872,57.086421966552734,1072900,0.0,0.0
2017-11-16 00:00:00-05:00,57.11950871365211,57.40895045363553,56.67293875366765,57.24355697631836,1025500,0.0,0.0
2017-11-17 00:00:00-05:00,57.04507349933103,57.30970680206595,56.3752155225992,56.499263763427734,1630400,0.0,0.0
2017-11-20 00:00:00-05:00,56.45792549105997,56.54062854391723,56.003090247130544,56.16848373413086,1771100,0.0,0.0
2017-11-21 00:00:00-05:00,56.416573086607,56.71428637276506,56.25944487742461,56.31733322143555,2298000,0.0,0.0
2017-11-22 00:00:00-05:00,56.226366019577114,56.64812756809073,56.11886089556073,56.35041427612305,1318300,0.0,0.0
2017-11-24 00:00:00-05:00,56.49100286153661,56.63159425933686,56.35868933987126,56.40830612182617,655800,0.0,0.0
2017-11-27 00:00:00-05:00,56.342143706604894,56.55716026779793,55.903845327164234,55.928653717041016,1281000,0.0,0.0
2017-11-28 00:00:00-05:00,55.86249316804066,56.06923813711652,55.118210017496395,55.324954986572266,2552700,0.0,0.0
2017-11-29 00:00:00-05:00,55.22572216830477,55.349770427430805,54.58895035851408,55.19264221191406,2073300,0.0,0.0
2017-11-30 00:00:00-05:00,55.42419780046063,55.51516610681203,55.06859614182064,55.25880432128906,2518300,0.0,0.0
2017-12-01 00:00:00-05:00,55.424204235861744,55.73018914815007,54.820512288368676,55.018985748291016,1130200,0.0,0.0
2017-12-04 00:00:00-05:00,55.17610356512542,55.267071864854735,54.622028509942425,54.828773498535156,1696000,0.0,0.0
2017-12-05 00:00:00-05:00,54.82877576349371,54.89492936746535,54.14238085876557,54.17546081542969,1134000,0.0,0.0
2017-12-06 00:00:00-05:00,54.208539988093555,54.423550239265815,53.877746735593114,54.08449172973633,1064600,0.0,0.0
2017-12-07 00:00:00-05:00,54.16718447594493,54.16718447594493,53.720614564364034,53.877742767333984,2219200,0.0,0.0
2017-12-08 00:00:00-05:00,54.051418767625464,54.431828848950005,53.73716860723319,54.42355728149414,1356200,0.0,0.0
2017-12-11 00:00:00-05:00,54.53106950233343,54.655111469140806,54.05969110039315,54.5145263671875,1083200,0.0,0.0
2017-12-12 00:00:00-05:00,54.55586859934723,54.91974179826447,54.22507535572759,54.828773498535156,1687400,0.0,0.0
2017-12-13 00:00:00-05:00,54.95281585062556,55.09340723901923,54.200267367447616,54.27469253540039,1335600,0.0,0.0
2017-12-14 00:00:00-05:00,54.208539988093555,54.299508290265095,54.01833181736494,54.08449172973633,2811000,0.0,0.0
2017-12-15 00:00:00-05:00,54.36566074272814,54.66337403274232,54.200267274656426,54.29950714111328,3601100,0.0,0.0
2017-12-18 00:00:00-05:00,54.390470641781,54.52279046739642,54.13410886634681,54.24988555908203,1595700,0.0,0.0
2017-12-19 00:00:00-05:00,54.2002656691474,54.27469083476815,52.71170241784859,53.17481231689453,2474500,0.0,0.0
2017-12-20 00:00:00-05:00,53.092114647541834,53.480796265613755,52.71170775095069,52.769596099853516,2072000,0.0,0.0
2017-12-21 00:00:00-05:00,52.976335355266535,52.976335355266535,52.2651352243367,52.42226028442383,1653000,0.0,0.0
2017-12-22 00:00:00-05:00,52.61246156897729,52.85228650263512,52.38090820113002,52.76131820678711,1068600,0.0,0.0
2017-12-26 00:00:00-05:00,52.9019019344866,53.16653523371465,52.66207702122439,53.00940704345703,879000,0.0,0.0
2017-12-27 00:00:00-05:00,53.149992212033474,53.19961529342199,52.76131382750484,52.99287033081055,1623200,0.0,0.0
2017-12-28 00:00:00-05:00,53.00941274600586,53.24096611907057,52.71170261835613,53.133460998535156,1765600,0.0,0.0
2017-12-29 00:00:00-05:00,53.22847822919049,53.48686686277962,53.061773936140135,53.15346145629883,1752300,0.504,0.0
2018-01-02 00:00:00-05:00,53.32017320082065,53.36184530538199,52.89507703515423,52.93675231933594,1238500,0.0,0.0
2018-01-03 00:00:00-05:00,52.93674848667262,53.2451525624534,52.83672717595407,53.21181106567383,1408200,0.0,0.0
2018-01-04 00:00:00-05:00,53.145134592731985,53.16180534316718,52.20326104029756,52.29494857788086,1917000,0.0,0.0
2018-01-05 00:00:00-05:00,52.253265380859375,52.394965156918445,52.11156878442055,52.253265380859375,2226800,0.0,0.0
2018-01-08 00:00:00-05:00,52.228260067443934,52.7783820552999,52.11156800632603,52.60334396362305,1814100,0.0,0.0
2018-01-09 00:00:00-05:00,52.51165590414201,52.54499740115824,51.753154334933654,51.96986770629883,1614200,0.0,0.0
2018-01-10 00:00:00-05:00,51.67813947541394,51.686473260167375,50.88629637978596,51.2280387878418,1781800,0.0,0.0
2018-01-11 00:00:00-05:00,51.49476797493947,51.719818334285335,50.75293707540339,50.811283111572266,1677600,0.0,0.0
2018-01-12 00:00:00-05:00,50.727933319051225,50.836291607723886,50.11946523278565,50.361183166503906,1459500,0.0,0.0
2018-01-16 00:00:00-05:00,50.552897247748085,51.47810009266637,50.38619291528347,50.56956481933594,2277800,0.0,0.0
2018-01-17 00:00:00-05:00,50.86130047931356,50.902975769395425,50.44454121925326,50.719600677490234,1745400,0.0,0.0
2018-01-18 00:00:00-05:00,50.502880575709916,50.66124792890463,49.91108326787554,50.38618850708008,2043400,0.0,0.0
2018-01-19 00:00:00-05:00,50.37785101995495,50.58623062023878,50.161137634692736,50.40285873413086,1929200,0.0,0.0
2018-01-22 00:00:00-05:00,50.45287115524651,51.028000925197574,50.344516045226655,50.994659423828125,1692100,0.0,0.0
2018-01-23 00:00:00-05:00,51.111346693668885,51.55311041660886,51.078005195434095,51.50310134887695,1845100,0.0,0.0
2018-01-24 00:00:00-05:00,51.453085823465585,51.56144409601504,51.086338905109066,51.21136474609375,1136600,0.0,0.0
2018-01-25 00:00:00-05:00,51.16969069148135,51.31972424795293,50.53621814830591,51.019657135009766,1574200,0.0,0.0
2018-01-26 00:00:00-05:00,51.16969067249162,51.30305348045907,50.77793603300342,51.29471969604492,1568500,0.0,0.0
2018-01-29 00:00:00-05:00,51.36139952927944,51.411411774643355,50.64457324383083,51.019657135009766,2031000,0.0,0.0
2018-01-30 00:00:00-05:00,50.89463528956088,51.16136092655003,50.486209869384766,50.486209869384766,2620900,0.0,0.0
2018-01-31 00:00:00-05:00,49.96942146012148,51.4030707378068,49.60267138241834,51.35306167602539,5601000,0.0,0.0
2018-02-01 00:00:00-05:00,51.2280406576859,51.461427974364426,50.04444604303925,50.28616714477539,2124200,0.0,0.0
2018-02-02 00:00:00-05:00,49.73603790368904,50.311167594195375,49.1442406444209,49.969425201416016,2488600,0.0,0.0
2018-02-05 00:00:00-05:00,49.794394235576924,50.34451629239142,48.27738771202485,48.385746002197266,3428800,0.0,0.0
2018-02-06 00:00:00-05:00,47.44386423556828,48.49409916548539,46.735374890805026,48.10234451293945,3580000,0.0,0.0
2018-02-07 00:00:00-05:00,48.0606701230341,48.81917172889992,47.38551908411693,47.393856048583984,2799100,0.0,0.0
2018-02-08 00:00:00-05:00,47.427199318634756,48.16069323811599,46.05189265527168,46.06022644042969,3417000,0.0,0.0
2018-02-09 00:00:00-05:00,46.310283480736736,47.51054883290468,46.01855013276247,47.21881866455078,3152200,0.0,0.0
2018-02-12 00:00:00-05:00,47.36884945059382,47.61056735606153,45.818504807782105,47.18547439575195,2982800,0.0,0.0
2018-02-13 00:00:00-05:00,47.13546619793149,47.785612730195545,46.852069806847275,47.50221633911133,2242300,0.0,0.0
2018-02-14 00:00:00-05:00,47.01044550537485,47.4105340109142,46.54367399243521,47.23549270629883,2759100,0.0,0.0
2018-02-15 00:00:00-05:00,47.46887369424744,48.344067381611154,47.44386598001165,48.26905059814453,2179800,0.0,0.0
2018-02-16 00:00:00-05:00,48.260707627158425,48.83583407118553,48.027320356562974,48.319053649902344,2186800,0.0,0.0
2018-02-20 00:00:00-05:00,48.14401621052061,48.62745835677875,47.96897812844233,48.04399490356445,3020600,0.0,0.0
2018-02-21 00:00:00-05:00,48.09401238043972,48.16069219912658,46.55200143059898,46.56867218017578,2923300,0.0,0.0
2018-02-22 00:00:00-05:00,46.72704123559123,47.20214645485395,46.57700767375877,46.8187255859375,2015000,0.0,0.0
2018-02-23 00:00:00-05:00,46.98543262737982,47.50221633911133,46.76038227155232,47.50221633911133,1894500,0.0,0.0
2018-02-26 00:00:00-05:00,47.6189079284668,47.818950567434094,47.26882854084341,47.6189079284668,2000100,0.0,0.0
2018-02-27 00:00:00-05:00,47.610560192006375,47.710584668480244,46.351949069430624,46.53532409667969,2340500,0.0,0.0
2018-02-28 00:00:00-05:00,46.75204801245653,47.477208143025464,46.693701977791235,46.86874008178711,4556600,0.0,0.0
2018-03-01 00:00:00-05:00,46.74371346780522,47.53555340528774,46.51866311791574,46.943756103515625,2380400,0.0,0.0
2018-03-02 00:00:00-05:00,46.835397049476974,47.03544286151211,46.26027050675896,46.6436882019043,2085300,0.0,0.0
2018-03-05 00:00:00-05:00,46.518664586097124,47.17714172734821,46.34362329980057,47.06878662109375,2832900,0.0,0.0
2018-03-06 00:00:00-05:00,47.03543990343087,47.49387435180569,46.67702676497307,47.41885757446289,2268100,0.0,0.0
2018-03-07 00:00:00-05:00,47.21881400524508,48.37740395898464,47.21881400524508,48.20236587524414,3176300,0.0,0.0
2018-03-08 00:00:00-05:00,48.26071378554108,48.58578543362983,48.01899270068835,48.569114685058594,2162100,0.0,0.0
2018-03-09 00:00:00-05:00,48.6024681128522,49.611024801835576,48.37741772132665,49.60268783569336,2828600,0.0,0.0
2018-03-12 00:00:00-04:00,49.45264468635648,49.79438707890296,49.05255308470292,49.59434127807617,2951200,0.0,0.0
2018-03-13 00:00:00-04:00,49.81939726293498,50.05278140735682,49.32762125888861,49.48598861694336,1577200,0.0,0.0
2018-03-14 00:00:00-04:00,49.661027045478505,49.86940664231999,49.35262295282649,49.627685546875,2082300,0.0,0.0
2018-03-15 00:00:00-04:00,49.72770153308998,49.944414891544135,49.45264214814354,49.777713775634766,1924500,0.0,0.0
2018-03-16 00:00:00-04:00,49.81106131939131,50.40286183714258,49.75271528208944,50.202816009521484,2819100,0.0,0.0
2018-03-19 00:00:00-04:00,50.60289987465135,50.66124590663724,49.84439827921449,50.277828216552734,2762300,0.0,0.0
2018-03-20 00:00:00-04:00,50.26116099919679,50.57789889481965,49.94442310357393,50.23615646362305,3513400,0.0,0.0
2018-03-21 00:00:00-04:00,50.186133236996184,50.452858823517374,49.711028087279075,50.11945343017578,2940600,0.0,0.0
2018-03-22 00:00:00-04:00,49.91108503300263,50.527886897465315,49.577676385451625,49.80272674560547,4788200,0.0,0.0
2018-03-23 00:00:00-04:00,49.785904292959366,49.84478245122786,48.75132681516012,49.08777618408203,4554400,0.54,0.0
2018-03-26 00:00:00-04:00,49.40739734147526,49.6681425255862,48.83543540224943,49.6092643737793,2320000,0.0,0.0
2018-03-27 00:00:00-04:00,49.63450543171679,50.54291685816123,49.19712571745003,49.92048645019531,2560400,0.0,0.0
2018-03-28 00:00:00-04:00,50.13916711760357,51.97280909878909,49.945709889502865,51.770938873291016,3856200,0.0,0.0
2018-03-29 00:00:00-04:00,51.97281080847975,52.33449270162362,51.50178240590161,51.82981872558594,5297500,0.0,0.0
2018-04-02 00:00:00-04:00,51.71206020265665,51.90551742879956,50.88776294006664,51.34196853637695,3466300,0.0,0.0
2018-04-03 00:00:00-04:00,51.41767188648648,52.63729665601497,51.156923504060046,52.4438362121582,4343300,0.0,0.0
2018-04-04 00:00:00-04:00,52.15786147041286,53.16720633820737,52.056927946219076,53.11674118041992,4093600,0.0,0.0
2018-04-05 00:00:00-04:00,53.16720591563888,53.276552437674084,52.73823603476055,53.2344970703125,2901300,0.0,0.0
2018-04-06 00:00:00-04:00,53.3017891427037,53.58777015496798,52.839173648675356,53.032630920410156,2491800,0.0,0.0
2018-04-09 00:00:00-04:00,53.04944586885471,53.06626865633878,52.32608205013297,52.40178298950195,4295800,0.0,0.0
2018-04-10 00:00:00-04:00,52.578420587292804,52.88122436286459,52.443841487996316,52.73823547363281,2922900,0.0,0.0
2018-04-11 00:00:00-04:00,52.704588063699795,53.18402628880834,52.48589823818064,52.59524154663086,3249900,0.0,0.0
2018-04-12 00:00:00-04:00,52.679354434184376,52.763465163407794,51.56066312552474,51.686832427978516,2712500,0.0,0.0
2018-04-13 00:00:00-04:00,51.829824790035914,52.014872257096755,51.62795774289578,51.85506057739258,2171100,0.0,0.0
2018-04-16 00:00:00-04:00,52.05692927380316,52.41020143041908,51.728892905343436,51.88029479980469,1736800,0.0,0.0
2018-04-17 00:00:00-04:00,52.006460479439745,52.82234484409564,51.88029117333503,52.511131286621094,1824200,0.0,0.0
2018-04-18 00:00:00-04:00,52.60365401051474,52.68776474056334,52.124215790276594,52.132625579833984,1282400,0.0,0.0
2018-04-19 00:00:00-04:00,51.998045766155585,52.04010113059721,50.837299097578565,51.055992126464844,2685700,0.0,0.0
2018-04-20 00:00:00-04:00,51.07281431233744,51.21580319147832,50.475616593274104,50.559730529785156,2443100,0.0,0.0
2018-04-23 00:00:00-04:00,50.652257263276574,50.90459267055573,50.37468606923635,50.812068939208984,1307900,0.0,0.0
2018-04-24 00:00:00-04:00,50.92982443828687,51.27468357142527,50.61019788288925,51.06440353393555,1998800,0.0,0.0
2018-04-25 00:00:00-04:00,50.7111397041735,51.26627893055604,50.357867537228756,50.727962493896484,1821600,0.0,0.0
2018-04-26 00:00:00-04:00,50.88776843209206,51.77935693493062,50.71113397289213,51.41767501831055,1528900,0.0,0.0
2018-04-27 00:00:00-04:00,51.40085786396192,52.38496699474904,51.165345225883435,52.107398986816406,1712200,0.0,0.0
2018-04-30 00:00:00-04:00,52.17468724119623,52.43543566960339,51.8887062324532,51.9055290222168,2946600,0.0,0.0
2018-05-01 00:00:00-04:00,51.964400633512035,52.485897424607195,51.72888802373916,52.334495544433594,4162900,0.0,0.0
2018-05-02 00:00:00-04:00,52.149447327811004,52.33449478057087,51.577485390751974,51.73729705810547,2034400,0.0,0.0
2018-05-03 00:00:00-04:00,51.712066206205456,52.2756183726724,51.51019916793276,51.8129997253418,1654000,0.0,0.0
2018-05-04 00:00:00-04:00,51.745710649125556,52.427019107770434,51.59430876942669,52.233558654785156,1531900,0.0,0.0
2018-05-07 00:00:00-04:00,52.410203263257166,52.64571590349125,52.115809254345486,52.57001495361328,1781500,0.0,0.0
2018-05-08 00:00:00-04:00,52.04851066425926,52.55318142120471,51.96439673235607,52.2672004699707,1707300,0.0,0.0
2018-05-09 00:00:00-04:00,52.275616648798916,52.67094092263761,52.24197107399007,52.62047576904297,1890800,0.0,0.0
2018-05-10 00:00:00-04:00,53.38590737633424,53.57936466359237,52.58684243601107,52.914878845214844,3002200,0.0,0.0
2018-05-11 00:00:00-04:00,53.04944722145406,53.175616526492185,52.51954063236014,52.612064361572266,1440500,0.0,0.0
2018-05-14 00:00:00-04:00,52.62888418229772,52.771876267187025,51.9812213229464,52.39337158203125,1274500,0.0,0.0
2018-05-15 00:00:00-04:00,51.998044954852354,52.15785662068453,51.17374763190679,51.308326721191406,2389800,0.0,0.0
2018-05-16 00:00:00-04:00,51.35038959389215,51.50179149255401,50.64384846967651,50.677494049072266,1585700,0.0,0.0
2018-05-17 00:00:00-04:00,50.685899558184204,50.93823817371835,50.07188222486329,50.24851989746094,1645000,0.0,0.0
2018-05-18 00:00:00-04:00,50.23169917603177,50.38310106813436,49.87001723474433,50.15599822998047,1892200,0.0,0.0
2018-05-21 00:00:00-04:00,50.383095721025406,51.02234559091202,49.87842173137101,50.71113204956055,1239300,0.0,0.0
2018-05-22 00:00:00-04:00,50.677491454497016,50.90459429086263,50.47562119707683,50.82048034667969,1948600,0.0,0.0
2018-05-23 00:00:00-04:00,50.955065514618035,52.24197845089981,50.955065514618035,51.93917465209961,2209700,0.0,0.0
2018-05-24 00:00:00-04:00,51.913933895442035,52.14944649803004,51.16533751554283,51.4765510559082,2883400,0.0,0.0
2018-05-25 00:00:00-04:00,51.602715511776935,52.199913205821815,51.55225036060304,51.947574615478516,1131700,0.0,0.0
2018-05-29 00:00:00-04:00,51.804597277570835,52.3933821051115,51.45132509759877,52.031700134277344,1454400,0.0,0.0
2018-05-30 00:00:00-04:00,51.83823447898659,53.7559873474697,51.83823447898659,53.6802864074707,2321600,0.0,0.0
2018-05-31 00:00:00-04:00,53.42796040672186,54.0419778242038,53.15880217463715,53.82328796386719,4653000,0.0,0.0
2018-06-01 00:00:00-04:00,53.92421424889445,53.999911983410556,53.53729974336887,53.68870162963867,1981400,0.0,0.0
2018-06-04 00:00:00-04:00,53.941039423916266,54.35319296760427,53.60459324845389,54.34477996826172,2124600,0.0,0.0
2018-06-05 00:00:00-04:00,54.6139331811753,54.6139331811753,53.82328137233203,53.8485107421875,2019700,0.0,0.0
2018-06-06 00:00:00-04:00,53.70552006521785,54.24383644554513,53.671877697911434,54.10926055908203,1705400,0.0,0.0
2018-06-07 00:00:00-04:00,54.21860034338759,54.24383291938182,53.73075235866096,53.92420959472656,2031300,0.0,0.0
2018-06-08 00:00:00-04:00,54.151309668145124,54.52140456525332,54.04196636547092,54.33635711669922,1670100,0.0,0.0
2018-06-11 00:00:00-04:00,54.33636262151098,54.53822966891336,53.86533737182617,53.86533737182617,1216400,0.0,0.0
2018-06-12 00:00:00-04:00,53.865334785108416,54.28589485705595,53.7475784783421,54.008323669433594,2533600,0.0,0.0
2018-06-13 00:00:00-04:00,54.20178869593132,54.46253390900655,52.940105165095964,53.15879821777344,2127900,0.0,0.0
2018-06-14 00:00:00-04:00,53.35224458341185,54.19336462639975,53.22607529351633,53.621402740478516,1725400,0.0,0.0
2018-06-15 00:00:00-04:00,53.6971137834287,54.03355993880298,53.23449831440223,53.394309997558594,3552300,0.0,0.0
2018-06-18 00:00:00-04:00,53.29337102646494,53.51206084468226,52.3429043976258,52.502716064453125,2124000,0.0,0.0
2018-06-19 00:00:00-04:00,52.25879270975097,52.83916442362984,52.098977837240184,52.15785598754883,2462500,0.0,0.0
2018-06-20 00:00:00-04:00,52.418608856954684,52.76346799909443,51.871879461763434,52.70458984375,1518200,0.0,0.0
2018-06-21 00:00:00-04:00,52.79711323513862,52.89804675670325,52.208328476877135,52.8728141784668,1555700,0.0,0.0
2018-06-22 00:00:00-04:00,53.03400692539952,53.780607213256275,52.745547943938114,53.551536560058594,4756400,0.54,0.0
2018-06-25 00:00:00-04:00,53.66182678697684,54.230258813688856,53.47517591901961,54.009674072265625,1804500,0.0,0.0
2018-06-26 00:00:00-04:00,53.99271123267505,53.99271123267505,53.44973036269099,53.475181579589844,1884000,0.0,0.0
2018-06-27 00:00:00-04:00,53.61092600471578,53.79757688967207,53.16127058523513,53.18672180175781,1699100,0.0,0.0
2018-06-28 00:00:00-04:00,53.18672825684105,53.88242297521239,53.1103713615846,53.70425796508789,1834000,0.0,0.0
2018-06-29 00:00:00-04:00,53.42427770309349,54.24723164600527,53.11885016287007,54.03512954711914,3031500,0.0,0.0
2018-07-02 00:00:00-04:00,54.026645205386515,54.24722995733616,53.14429972474578,53.848480224609375,1859100,0.0,0.0
2018-07-03 00:00:00-04:00,53.85697407678902,54.58660270728166,53.61093482186733,53.95878219604492,992300,0.0,0.0
2018-07-05 00:00:00-04:00,53.992704573877745,54.60355959548509,53.74666538612802,54.59507369995117,1719300,0.0,0.0
2018-07-06 00:00:00-04:00,54.764767575174204,55.06170923560354,54.53569367081248,54.9683837890625,1959100,0.0,0.0
2018-07-09 00:00:00-04:00,54.96838673260439,55.138065841123776,54.40843402337285,54.7647705078125,2413300,0.0,0.0
2018-07-10 00:00:00-04:00,54.77325147191278,55.11261617133412,54.5272122266534,55.03626251220703,2185600,0.0,0.0
2018-07-11 00:00:00-04:00,55.002325394980566,55.32471829936704,54.87506282359216,55.03626251220703,1411700,0.0,0.0
2018-07-12 00:00:00-04:00,55.23987824485584,55.409557356615586,54.96838778233432,55.25684356689453,1518100,0.0,0.0
2018-07-13 00:00:00-04:00,55.333202404119874,55.5537904225233,54.68841014339457,54.722347259521484,1229800,0.0,0.0
2018-07-16 00:00:00-04:00,54.56114108682403,54.81566619108207,54.145422791188686,54.6629524230957,1233300,0.0,0.0
2018-07-17 00:00:00-04:00,54.79869392603041,54.79869392603041,54.08603399680153,54.179359436035156,1534400,0.0,0.0
2018-07-18 00:00:00-04:00,54.08603580252531,54.586593654360776,54.02664747310682,54.34056091308594,2125300,0.0,0.0
2018-07-19 00:00:00-04:00,54.16239736137158,55.053225615927985,54.08604046889981,54.54418182373047,1631300,0.0,0.0
2018-07-20 00:00:00-04:00,54.306626506532325,54.442368492178254,53.5515402700852,53.636383056640625,1511600,0.0,0.0
2018-07-23 00:00:00-04:00,53.68728290168233,53.68728290168233,53.20369036912508,53.64486312866211,1445800,0.0,0.0
2018-07-24 00:00:00-04:00,53.59396315690342,53.99271618581274,53.17824480611937,53.873939514160156,2486100,0.0,0.0
2018-07-25 00:00:00-04:00,54.391465791979044,55.66407845632513,53.873936123984215,54.815670013427734,1901600,0.0,0.0
2018-07-26 00:00:00-04:00,55.36713952024679,55.36713952024679,54.55266815172996,54.722347259521484,1700700,0.0,0.0
2018-07-27 00:00:00-04:00,54.866581746686435,54.951421310785015,54.19634142289511,54.32360076904297,1514000,0.0,0.0
2018-07-30 00:00:00-04:00,54.30661623898598,54.374483982556065,53.77211811221713,54.102996826171875,1524100,0.0,0.0
2018-07-31 00:00:00-04:00,54.50175587742853,55.944054096014284,54.28965700577925,55.5113639831543,3097400,0.0,0.0
2018-08-01 00:00:00-04:00,55.12957814048169,56.00343771657217,54.86656714706458,55.91859817504883,2065600,0.0,0.0
2018-08-02 00:00:00-04:00,55.74043140856382,56.35128651542633,55.72346608796993,55.969505310058594,1386700,0.0,0.0
2018-08-03 00:00:00-04:00,55.986472841960854,56.79246476812211,55.76589130131466,56.76701354980469,1314500,0.0,0.0
2018-08-06 00:00:00-04:00,56.71609835056223,57.191211440221664,56.554905161480484,56.843360900878906,1042100,0.0,0.0
2018-08-07 00:00:00-04:00,56.84336720475693,56.84336720475693,56.283414510402196,56.76701354980469,942900,0.0,0.0
2018-08-08 00:00:00-04:00,56.87729280610482,56.87729280610482,56.41066565527143,56.46157455444336,948700,0.0,0.0
2018-08-09 00:00:00-04:00,56.48704120466315,56.80094821660838,56.30039029332092,56.75004577636719,699500,0.0,0.0
2018-08-10 00:00:00-04:00,56.648222483737385,56.88578225809557,55.94404847505501,55.96101379394531,958200,0.0,0.0
2018-08-13 00:00:00-04:00,55.918597731063855,56.39370433809601,55.83375171737206,56.291893005371094,1062300,0.0,0.0
2018-08-14 00:00:00-04:00,55.68953028012592,56.90275462558859,55.681044383208615,56.50400161743164,1178400,0.0,0.0
2018-08-15 00:00:00-04:00,56.47854640057949,57.14878980704867,56.40219275225834,56.97911071777344,1440900,0.0,0.0
2018-08-16 00:00:00-04:00,56.979098404996854,57.25906819451729,56.775475774457156,57.17422866821289,802000,0.0,0.0
2018-08-17 00:00:00-04:00,57.22514188866002,57.58995774617197,57.063948700114395,57.56450653076172,1341500,0.0,0.0
2018-08-20 00:00:00-04:00,57.69177358704739,57.85297326102674,57.32695770103912,57.479671478271484,1112600,0.0,0.0
2018-08-21 00:00:00-04:00,57.377861070360915,57.43724940287173,56.75852652743992,56.82640075683594,1133900,0.0,0.0
2018-08-22 00:00:00-04:00,56.826403896231696,57.013048328117804,56.50400452521094,56.75852966308594,1095200,0.0,0.0
2018-08-23 00:00:00-04:00,56.86031699428639,57.05545373615532,56.67367261999408,56.72457504272461,1023000,0.0,0.0
2018-08-24 00:00:00-04:00,56.64823059241228,57.293022840853716,56.64823059241228,57.20818328857422,1905000,0.0,0.0
2018-08-27 00:00:00-04:00,57.29301544171108,57.33543844879354,56.65670917252665,57.2505989074707,1802800,0.0,0.0
2018-08-28 00:00:00-04:00,57.21667829465534,57.64088259642984,56.90276478111838,57.63239669799805,1379000,0.0,0.0
2018-08-29 00:00:00-04:00,57.615425757123575,57.810556092124216,57.4881631844291,57.623905181884766,1218300,0.0,0.0
2018-08-30 00:00:00-04:00,57.844478337767725,57.844478337767725,57.309983437282625,57.4033088684082,982300,0.0,0.0
2018-08-31 00:00:00-04:00,57.556025130466324,57.73419659793964,57.11485559226321,57.479671478271484,1261200,0.0,0.0
2018-09-04 00:00:00-04:00,57.22514070961456,57.58147713654271,56.71609699337124,56.86032485961914,1475100,0.0,0.0
2018-09-05 00:00:00-04:00,56.885790400774965,57.58996451025341,56.639751168174385,57.20818328857422,1611700,0.0,0.0
2018-09-06 00:00:00-04:00,57.41180192648219,57.920845734440206,57.25908813681047,57.683292388916016,1531600,0.0,0.0
2018-09-07 00:00:00-04:00,57.301503101471226,57.4033144378977,56.741550460389035,57.04697799682617,1228500,0.0,0.0
2018-09-10 00:00:00-04:00,57.37787178803537,57.76813897069671,57.03851352335176,57.5221061706543,1125400,0.0,0.0
2018-09-11 00:00:00-04:00,57.26756067836986,57.95476933520096,57.25059536029328,57.69176483154297,2886000,0.0,0.0
2018-09-12 00:00:00-04:00,57.632379416165115,57.768121386150064,57.36937489924038,57.48815155029297,1463600,0.0,0.0
2018-09-13 00:00:00-04:00,57.793577741761396,57.9887080327752,57.49662964813208,57.810543060302734,1132600,0.0,0.0
2018-09-14 00:00:00-04:00,57.65784479837878,57.65784479837878,56.7924709176686,57.54755401611328,1400200,0.0,0.0
2018-09-17 00:00:00-04:00,57.5220880350074,58.18384550448217,57.36088837911515,58.031131744384766,1640900,0.0,0.0
2018-09-18 00:00:00-04:00,57.954776757856905,58.04810220133514,57.21666557941954,57.49663543701172,1427700,0.0,0.0
2018-09-19 00:00:00-04:00,57.55601879182257,57.55601879182257,56.73306813759143,56.851844787597656,1057000,0.0,0.0
2018-09-20 00:00:00-04:00,56.89427333613598,57.640876977093804,56.741559543471276,57.623905181884766,1027100,0.0,0.0
2018-09-21 00:00:00-04:00,57.60680266402373,58.410700149996565,57.444311080760734,57.88902282714844,3188900,0.54,0.0
2018-09-24 00:00:00-04:00,57.87190795671817,58.00019042655597,56.36674698642157,56.529232025146484,1392500,0.0,0.0
2018-09-25 00:00:00-04:00,56.59764973590919,56.82855295989948,56.127282858702706,56.64896011352539,1466000,0.0,0.0
2018-09-26 00:00:00-04:00,56.73448144728444,56.8969730146942,55.545743145550404,55.579952239990234,2051800,0.0,0.0
2018-09-27 00:00:00-04:00,55.622717947025514,55.94769457294782,55.46878027691117,55.545745849609375,2142800,0.0,0.0
2018-09-28 00:00:00-04:00,55.648373436208146,56.68317413124427,55.614164339919604,56.666072845458984,2580900,0.0,0.0
2018-10-01 00:00:00-04:00,56.62331958170583,56.93974888325428,56.26413379598213,56.477935791015625,1268200,0.0,0.0
2018-10-02 00:00:00-04:00,56.56344064259259,56.93118023984928,56.460813362642796,56.64896011352539,964100,0.0,0.0
2018-10-03 00:00:00-04:00,56.683174843236536,56.914084614905164,55.66547542120247,55.896385192871094,1245900,0.0,0.0
2018-10-04 00:00:00-04:00,55.57140621087352,55.79375554306133,54.964202925702395,55.554298400878906,1098500,0.0,0.0
2018-10-05 00:00:00-04:00,55.639814293996146,56.05887079054969,55.4345662603013,55.49443054199219,1559800,0.0,0.0
2018-10-08 00:00:00-04:00,55.57995104024751,56.50357699603263,55.57995104024751,55.845069885253906,2430600,0.0,0.0
2018-10-09 00:00:00-04:00,55.93914365645945,56.27267416650456,55.6398157156396,56.05887222290039,1661200,0.0,0.0
2018-10-10 00:00:00-04:00,56.016107144339784,56.383846734673,55.28918186802082,55.32339096069336,1567600,0.0,0.0
2018-10-11 00:00:00-04:00,55.54574098396083,55.54574098396083,53.724150817772156,53.766910552978516,1988600,0.0,0.0
2018-10-12 00:00:00-04:00,53.980707447903434,54.59645801689268,53.36496014127256,53.595863342285156,1736500,0.0,0.0
2018-10-15 00:00:00-04:00,53.45048167973151,54.47673158045406,53.382063497249376,53.86098098754883,1440100,0.0,0.0
2018-10-16 00:00:00-04:00,54.08334025202839,55.246420066842575,53.69849610702873,55.05827331542969,2653100,0.0,0.0
2018-10-17 00:00:00-04:00,54.981310058878584,55.21221329322128,54.53660161290066,54.79316329956055,2265500,0.0,0.0
2018-10-18 00:00:00-04:00,54.83593134637653,55.349054766923935,54.63923066406225,55.08394241333008,1453900,0.0,0.0
2018-10-19 00:00:00-04:00,55.08394204625618,55.57141027123552,55.06683423501158,55.47733688354492,1743000,0.0,0.0
2018-10-22 00:00:00-04:00,55.57994959242388,55.614158685234145,54.31424251967196,54.339900970458984,1558100,0.0,0.0
2018-10-23 00:00:00-04:00,54.22017739026353,54.7333007801337,53.68994619005754,54.510948181152344,2075700,0.0,0.0
2018-10-24 00:00:00-04:00,54.767507127676915,56.48647659596056,54.767507127676915,55.95624542236328,3064300,0.0,0.0
2018-10-25 00:00:00-04:00,56.02466525581076,56.854217872441886,55.47733278138322,56.495025634765625,1626500,0.0,0.0
2018-10-26 00:00:00-04:00,56.37530148483721,56.39240929615844,55.24642735221223,55.45167541503906,2238200,0.0,0.0
2018-10-29 00:00:00-04:00,55.95624391333717,56.83710686085295,55.95624391333717,56.631858825683594,1494500,0.0,0.0
2018-10-30 00:00:00-04:00,56.82854942541487,57.25615327820119,56.12727936783399,56.25556182861328,2052400,0.0,0.0
2018-10-31 00:00:00-04:00,56.18715035160641,56.4779243990549,55.50298802033061,55.554298400878906,3099800,0.0,0.0
2018-11-01 00:00:00-04:00,55.81941506057876,55.81941506057876,54.921450707782526,55.434574127197266,2233800,0.0,0.0
2018-11-02 00:00:00-04:00,55.16945672244892,55.597060620259555,54.40831904396457,55.10959243774414,2228400,0.0,0.0
2018-11-05 00:00:00-05:00,55.23785420193994,56.323971477300184,55.21219901861451,56.16147994995117,1512200,0.0,0.0
2018-11-06 00:00:00-05:00,56.34108385580927,57.221953313360636,56.13583582406087,56.8884162902832,2327200,0.0,0.0
2018-11-07 00:00:00-05:00,57.221963806503716,57.931781405779994,56.70028646474549,57.70087814331055,1681800,0.0,0.0
2018-11-08 00:00:00-05:00,57.50417168069355,57.743628825051196,57.00815610654608,57.55548858642578,872500,0.0,0.0
2018-11-09 00:00:00-05:00,57.63244716359029,57.90611337031762,57.29891667803878,57.70941925048828,1105900,0.0,0.0
2018-11-12 00:00:00-05:00,57.769286796483364,58.342274429737266,57.401547198703604,58.17978286743164,1007300,0.0,0.0
2018-11-13 00:00:00-05:00,58.290964925997045,58.521868153777675,57.76073375796197,58.27385711669922,1215400,0.0,0.0
2018-11-14 00:00:00-05:00,58.453457855882874,58.94947999699128,58.12848120725239,58.80409622192383,2222300,0.0,0.0
2018-11-15 00:00:00-05:00,58.46201413512283,58.46201413512283,57.307484744078465,57.96599197387695,2349900,0.0,0.0
2018-11-16 00:00:00-05:00,57.91468211084705,59.40274208334094,57.91468211084705,59.317222595214844,1785700,0.0,0.0
2018-11-19 00:00:00-05:00,59.31721607446487,59.79613037509885,58.658702386375175,59.35142517089844,1792800,0.0,0.0
2018-11-20 00:00:00-05:00,59.39417219132664,59.76191176353953,58.83829240576127,59.479698181152344,1552200,0.0,0.0
2018-11-21 00:00:00-05:00,59.39418005362562,60.09545019989508,59.07775733836511,59.43694305419922,1327800,0.0,0.0
2018-11-23 00:00:00-05:00,59.41128412904301,59.47114841125219,58.786979593389546,59.10340881347656,377800,0.0,0.0
2018-11-26 00:00:00-05:00,59.394172668457024,59.47969865896979,58.74421950863569,59.39417266845703,1558300,0.0,0.0
2018-11-27 00:00:00-05:00,59.419836771798764,59.83888673836458,58.97512509221616,59.73625946044922,1859600,0.0,0.0
2018-11-28 00:00:00-05:00,59.59088699175304,60.215191632340115,59.52246879352351,60.05270004272461,1730300,0.0,0.0
2018-11-29 00:00:00-05:00,59.8559790084998,60.36055489303534,59.28299147370687,60.095436096191406,1975800,0.0,0.0
2018-11-30 00:00:00-05:00,60.38621179302909,60.967753247394256,60.01847224799352,60.93354415893555,2534500,0.0,0.0
2018-12-03 00:00:00-05:00,61.14735539786583,61.48088590533134,60.89079045763815,61.47233200073242,2157900,0.0,0.0
2018-12-04 00:00:00-05:00,61.352587967524755,61.51507949035081,60.36909797755773,60.514488220214844,2057100,0.0,0.0
2018-12-06 00:00:00-05:00,60.24937575987197,62.216355946060126,59.513896665886236,62.130836486816406,2593000,0.0,0.0
2018-12-07 00:00:00-05:00,61.908486659106586,62.10518730663152,60.99341465481333,61.2927360534668,2114200,0.0,0.0
2018-12-10 00:00:00-05:00,61.489437170394254,61.52364626260396,60.275043758177006,61.155906677246094,1795500,0.0,0.0
2018-12-11 00:00:00-05:00,61.43811939181394,61.660475225641136,61.04472462409943,61.07893371582031,1262700,0.0,0.0
2018-12-12 00:00:00-05:00,61.39536973060588,61.56640868346465,59.351423577769836,59.43694305419922,1795000,0.0,0.0
2018-12-13 00:00:00-05:00,59.54810331386307,60.36910183344273,59.54810331386307,59.88163375854492,1936300,0.0,0.0
2018-12-14 00:00:00-05:00,59.744825666602175,60.0099380332418,59.50536849354463,59.8132438659668,1732600,0.0,0.0
2018-12-17 00:00:00-05:00,59.98427809982544,60.22373525396157,57.78639418547864,57.93177795410156,2097900,0.0,0.0
2018-12-18 00:00:00-05:00,58.33372203215095,59.009336962953775,57.99163761437872,58.42779541015625,1783000,0.0,0.0
2018-12-19 00:00:00-05:00,58.710019620297786,59.32577031009469,58.051505928541296,58.350833892822266,1539900,0.0,0.0
2018-12-20 00:00:00-05:00,58.45345379032584,58.94092199172635,57.760737536945626,58.25675964355469,1777700,0.0,0.0
2018-12-21 00:00:00-05:00,58.25676035309692,59.915859124276714,57.48707199290114,57.504173278808594,3744100,0.0,0.0
2018-12-24 00:00:00-05:00,57.50417054851283,57.67521602305622,54.45963287353516,54.459632873535156,731500,0.0,0.0
2018-12-26 00:00:00-05:00,54.596469962197524,55.94769668579102,54.02347899905336,55.947696685791016,1606400,0.0,0.0
2018-12-27 00:00:00-05:00,55.63981782788286,56.495025634765625,54.681985997634655,56.495025634765625,1850100,0.0,0.0
2018-12-28 00:00:00-05:00,57.02525361529057,57.367338023739165,55.939142632537504,56.64896011352539,1398800,0.0,0.0
2018-12-31 00:00:00-05:00,56.71793858220855,56.92487358296482,55.82121147447127,56.916255950927734,1266000,0.54,0.0
2019-01-02 00:00:00-05:00,56.40754002045381,56.416164231941146,54.67444518804292,54.976226806640625,1300000,0.0,0.0
2019-01-03 00:00:00-05:00,54.89861662388988,56.0971252746561,54.89861662388988,55.32111740112305,1744700,0.0,0.0
2019-01-04 00:00:00-05:00,55.46770480952556,56.21784674909238,55.32112610620168,55.666015625,1462500,0.0,0.0
2019-01-07 00:00:00-05:00,55.847082551350006,56.528250509227625,55.752242541994626,56.131622314453125,1792200,0.0,0.0
2019-01-08 00:00:00-05:00,56.32993908667593,57.261156531214404,56.20922644516304,57.18355178833008,2047900,0.0,0.0
2019-01-09 00:00:00-05:00,57.33013048468921,57.355996539535454,56.63172069045814,57.18355178833008,1119500,0.0,0.0
2019-01-10 00:00:00-05:00,57.381862201932385,58.244099009905256,57.01110011137026,58.12338638305664,1211900,0.0,0.0
2019-01-11 00:00:00-05:00,58.02853946261952,58.44240944411072,57.864712365009176,58.24409866333008,1606100,0.0,0.0
2019-01-14 00:00:00-05:00,58.00268160901168,58.554519355489525,57.73539023710796,58.313087463378906,1590400,0.0,0.0
2019-01-15 00:00:00-05:00,58.42516915313441,59.2442915062362,58.3734304703163,59.02873229980469,1354900,0.0,0.0
2019-01-16 00:00:00-05:00,58.916646328447605,59.65817055564738,58.459661844361854,59.563323974609375,1911000,0.0,0.0
2019-01-17 00:00:00-05:00,59.51159848490796,60.30486157296242,59.51159848490796,60.278995513916016,2684300,0.0,0.0
2019-01-18 00:00:00-05:00,60.503164204713066,60.632501060748865,59.925467036545044,60.46005630493164,1741900,0.0,0.0
2019-01-22 00:00:00-05:00,60.42555771776134,60.72733928806034,60.0461714131884,60.701473236083984,1858000,0.0,0.0
2019-01-23 00:00:00-05:00,60.47730117671218,60.8739293976239,60.31347404564249,60.64974594116211,2299100,0.0,0.0
2019-01-24 00:00:00-05:00,60.63249347528587,60.856676892478276,60.0203061168733,60.65835952758789,919900,0.0,0.0
2019-01-25 00:00:00-05:00,60.76183945003642,61.11535318188594,60.606636534546254,60.93428421020508,2190700,0.0,0.0
2019-01-28 00:00:00-05:00,60.68423302967504,61.84825815292477,60.68423302967504,61.83963394165039,1647200,0.0,0.0
2019-01-29 00:00:00-05:00,61.58958444111747,62.40870689684461,61.58958444111747,62.400089263916016,1966700,0.0,0.0
2019-01-30 00:00:00-05:00,62.1586490287882,62.66737217195744,61.74477904017597,62.081050872802734,2494600,0.0,0.0
2019-01-31 00:00:00-05:00,61.56371248209161,62.65875038847909,61.21881642599445,62.56390380859375,2403900,0.0,0.0
2019-02-01 00:00:00-05:00,62.76223862164499,62.89157550091977,61.02914022739559,62.09831237792969,1528400,0.0,0.0
2019-02-04 00:00:00-05:00,61.75340673522816,62.7794641328939,61.57233778269891,62.76222229003906,1518800,0.0,0.0
2019-02-05 00:00:00-05:00,62.36559057069982,62.943287659456445,61.934472162073405,62.90017318725586,1334100,0.0,0.0
2019-02-06 00:00:00-05:00,62.78809922856035,62.95192636663616,62.46045153075511,62.943302154541016,1192300,0.0,0.0
2019-02-07 00:00:00-05:00,62.82258364999322,63.48650319588985,62.477687560106524,63.408905029296875,1470000,0.0,0.0
2019-02-08 00:00:00-05:00,63.19334076659636,63.66756709639993,63.08125234209993,63.32267761230469,1695300,0.0,0.0
2019-02-11 00:00:00-05:00,63.35716846531754,63.676191898905635,63.107118982182506,63.33992004394531,1587600,0.0,0.0
2019-02-12 00:00:00-05:00,63.288197167924885,63.288197167924885,62.391469897782926,62.54667282104492,2018300,0.0,0.0
2019-02-13 00:00:00-05:00,62.32248675464302,63.26232846688576,62.193149894271606,63.1933479309082,1246800,0.0,0.0
2019-02-14 00:00:00-05:00,63.25370321465878,63.348549805481014,62.7967186834312,63.04676818847656,1037100,0.0,0.0
2019-02-15 00:00:00-05:00,63.56410176721389,63.58134360977804,62.91742412836407,63.124359130859375,1968900,0.0,0.0
2019-02-19 00:00:00-05:00,63.00367075711943,63.44341356279468,62.97780469414106,63.400299072265625,1393500,0.0,0.0
2019-02-20 00:00:00-05:00,63.30542707549399,63.33129312810219,61.968963923424994,62.66737365722656,1888900,0.0,0.0
2019-02-21 00:00:00-05:00,62.322482380440185,63.71930853339028,62.13278920898881,63.684818267822266,1487600,0.0,0.0
2019-02-22 00:00:00-05:00,63.80553544769887,64.17629760600178,63.426149077804006,64.00385284423828,1395400,0.0,0.0
2019-02-25 00:00:00-05:00,64.12456101240183,64.20215917626938,63.28819016176419,63.374412536621094,1292000,0.0,0.0
2019-02-26 00:00:00-05:00,63.57273401379089,63.71931271832279,63.141615533394045,63.564109802246094,1004800,0.0,0.0
2019-02-27 00:00:00-05:00,63.176101730607385,63.495131786969246,62.83121219527656,63.227840423583984,1123100,0.0,0.0
2019-02-28 00:00:00-05:00,63.15023176930843,64.39185507044944,62.9950288566658,63.53824234008789,2830700,0.0,0.0
2019-03-01 00:00:00-05:00,63.50374938807923,63.52961544270175,62.63288827182973,63.374412536621094,1374700,0.0,0.0
2019-03-04 00:00:00-05:00,63.564116086639295,63.90901222072481,63.12437335122161,63.788299560546875,1805200,0.0,0.0
2019-03-05 00:00:00-05:00,63.73654256864262,64.20215122925097,63.65894441438025,63.74516677856445,1278600,0.0,0.0
2019-03-06 00:00:00-05:00,63.81416210444205,63.96074081539203,63.40028545066687,63.41753387451172,1065000,0.0,0.0
2019-03-07 00:00:00-05:00,63.51237377973036,63.97797592095119,63.0898729585423,63.314056396484375,1422000,0.0,0.0
2019-03-08 00:00:00-05:00,63.331297700753886,63.78828878375959,63.04676452317474,63.49512481689453,957100,0.0,0.0
2019-03-11 00:00:00-04:00,63.710673160316446,64.27112836550054,63.33991109334953,64.18490600585938,1271000,0.0,0.0
2019-03-12 00:00:00-04:00,64.23665115237908,64.81434831548341,64.11593850869596,64.71088409423828,1622300,0.0,0.0
2019-03-13 00:00:00-04:00,64.77985076162975,65.22821759773923,64.56429155382382,64.59016418457031,1201500,0.0,0.0
2019-03-14 00:00:00-04:00,64.52981972984601,64.71951293945312,64.27115255357465,64.71951293945312,1321400,0.0,0.0
2019-03-15 00:00:00-04:00,64.71950546426606,64.88333259515848,64.19354038141304,64.4608383178711,2416000,0.0,0.0
2019-03-18 00:00:00-04:00,64.53844158046026,64.77986690081613,63.40891315521815,63.788299560546875,1361700,0.0,0.0
2019-03-19 00:00:00-04:00,63.72793282538361,63.9348678407093,63.158853310306064,63.374412536621094,1441900,0.0,0.0
2019-03-20 00:00:00-04:00,63.33992132486723,63.92624267481976,62.7535999749147,63.477882385253906,1208700,0.0,0.0
2019-03-21 00:00:00-04:00,63.262319596568354,64.59878275742508,63.21920512304117,64.4866943359375,1159500,0.0,0.0
2019-03-22 00:00:00-04:00,64.7369145682748,65.77951418837026,64.64134216308594,64.64134216308594,1484800,0.568,0.0
2019-03-25 00:00:00-04:00,64.78906117693606,65.03233404961374,64.42415186791956,64.70217895507812,803900,0.0,0.0
2019-03-26 00:00:00-04:00,64.9367510395126,65.31904070784327,64.7803604141671,65.28428649902344,1177200,0.0,0.0
2019-03-27 00:00:00-04:00,65.6405225135928,65.6405225135928,64.68479819213327,65.1452865600586,1152600,0.0,0.0
2019-03-28 00:00:00-04:00,65.42330371901531,65.73608497154557,64.99756962998448,65.71001434326172,1015800,0.0,0.0
2019-03-29 00:00:00-04:00,65.58838952988232,65.76216060574683,65.19741620939251,65.44068908691406,1995900,0.0,0.0
2019-04-01 00:00:00-04:00,65.18872435641401,65.44068743855438,64.06792580290214,65.1452865600586,1465200,0.0,0.0
2019-04-02 00:00:00-04:00,65.24083951300192,65.92722019563136,64.49364725319067,65.76214599609375,1665400,0.0,0.0
2019-04-03 00:00:00-04:00,65.55361572477071,65.8142689463299,65.06707011512613,65.5014877319336,1282900,0.0,0.0
2019-04-04 00:00:00-04:00,65.65788497468995,65.65788497468995,64.98019448457102,65.40592193603516,762400,0.0,0.0
2019-04-05 00:00:00-04:00,65.37986095148568,65.81427863222646,65.18871611136971,65.69264221191406,761400,0.0,0.0
2019-04-08 00:00:00-04:00,65.59705719016944,65.88377439526288,65.22345779135611,65.64918518066406,831600,0.0,0.0
2019-04-09 00:00:00-04:00,65.76214095349277,65.85771335948536,65.27558871516142,65.5014877319336,877200,0.0,0.0
2019-04-10 00:00:00-04:00,65.81425631588472,66.37031022839075,65.527539152931,66.33555603027344,1746000,0.0,0.0
2019-04-11 00:00:00-04:00,66.45721801716161,66.83081750502417,66.23132558538467,66.63098907470703,1926900,0.0,0.0
2019-04-12 00:00:00-04:00,66.46591448418691,67.29999575285954,65.96198831289864,67.29130554199219,1659300,0.0,0.0
2019-04-15 00:00:00-04:00,67.36949522908141,67.45637744014245,66.85687891505198,67.42162322998047,1791400,0.0,0.0
2019-04-16 00:00:00-04:00,67.41293320814316,67.41293320814316,65.45805362472642,65.79690551757812,1732800,0.0,0.0
2019-04-17 00:00:00-04:00,65.77952092399235,65.9011573378358,64.32856753836886,64.5457763671875,2010000,0.0,0.0
2019-04-18 00:00:00-04:00,64.51971804905926,65.31904501860487,64.21562698767649,65.22347259521484,1584600,0.0,0.0
2019-04-22 00:00:00-04:00,64.90200239707124,65.01495524259511,63.676947917369915,64.44152069091797,1543500,0.0,0.0
2019-04-23 00:00:00-04:00,64.70217169053521,65.27559959336591,64.4588988451714,65.12789916992188,1009400,0.0,0.0
2019-04-24 00:00:00-04:00,65.37116411599916,65.89246395431304,64.9541268968229,65.57099914550781,1230800,0.0,0.0
2019-04-25 00:00:00-04:00,65.24955042097868,66.19658464557921,65.11922375886255,66.00543975830078,769100,0.0,0.0
2019-04-26 00:00:00-04:00,66.35296065413863,66.53541528931335,65.90985275232123,66.20525360107422,836800,0.0,0.0
2019-04-29 00:00:00-04:00,65.98804704232563,66.43984516967443,65.32773690033609,65.42330932617188,693400,0.0,0.0
2019-04-30 00:00:00-04:00,65.51886640295552,66.62228420362432,65.2321491926172,66.3963851928711,1516700,0.0,0.0
2019-05-01 00:00:00-04:00,66.25738395461262,67.49981873852447,66.25738395461262,66.4832763671875,1244500,0.0,0.0
2019-05-02 00:00:00-04:00,66.48327668839855,67.29129381231068,65.92722260621036,66.37902069091797,907100,0.0,0.0
2019-05-03 00:00:00-04:00,66.50934269337624,66.70048088503374,65.90115402603557,66.5440902709961,1862300,0.0,0.0
2019-05-06 00:00:00-04:00,66.40509597695925,66.59624084307866,65.94461423331994,66.21395111083984,928800,0.0,0.0
2019-05-07 00:00:00-04:00,66.04019817443432,66.20527243683047,64.54579982838611,64.96283721923828,841300,0.0,0.0
2019-05-08 00:00:00-04:00,65.04970880120932,65.61444650840544,64.62397468244343,64.67610931396484,802700,0.0,0.0
2019-05-09 00:00:00-04:00,64.63267942047781,65.04972342295106,64.16350740345398,65.00627899169922,770800,0.0,0.0
2019-05-10 00:00:00-04:00,64.91938876924654,66.13575977903298,64.91938876924654,65.88379669189453,819800,0.0,0.0
2019-05-13 00:00:00-04:00,65.44937762528997,66.03149580001005,65.16266032895729,65.8924789428711,979700,0.0,0.0
2019-05-14 00:00:00-04:00,65.94461557282992,66.30083467981567,65.73609690950438,65.86641693115234,807900,0.0,0.0
2019-05-15 00:00:00-04:00,65.96198207966762,66.54410020768753,65.86640965522399,66.19657135009766,555000,0.0,0.0
2019-05-16 00:00:00-04:00,65.74478044442783,66.95246125454618,65.74478044442783,66.7352523803711,945200,0.0,0.0
2019-05-17 00:00:00-04:00,66.46591252962216,66.89164004796211,66.17051165570543,66.57017517089844,1174000,0.0,0.0
2019-05-20 00:00:00-04:00,66.53541257906637,66.769995206539,65.43198797440543,65.81427764892578,799300,0.0,0.0
2019-05-21 00:00:00-04:00,66.03147994466391,66.72655080608254,66.03147994466391,66.3442611694336,776000,0.0,0.0
2019-05-22 00:00:00-04:00,66.32690161943195,66.72657179913568,66.04887451313093,66.58755493164062,561700,0.0,0.0
2019-05-23 00:00:00-04:00,66.47459549356678,67.00458559540664,66.32688844402207,66.99589538574219,897400,0.0,0.0
2019-05-24 00:00:00-04:00,67.23047337000955,67.45637240485625,66.99589075478637,67.06539916992188,779900,0.0,0.0
2019-05-28 00:00:00-04:00,67.39556789349741,67.62146697424659,66.21395111083984,66.21395111083984,1721900,0.0,0.0
2019-05-29 00:00:00-04:00,66.39640042205708,66.55279106095925,65.41461879536958,65.7447738647461,1793200,0.0,0.0
2019-05-30 00:00:00-04:00,65.85771013614007,66.23999311271314,65.67524891276697,65.87508392333984,1178900,0.0,0.0
2019-05-31 00:00:00-04:00,66.21395209082895,67.14360580269637,65.63183390171423,66.5267333984375,1676500,0.0,0.0
2019-06-03 00:00:00-04:00,66.68310569903979,67.04801491458615,65.72738824602872,66.23999786376953,1524600,0.0,0.0
2019-06-04 00:00:00-04:00,66.1531091604407,66.21392735705254,64.92805502049211,65.57968139648438,1633300,0.0,0.0
2019-06-05 00:00:00-04:00,66.10968614928424,67.22180109238252,65.58838620549068,67.11753845214844,1872700,0.0,0.0
2019-06-06 00:00:00-04:00,67.20441836314116,67.76916271147442,66.94377171454072,67.58670806884766,906900,0.0,0.0
2019-06-07 00:00:00-04:00,67.85603363954728,68.23832328165832,67.58669682552564,67.75177764892578,738900,0.0,0.0
2019-06-10 00:00:00-04:00,67.81260480723247,67.81260480723247,66.839506784589,67.6214599609375,1159800,0.0,0.0
2019-06-11 00:00:00-04:00,67.72570267033181,67.79521107873738,66.96113006393047,67.59538269042969,726800,0.0,0.0
2019-06-12 00:00:00-04:00,67.62144798060923,68.05586559842835,67.056703751707,67.46505737304688,998900,0.0,0.0
2019-06-13 00:00:00-04:00,67.36948304513183,67.70832824707031,67.23915643776627,67.70832824707031,1126000,0.0,0.0
2019-06-14 00:00:00-04:00,67.76916471000551,68.22095622478267,67.59540027248086,67.99506378173828,1153500,0.0,0.0
2019-06-17 00:00:00-04:00,68.1948819612911,68.76831645048152,68.03849133957438,68.35127258300781,958000,0.0,0.0
2019-06-18 00:00:00-04:00,68.81175449430071,68.90732690952039,67.23916469081081,67.8125991821289,1450000,0.0,0.0
2019-06-19 00:00:00-04:00,67.50850090840656,68.3947166363155,67.34342670708028,68.14275360107422,1065200,0.0,0.0
2019-06-20 00:00:00-04:00,68.35127856593412,69.04634952966882,68.33390477475035,68.49029541015625,1250600,0.0,0.0
2019-06-21 00:00:00-04:00,68.6727449566041,68.77700758204267,67.32604754994439,67.79521942138672,2764100,0.0,0.0
2019-06-24 00:00:00-04:00,68.06455661130933,68.16012902796173,67.51719273940809,68.00373840332031,794300,0.0,0.0
2019-06-25 00:00:00-04:00,68.08193687073323,68.42947232786653,66.76130345936416,66.82212829589844,956000,0.0,0.0
2019-06-26 00:00:00-04:00,66.7612958907925,66.8221207204312,65.1973964540195,65.72738647460938,1558100,0.0,0.0
2019-06-27 00:00:00-04:00,66.15459621345671,66.95122086692665,65.8832218135792,66.18961334228516,876300,0.568,0.0
2019-06-28 00:00:00-04:00,66.25089480162464,67.10879780167268,66.20712171879683,66.46099090576172,1934500,0.0,0.0
2019-07-01 00:00:00-04:00,66.85493418873517,66.88995132215003,65.50680460702215,66.6535873413086,891700,0.0,0.0
2019-07-02 00:00:00-04:00,66.83742482991283,68.03673664944729,66.83742482991283,67.78286743164062,1266400,0.0,0.0
2019-07-03 00:00:00-04:00,68.02797063943785,68.78082222816711,67.94043115492308,68.57947540283203,530100,0.0,0.0
2019-07-05 00:00:00-04:00,68.18553844639753,68.41314642938647,67.08252233681077,68.21179962158203,639500,0.0,0.0
2019-07-08 00:00:00-04:00,68.3256207028039,69.06971642439211,68.28184761613123,69.00843811035156,802200,0.0,0.0
2019-07-09 00:00:00-04:00,68.93840309904238,69.56869813884727,68.6670286653401,69.43738555908203,1084200,0.0,0.0
2019-07-10 00:00:00-04:00,69.55116049232706,69.91883691536168,69.21850786835861,69.65621185302734,1202800,0.0,0.0
2019-07-11 00:00:00-04:00,69.88382342437365,69.90132864598307,68.83332979931423,69.41110229492188,1554300,0.0,0.0
2019-07-12 00:00:00-04:00,69.54243428762216,69.54243428762216,68.92089522469689,69.02593994140625,939400,0.0,0.0
2019-07-15 00:00:00-04:00,69.15724121932635,69.67372880233927,68.76331023834476,69.27104187011719,794400,0.0,0.0
2019-07-16 00:00:00-04:00,69.1222353842798,69.31482627002693,68.78082669730445,69.02593994140625,732900,0.0,0.0
2019-07-17 00:00:00-04:00,69.1397443192856,69.41987468320072,68.13302352811617,68.84210205078125,1138100,0.0,0.0
2019-07-18 00:00:00-04:00,68.77207103506723,69.02594023291192,68.0542365262369,68.79833221435547,711300,0.0,0.0
2019-07-19 00:00:00-04:00,68.96466333840739,69.2272884943551,67.34515935362367,67.53775024414062,1212600,0.0,0.0
2019-07-22 00:00:00-04:00,67.58149902319855,67.81786293766622,67.19632402146742,67.3013687133789,1318100,0.0,0.0
2019-07-23 00:00:00-04:00,67.31012456486519,68.27307208602514,66.86366458839858,68.24681091308594,984600,0.0,0.0
2019-07-24 00:00:00-04:00,68.37814536470974,68.43942368081234,67.73034506893427,67.78286743164062,1443900,0.0,0.0
2019-07-25 00:00:00-04:00,68.11550796400365,68.49193374643178,67.6340374750226,68.36937713623047,1505500,0.0,0.0
2019-07-26 00:00:00-04:00,68.48316939195797,68.894605533407,68.33434495905846,68.77204895019531,1289900,0.0,0.0
2019-07-29 00:00:00-04:00,68.93839446049036,70.09393299572234,68.92963850858047,69.69124603271484,1482000,0.0,0.0
2019-07-30 00:00:00-04:00,69.63871505727116,70.57540143062994,69.3410728386944,69.62995910644531,1768000,0.0,0.0
2019-07-31 00:00:00-04:00,69.97137654746328,71.67841983797885,69.0084288789972,69.06095123291016,2469100,0.0,0.0
2019-08-01 00:00:00-04:00,68.99965844639542,70.01513493449505,67.84412015097726,69.66497039794922,2317100,0.0,0.0
2019-08-02 00:00:00-04:00,69.69124285241777,70.99559911642267,69.4898960406851,70.45285034179688,1551500,0.0,0.0
2019-08-05 00:00:00-04:00,70.45285655765805,70.50537891368565,67.82663189492305,68.43941497802734,1572800,0.0,0.0
2019-08-06 00:00:00-04:00,68.57072950250003,69.5074160584355,68.04548589074055,69.2798080444336,1296700,0.0,0.0
2019-08-07 00:00:00-04:00,69.19225724704577,70.40907397563589,68.21179776752574,69.84005737304688,1150300,0.0,0.0
2019-08-08 00:00:00-04:00,69.94510346999644,70.8467726792086,69.17474012322621,70.76798248291016,1331800,0.0,0.0
2019-08-09 00:00:00-04:00,70.70671273779023,71.29324126923515,70.07642448535069,71.14441680908203,1939500,0.0,0.0
2019-08-12 00:00:00-04:00,71.0743934248381,71.55586392435089,70.68045573014457,71.10065460205078,833900,0.0,0.0
2019-08-13 00:00:00-04:00,71.00435844751408,71.07439270526181,69.6387238156053,70.811767578125,1339600,0.0,0.0
2019-08-14 00:00:00-04:00,70.9518312267459,71.04812665483513,69.84881511879988,69.87507629394531,916900,0.0,0.0
2019-08-15 00:00:00-04:00,70.12894999443427,71.24071544688883,69.95387102956775,71.03937530517578,1282500,0.0,0.0
2019-08-16 00:00:00-04:00,71.22320953392715,71.77471427888014,69.95387035382065,71.46832275390625,1098000,0.0,0.0
2019-08-19 00:00:00-04:00,71.78347340528641,72.58009808428326,71.37203047691087,72.45753479003906,1036600,0.0,0.0
2019-08-20 00:00:00-04:00,72.61509342329775,72.7551619139499,72.02857164606658,72.16864013671875,1068200,0.0,0.0
2019-08-21 00:00:00-04:00,72.13362844496478,72.53631536765802,71.79221982183716,72.33496856689453,625600,0.0,0.0
2019-08-22 00:00:00-04:00,72.41376130487096,72.72890876477068,71.9410401150214,72.65887451171875,830300,0.0,0.0
2019-08-23 00:00:00-04:00,72.62385259320104,73.35919884405749,72.24742685642734,72.44001770019531,2343300,0.0,0.0
2019-08-26 00:00:00-04:00,72.82520129809377,73.19287109375,72.20366235434146,73.19287109375,1728100,0.0,0.0
2019-08-27 00:00:00-04:00,73.5255249643051,73.73562771853814,73.13159398807734,73.34169006347656,1933200,0.0,0.0
2019-08-28 00:00:00-04:00,73.40297906363091,73.57806471768049,72.95651899434795,73.21038818359375,1749600,0.0,0.0
2019-08-29 00:00:00-04:00,73.40296771380548,73.89320079050796,73.08782026408022,73.77063751220703,874600,0.0,0.0
2019-08-30 00:00:00-04:00,73.97198461375471,74.34841036474137,73.56054173723048,74.19959259033203,1510100,0.0,0.0
2019-09-03 00:00:00-04:00,74.09454425923852,75.15378730466158,74.0770390351671,75.10126495361328,1565100,0.0,0.0
2019-09-04 00:00:00-04:00,75.46893669152742,75.60024925132801,74.94369313115934,75.53897094726562,1364900,0.0,0.0
2019-09-05 00:00:00-04:00,75.39014399135979,75.60899600479158,74.82112742067048,75.27633666992188,1234900,0.0,0.0
2019-09-06 00:00:00-04:00,75.5039617070272,76.239301432594,75.36389318091832,76.02920532226562,1614800,0.0,0.0
2019-09-09 00:00:00-04:00,75.7403111080223,75.7490670597009,74.40969364274497,74.50598907470703,2185100,0.0,0.0
2019-09-10 00:00:00-04:00,74.15581796329165,74.25211338679824,72.67637616472112,73.93696594238281,1585800,0.0,0.0
2019-09-11 00:00:00-04:00,73.75313422145838,74.21709945714612,72.97402152778767,74.20834350585938,1486100,0.0,0.0
2019-09-12 00:00:00-04:00,74.93491903555689,75.35511778940955,73.81439793039331,74.72482299804688,1374900,0.0,0.0
2019-09-13 00:00:00-04:00,74.45348175652667,74.79489047375596,73.59557864731235,74.01577758789062,1549800,0.0,0.0
2019-09-16 00:00:00-04:00,73.98948879564269,74.64604486285457,73.6655920769384,74.45346069335938,1507600,0.0,0.0
2019-09-17 00:00:00-04:00,74.66357202612502,75.40766771862587,74.27839025073563,75.17131042480469,1659000,0.0,0.0
2019-09-18 00:00:00-04:00,75.16254377746073,75.24132730457964,74.14706712458963,74.64604949951172,1848700,0.0,0.0
2019-09-19 00:00:00-04:00,74.62853979227455,75.16253926233829,74.62853979227455,74.85614776611328,1247500,0.0,0.0
2019-09-20 00:00:00-04:00,75.11877818977354,75.11877818977354,74.3484213506188,74.55851745605469,7515200,0.0,0.0
2019-09-23 00:00:00-04:00,73.94574127874381,75.11003593812782,73.74439442803623,74.61105346679688,1519200,0.0,0.0
2019-09-24 00:00:00-04:00,74.7861422242346,75.56525519035849,74.54978488751097,74.82115936279297,1272500,0.0,0.0
2019-09-25 00:00:00-04:00,74.9349282653637,75.54771791192533,74.83863284488734,75.36387634277344,966600,0.0,0.0
2019-09-26 00:00:00-04:00,75.66153025882488,76.30933045046403,75.5477295983098,75.9504165649414,999400,0.0,0.0
2019-09-27 00:00:00-04:00,76.16893638902602,76.309921202702,75.38468945494759,76.00151062011719,1108900,0.568,0.0
2019-09-30 00:00:00-04:00,75.89578050502047,76.41567848512157,75.89578050502047,76.01033782958984,1469200,0.0,0.0
2019-10-01 00:00:00-04:00,75.87816179792723,76.27468880994992,75.14678318007861,75.9310302734375,995000,0.0,0.0
2019-10-02 00:00:00-04:00,75.91340052876471,76.31874114540936,74.8119292695628,75.86933898925781,1468600,0.0,0.0
2019-10-03 00:00:00-04:00,75.73716811362077,76.87388736522067,75.62261751227108,76.73290252685547,1429900,0.0,0.0
2019-10-04 00:00:00-04:00,76.732910042957,77.19993287023675,76.66241425544541,77.07656860351562,1567200,0.0,0.0
2019-10-07 00:00:00-04:00,76.71527951339186,77.61408395930322,76.70647258245896,77.33210754394531,1428000,0.0,0.0
2019-10-08 00:00:00-04:00,77.2704284754144,77.83438132847975,76.77696468684599,77.14706420898438,1943600,0.0,0.0
2019-10-09 00:00:00-04:00,77.30566269943385,77.88723603507405,76.96199747760681,77.1734848022461,1275700,0.0,0.0
2019-10-10 00:00:00-04:00,76.91794387498355,77.87842361220962,76.74170443500132,77.6845703125,1055400,0.0,0.0
2019-10-11 00:00:00-04:00,77.65814076548358,77.97536508121743,76.70647454113025,77.2175521850586,1298700,0.0,0.0
2019-10-14 00:00:00-04:00,77.04130690505832,77.47308176121437,76.7945784158263,77.1734848022461,1310500,0.0,0.0
2019-10-15 00:00:00-04:00,77.17348820680004,77.49951941501952,76.78576815070399,77.1558609008789,1988300,0.0,0.0
2019-10-16 00:00:00-04:00,77.21753688671716,77.58763633031467,76.50378567914852,77.56119537353516,1139000,0.0,0.0
2019-10-17 00:00:00-04:00,77.25279218471871,77.7550628461684,77.16467582220689,77.32328796386719,1902900,0.0,0.0
2019-10-18 00:00:00-04:00,77.20873089969102,77.94891635022678,77.00605723232225,77.86961364746094,1640400,0.0,0.0
2019-10-21 00:00:00-04:00,77.64051336264033,78.20446615823529,77.29685483791364,78.17803192138672,1327900,0.0,0.0
2019-10-22 00:00:00-04:00,78.52168428839109,78.53049794093198,77.69337574357166,77.9312973022461,1356600,0.0,0.0
2019-10-23 00:00:00-04:00,77.80794291408125,78.11635356360827,75.72836435891635,77.40259552001953,2968200,0.0,0.0
2019-10-24 00:00:00-04:00,77.41139963890637,77.64932119841377,76.56547050889064,77.1734848022461,1195400,0.0,0.0
2019-10-25 00:00:00-04:00,76.99724850392973,77.37615490579608,76.67121729680225,77.26160430908203,931800,0.0,0.0
2019-10-28 00:00:00-04:00,77.17347147968552,77.23515359134527,76.68882151461186,77.05891418457031,1244500,0.0,0.0
2019-10-29 00:00:00-04:00,76.83863492768809,77.48189712267076,76.67121586221509,77.1646728515625,1571200,0.0,0.0
2019-10-30 00:00:00-04:00,77.49951896026663,78.33664119257578,77.19992198983941,78.2925796508789,1125000,0.0,0.0
2019-10-31 00:00:00-04:00,78.37188871480001,78.90940725132049,78.0017892456804,78.12516021728516,1453100,0.0,0.0
2019-11-01 00:00:00-04:00,78.13396150730097,78.60098423286364,77.11179970240192,77.66693878173828,1270400,0.0,0.0
2019-11-04 00:00:00-05:00,77.4290273383556,77.49070946097773,76.43329300093784,76.68883514404297,1279700,0.0,0.0
2019-11-05 00:00:00-05:00,76.19536952747393,76.19536952747393,73.93074510665524,74.73261260986328,2275400,0.0,0.0
2019-11-06 00:00:00-05:00,74.92649791134107,75.58738082607996,74.92649791134107,75.41114807128906,1237800,0.0,0.0
2019-11-07 00:00:00-05:00,75.00578969941877,75.04984451632096,73.71045841581663,74.08055114746094,2025900,0.0,0.0
2019-11-08 00:00:00-05:00,73.86908855087606,74.40660719715927,73.81621334572037,74.00126647949219,978300,0.0,0.0
2019-11-11 00:00:00-05:00,74.11579716497556,74.56519931226208,73.72807713807371,74.15985870361328,856700,0.0,0.0
2019-11-12 00:00:00-05:00,74.24798448251246,74.93530154628348,73.384427964667,73.49898529052734,1435600,0.0,0.0
2019-11-13 00:00:00-05:00,73.81620695807382,74.89124415761248,73.81620695807382,74.78550720214844,1375600,0.0,0.0
2019-11-14 00:00:00-05:00,75.0762799083347,75.61379843189556,74.8031171816503,75.58736419677734,1309500,0.0,0.0
2019-11-15 00:00:00-05:00,75.60498069705115,76.22180183781404,75.4023070520312,76.18655395507812,1412300,0.0,0.0
2019-11-18 00:00:00-05:00,76.38041701330845,77.1999118319718,76.25705278020612,76.65357971191406,927000,0.0,0.0
2019-11-19 00:00:00-05:00,76.74171116029068,76.97081909092192,76.19538565558638,76.72409057617188,982800,0.0,0.0
2019-11-20 00:00:00-05:00,76.72408733089947,77.16467586655935,76.33636726820755,76.36280822753906,954000,0.0,0.0
2019-11-21 00:00:00-05:00,76.06319115200499,76.13368691879758,74.78548731240937,74.94409942626953,1969300,0.0,0.0
2019-11-22 00:00:00-05:00,75.10273169524399,75.31421232952991,74.30085725918568,74.71501159667969,2695100,0.0,0.0
2019-11-25 00:00:00-05:00,74.92648347667037,75.5256841395109,74.31846916093366,74.47708129882812,1808100,0.0,0.0
2019-11-26 00:00:00-05:00,74.66212911393445,75.55211303091939,74.52995122123122,75.22608184814453,3606600,0.0,0.0
2019-11-27 00:00:00-05:00,75.06749439428518,75.71956369700071,74.82957276465105,75.45520782470703,1316400,0.0,0.0
2019-11-29 00:00:00-05:00,75.578561517997,76.02796374880053,74.96174019952015,74.98817443847656,762900,0.0,0.0
2019-12-02 00:00:00-05:00,74.77670207554837,75.03224428514127,73.49899775043275,73.57830047607422,2634400,0.0,0.0
2019-12-03 00:00:00-05:00,73.68401368388619,74.33608269762787,73.59589061694192,73.88668060302734,1802400,0.0,0.0
2019-12-04 00:00:00-05:00,73.45492677403425,74.72382400428202,73.45492677403425,74.23917388916016,1985200,0.0,0.0
2019-12-05 00:00:00-05:00,74.07172969144783,74.53875238306176,73.78094641741694,74.49469757080078,1489000,0.0,0.0
2019-12-06 00:00:00-05:00,74.4947173228806,74.93530589938959,74.16867935603862,74.40660095214844,1223800,0.0,0.0
2019-12-09 00:00:00-05:00,74.4947187555708,74.6268966756352,73.89551801108077,74.50353240966797,1066400,0.0,0.0
2019-12-10 00:00:00-05:00,74.76786199333344,74.89122622707092,73.91311928611918,74.14222717285156,1096700,0.0,0.0
2019-12-11 00:00:00-05:00,74.15104412537478,74.39777260383248,72.61779806435416,72.855712890625,1376700,0.0,0.0
2019-12-12 00:00:00-05:00,72.78520973908095,73.1376818395032,71.61324286238656,72.0626449584961,2147400,0.0,0.0
2019-12-13 00:00:00-05:00,72.20364248842074,72.63541731782723,70.97880704786695,71.38414764404297,1762300,0.0,0.0
2019-12-16 00:00:00-05:00,71.54277047945725,71.93929748298555,70.83782611446502,71.81593322753906,1991900,0.0,0.0
2019-12-17 00:00:00-05:00,72.06267462755606,72.15079100822865,70.52061443581455,70.59111022949219,1603800,0.0,0.0
2019-12-18 00:00:00-05:00,70.0359512317276,71.04049247839895,69.80684332830431,70.74970245361328,2775400,0.0,0.0
2019-12-19 00:00:00-05:00,70.81138610839844,70.96999824145745,70.52059607731572,70.81138610839844,2198600,0.0,0.0
2019-12-20 00:00:00-05:00,70.02715099619792,71.18149094122357,69.63061723473955,70.75852966308594,5480000,0.0,0.0
2019-12-23 00:00:00-05:00,71.12861531016681,71.12861531016681,70.10644666555831,70.2386245727539,1087000,0.0,0.0
2019-12-24 00:00:00-05:00,70.35317358829147,70.8642578990801,70.19456817064756,70.82901000976562,409400,0.0,0.0
2019-12-26 00:00:00-05:00,71.01405334472656,71.06692853785717,70.67039484219002,71.01405334472656,833900,0.0,0.0
2019-12-27 00:00:00-05:00,71.32247663878465,71.51633667647691,71.02287292884722,71.33128356933594,1008400,0.0,0.0
2019-12-30 00:00:00-05:00,71.1109737712686,71.51632106496673,70.93474107884477,71.12860107421875,1166000,0.0,0.0
2019-12-31 00:00:00-05:00,71.25106943778914,71.81014251708984,71.03809018431579,71.81014251708984,1265600,0.568,0.0
2020-01-02 00:00:00-05:00,72.1651178834197,72.30710857674525,70.41689640216002,70.78961181640625,1797800,0.0,0.0
2020-01-03 00:00:00-05:00,70.50565713620558,71.81016822541578,70.4701662233278,71.70368194580078,1326500,0.0,0.0
2020-01-06 00:00:00-05:00,71.56168197385593,72.28049135042353,71.14459271123376,71.90777587890625,1764300,0.0,0.0
2020-01-07 00:00:00-05:00,70.86948655384273,71.75690811673033,70.55889036092992,70.84286499023438,1194800,0.0,0.0
2020-01-08 00:00:00-05:00,70.92274090590509,71.3930733253961,70.67426391224872,70.99373626708984,2388900,0.0,0.0
2020-01-09 00:00:00-05:00,70.93160911374382,71.42856304567381,70.78961840719838,71.35757446289062,892800,0.0,0.0
2020-01-10 00:00:00-05:00,71.50843807885096,72.1473827492084,71.13572261130572,72.11188507080078,1291000,0.0,0.0
2020-01-13 00:00:00-05:00,71.93437366031714,73.0436503662583,71.93437366031714,73.01702880859375,1397500,0.0,0.0
2020-01-14 00:00:00-05:00,72.67093853093645,72.76855542741716,71.59715944013679,72.02312469482422,1223500,0.0,0.0
2020-01-15 00:00:00-05:00,72.44021322804778,72.99041698494545,72.09411939127801,72.83068084716797,1228100,0.0,0.0
2020-01-16 00:00:00-05:00,72.93717863691629,73.23889871108595,72.44021796991765,73.22115325927734,1021600,0.0,0.0
2020-01-17 00:00:00-05:00,73.16790648628817,73.4696333438271,72.75969337237379,73.2122802734375,1797400,0.0,0.0
2020-01-21 00:00:00-05:00,73.60275361737811,73.93997140608462,73.1057928907966,73.92222595214844,1577300,0.0,0.0
2020-01-22 00:00:00-05:00,74.21507075906679,74.3481853617534,72.85731670674123,73.11466979980469,1427400,0.0,0.0
2020-01-23 00:00:00-05:00,73.14128822760229,73.7536113113907,72.8129465616204,73.72698974609375,1308500,0.0,0.0
2020-01-24 00:00:00-05:00,73.87784308098469,73.90446464386176,73.0081669942294,73.44300842285156,1117900,0.0,0.0
2020-01-27 00:00:00-05:00,73.16790652720806,73.66486721569905,72.87506255152243,73.0702896118164,1198900,0.0,0.0
2020-01-28 00:00:00-05:00,73.19453718936016,73.71811268812003,72.9726817874132,73.40751647949219,1473500,0.0,0.0
2020-01-29 00:00:00-05:00,76.49574618780446,77.67601864835643,72.06751389571058,73.0081787109375,2311000,0.0,0.0
2020-01-30 00:00:00-05:00,72.73306555173376,74.5345301190084,72.61770319375411,74.51678466796875,1820300,0.0,0.0
2020-01-31 00:00:00-05:00,74.53453989888966,74.75639530368376,73.54950135996468,73.72698974609375,1514200,0.0,0.0
2020-02-03 00:00:00-05:00,73.96658683743347,74.42804984737894,73.35427055531753,73.51399993896484,1560500,0.0,0.0
2020-02-04 00:00:00-05:00,73.65598873724763,74.53453417705134,73.62049106274688,74.22393798828125,815100,0.0,0.0
2020-02-05 00:00:00-05:00,74.15294670853119,74.72977210246641,73.68261434394215,73.93109130859375,976500,0.0,0.0
2020-02-06 00:00:00-05:00,74.11745941913198,74.57892250714681,74.07309239522046,74.42806243896484,1141500,0.0,0.0
2020-02-07 00:00:00-05:00,74.64989765733353,74.94274160142677,74.38366850398845,74.72088623046875,1517500,0.0,0.0
2020-02-10 00:00:00-05:00,75.20009038634143,75.40420029508103,74.84512045880938,75.37757873535156,1477800,0.0,0.0
2020-02-11 00:00:00-05:00,75.29771944641718,75.68818710681262,74.98712324859777,75.24447631835938,1265200,0.0,0.0
2020-02-12 00:00:00-05:00,75.1202378392316,75.67043488380047,74.74752240184833,75.24447631835938,1418200,0.0,0.0
2020-02-13 00:00:00-05:00,75.09360894576324,75.8035420757025,75.09360894576324,75.62606048583984,1202500,0.0,0.0
2020-02-14 00:00:00-05:00,75.93665116088323,76.72645568847656,75.83015815237502,76.72645568847656,939200,0.0,0.0
2020-02-18 00:00:00-05:00,76.92170744762426,77.08144361244275,75.82130651803561,76.557861328125,879800,0.0,0.0
2020-02-19 00:00:00-05:00,76.48686530608379,76.5578538842754,75.72368223398875,75.73255157470703,1068500,0.0,0.0
2020-02-20 00:00:00-05:00,75.78579628710256,76.7353370066614,75.50182168229492,76.6732177734375,1023800,0.0,0.0
2020-02-21 00:00:00-05:00,76.47799985081271,77.32992384221552,76.40700449223996,77.21456146240234,1517400,0.0,0.0
2020-02-24 00:00:00-05:00,76.64660310594195,77.37428851936718,76.07865384524368,76.13189697265625,1059000,0.0,0.0
2020-02-25 00:00:00-05:00,76.35375716316898,76.50461721397927,74.00208851096107,74.10858154296875,1270500,0.0,0.0
2020-02-26 00:00:00-05:00,74.4724101075831,75.05811154311179,73.96658012712138,73.97545623779297,1997300,0.0,0.0
2020-02-27 00:00:00-05:00,73.12354136208515,73.98434139934099,69.61822197173865,69.6270980834961,2179500,0.0,0.0
2020-02-28 00:00:00-05:00,68.47345601011654,68.47345601011654,65.04800798720875,66.6453628540039,3257500,0.0,0.0
2020-03-02 00:00:00-05:00,67.05356747248646,70.19504044643548,66.76072351825805,70.16841888427734,2325400,0.0,0.0
2020-03-03 00:00:00-05:00,70.18615255297324,71.94324983581333,69.21886651433775,69.7158203125,2805400,0.0,0.0
2020-03-04 00:00:00-05:00,70.71863410678256,72.04089048173098,69.95545093911005,71.90777587890625,2379500,0.0,0.0
2020-03-05 00:00:00-05:00,70.92273973169574,71.40194825602357,69.41412556919309,70.43466186523438,1623600,0.0,0.0
2020-03-06 00:00:00-05:00,68.59768636543095,69.39636031891708,66.84946488364362,68.89940643310547,2233500,0.0,0.0
2020-03-09 00:00:00-04:00,64.91489969065036,67.07133472507657,64.87052589678329,66.08629608154297,3436000,0.0,0.0
2020-03-10 00:00:00-04:00,67.57714294174284,70.93159484863281,66.67196929577966,70.93159484863281,4259800,0.0,0.0
2020-03-11 00:00:00-04:00,69.2277630391995,69.24550849272947,66.2637712834575,66.6453628540039,3700900,0.0,0.0
2020-03-12 00:00:00-04:00,62.43898748753958,67.38192577966292,60.61090106528799,62.12839126586914,5119200,0.0,0.0
2020-03-13 00:00:00-04:00,65.66919107274822,65.86442488624269,61.48943661557654,65.3230972290039,4670800,0.0,0.0
2020-03-16 00:00:00-04:00,60.85049778606121,61.09009863489126,54.221457465727354,54.27470397949219,4111800,0.0,0.0
2020-03-17 00:00:00-04:00,55.96080737569912,59.35075423533066,53.99960306477492,58.9780387878418,3220800,0.0,0.0
2020-03-18 00:00:00-04:00,55.197625437298655,57.42505221383959,52.01178168630532,54.01735305786133,3663700,0.0,0.0
2020-03-19 00:00:00-04:00,53.689004180872914,55.84543883449449,52.36674457186942,53.78662109375,3510900,0.0,0.0
2020-03-20 00:00:00-04:00,54.040289619902055,54.86492001871799,48.95804472541657,49.55859375,3495100,0.603,0.0
2020-03-23 00:00:00-04:00,49.55859420387875,49.65719206100161,44.4763492628479,46.062870025634766,3682000,0.0,0.0
2020-03-24 00:00:00-04:00,47.58664477450594,48.80566654417825,45.39061321172235,46.74408721923828,3835100,0.0,0.0
2020-03-25 00:00:00-04:00,46.32280387542052,51.88010684897213,44.97829525694491,48.91322326660156,3843900,0.0,0.0
2020-03-26 00:00:00-04:00,48.913224138795655,53.22461641652024,47.810727462298,53.09016418457031,3252400,0.0,0.0
2020-03-27 00:00:00-04:00,51.34230091130302,57.75112663897802,51.10028895173394,56.182533264160156,2830600,0.0,0.0
2020-03-30 00:00:00-04:00,56.908571590422554,57.26710518281504,53.188762916737446,56.09290313720703,3550300,0.0,0.0
2020-03-31 00:00:00-04:00,55.313079833984375,56.03911566758004,52.91985630349457,55.313079833984375,5240400,0.0,0.0
2020-04-01 00:00:00-04:00,52.946748832897605,53.74449006175488,49.191089343399,51.71876525878906,2907300,0.0,0.0
2020-04-02 00:00:00-04:00,50.42803507914967,52.04144815673019,47.72109406956955,48.91322326660156,3175700,0.0,0.0
2020-04-03 00:00:00-04:00,48.37541737459765,49.675106201289786,47.31773707120841,48.635353088378906,2757900,0.0,0.0
2020-04-06 00:00:00-04:00,51.18095814002343,54.20162318579835,50.62522888910173,53.87894058227539,2530800,0.0,0.0
2020-04-07 00:00:00-04:00,56.066003583604406,57.14161106395476,54.30917996994725,54.38985061645508,2742400,0.0,0.0
2020-04-08 00:00:00-04:00,54.972474749530114,58.97014603167826,54.37192581706169,58.486122131347656,3264600,0.0,0.0
2020-04-09 00:00:00-04:00,59.400381100081994,63.29049582305563,59.400381100081994,62.22385025024414,3806000,0.0,0.0
2020-04-13 00:00:00-04:00,61.50678173189719,61.79360992478599,59.2838581081163,59.60654067993164,1482700,0.0,0.0
2020-04-14 00:00:00-04:00,61.19307017644973,62.64514204743471,60.82557468449655,61.775691986083984,1580600,0.0,0.0
2020-04-15 00:00:00-04:00,59.92923539011983,60.924172381649505,58.31582220425416,59.149417877197266,2252300,0.0,0.0
2020-04-16 00:00:00-04:00,59.23904212918758,60.10849206658532,57.87660983740046,58.468196868896484,2300400,0.0,0.0
2020-04-17 00:00:00-04:00,59.91129951395085,62.87818645403705,59.45417151688966,62.555503845214844,1790400,0.0,0.0
2020-04-20 00:00:00-04:00,61.40818808003515,62.098366115417406,58.746060100587584,58.80880355834961,2056000,0.0,0.0
2020-04-21 00:00:00-04:00,56.96234635387469,58.67435381493361,56.93545727634493,57.195396423339844,2757700,0.0,0.0
2020-04-22 00:00:00-04:00,58.23515010845454,59.274899867129854,57.903502192756505,58.8536262512207,1703500,0.0,0.0
2020-04-23 00:00:00-04:00,59.00600172769078,59.09563426563144,56.72033439832033,57.195396423339844,1989100,0.0,0.0
2020-04-24 00:00:00-04:00,55.59094996825907,57.885579236412845,54.811135928628715,57.35673904418945,2210600,0.0,0.0
2020-04-27 00:00:00-04:00,58.1275881339683,58.898440292020794,57.500153511611394,58.53094482421875,1375600,0.0,0.0
2020-04-28 00:00:00-04:00,60.11747040821539,60.49393123433677,57.6883919751101,58.14552688598633,1962100,0.0,0.0
2020-04-29 00:00:00-04:00,58.88051436562738,60.12642509768148,57.858688396007814,58.99703598022461,2047000,0.0,0.0
2020-04-30 00:00:00-04:00,58.34271168151172,58.45924014704957,56.971317302713196,58.31582260131836,1843100,0.0,0.0
2020-05-01 00:00:00-04:00,56.77411542364141,57.44636629022005,55.62680253663707,55.850887298583984,2073100,0.0,0.0
2020-05-04 00:00:00-04:00,55.178644438942435,56.066018365219705,53.91480625662115,56.021202087402344,2262600,0.0,0.0
2020-05-05 00:00:00-04:00,56.65759181261657,56.97131253877655,55.60887674161927,55.940521240234375,2763300,0.0,0.0
2020-05-06 00:00:00-04:00,56.17357193111671,56.83686439527862,54.51534589960562,54.69461441040039,2807300,0.0,0.0
2020-05-07 00:00:00-04:00,55.46546413031769,57.45533459519819,54.820098888052506,56.51417922973633,5138300,0.0,0.0
2020-05-08 00:00:00-04:00,57.56290054321289,58.32478744289644,56.648634212035155,57.56290054321289,2169300,0.0,0.0
2020-05-11 00:00:00-04:00,57.95728934785462,57.95728934785462,55.815036031872594,56.92649459838867,2387200,0.0,0.0
2020-05-12 00:00:00-04:00,57.23124669829253,57.40155330529748,53.430771059440644,53.87894058227539,3823600,0.0,0.0
2020-05-13 00:00:00-04:00,53.43974283706934,53.95065591412953,52.399989488405815,52.54340362548828,3524500,0.0,0.0
2020-05-14 00:00:00-04:00,51.557430267333984,51.87114761398842,50.01572577688901,51.557430267333984,3291300,0.0,0.0
2020-05-15 00:00:00-04:00,51.16303895216287,51.38712373365778,49.73785960508477,51.207855224609375,5298400,0.0,0.0
2020-05-18 00:00:00-04:00,53.09913364379892,54.91870105474676,53.081206450185825,54.192665100097656,2779600,0.0,0.0
2020-05-19 00:00:00-04:00,53.74449598301498,54.07614393883578,51.71877095686641,51.736698150634766,3056400,0.0,0.0
2020-05-20 00:00:00-04:00,52.43583628093624,53.3052862843738,51.69187320185828,52.82126235961914,3141400,0.0,0.0
2020-05-21 00:00:00-04:00,52.62406632818951,53.42180755869983,51.889068559454444,51.924922943115234,2463200,0.0,0.0
2020-05-22 00:00:00-04:00,52.00559654978479,52.22071602544033,50.903099834078496,51.449867248535156,2835300,0.0,0.0
2020-05-26 00:00:00-04:00,53.30527981675478,54.864907714937864,52.821255950727554,54.0223503112793,3796700,0.0,0.0
2020-05-27 00:00:00-04:00,55.84192776770463,55.922598427117826,53.23358100569453,53.896873474121094,4037600,0.0,0.0
2020-05-28 00:00:00-04:00,54.900775254038976,54.927664335509554,53.394925144958606,54.56016540527344,4583200,0.0,0.0
2020-05-29 00:00:00-04:00,54.13888491745959,54.66772514188498,53.43973806969874,54.28229904174805,5723700,0.0,0.0
2020-06-01 00:00:00-04:00,54.264371552266944,55.22345414431662,53.601079094018495,54.766319274902344,3035300,0.0,0.0
2020-06-02 00:00:00-04:00,55.29516186283422,55.42065221812594,54.05821627689323,54.192665100097656,3076700,0.0,0.0
2020-06-03 00:00:00-04:00,54.84698361085911,55.8508857789348,54.64082604578875,55.24137496948242,6278700,0.0,0.0
2020-06-04 00:00:00-04:00,54.8559534212009,55.77021971046818,53.825162091928156,55.26826858520508,3720700,0.0,0.0
2020-06-05 00:00:00-04:00,57.66149650099893,59.803746423601545,57.66149650099893,59.51691818237305,4172300,0.0,0.0
2020-06-08 00:00:00-04:00,60.54771342455358,61.40819820365784,59.507956709057716,61.10343933105469,3252400,0.0,0.0
2020-06-09 00:00:00-04:00,58.871545728234906,59.49898029212935,58.26203493537008,58.61160659790039,2145300,0.0,0.0
2020-06-10 00:00:00-04:00,58.32477849527884,58.85362206166324,57.04301345088477,57.92142868041992,2025300,0.0,0.0
2020-06-11 00:00:00-04:00,55.2324142007015,56.27216741646899,54.77528276569901,55.26826858520508,2959500,0.0,0.0
2020-06-12 00:00:00-04:00,57.19540091003663,57.285033455008524,54.56016168900911,56.98027801513672,4423900,0.0,0.0
2020-06-15 00:00:00-04:00,54.90972961959378,57.55393054530068,54.74839173360862,56.77411651611328,2981500,0.0,0.0
2020-06-16 00:00:00-04:00,58.889474172846924,59.54380470300051,57.42844395038605,57.98417663574219,2406800,0.0,0.0
2020-06-17 00:00:00-04:00,58.28891740439051,58.674343403817616,55.98532671158845,56.03910827636719,1665400,0.0,0.0
2020-06-18 00:00:00-04:00,55.384784911770566,56.12874446723321,54.92765012942474,55.51923370361328,3533600,0.0,0.0
2020-06-19 00:00:00-04:00,56.35469535765101,56.590036532958095,53.91079061003153,53.92889404296875,6981700,0.603,0.0
2020-06-22 00:00:00-04:00,53.901738638277266,54.2275935342873,53.30433914655115,53.66640090942383,2840500,0.0,0.0
2020-06-23 00:00:00-04:00,54.263806830868425,54.263806830868425,52.82461650487901,53.19572830200195,2805900,0.0,0.0
2020-06-24 00:00:00-04:00,52.4716016564722,52.815556531270104,51.27680267915658,52.028076171875,4946900,0.0,0.0
2020-06-25 00:00:00-04:00,51.70222138954075,52.93322723619978,51.47593365163658,52.860816955566406,3591200,0.0,0.0
2020-06-26 00:00:00-04:00,52.67073344758032,53.05089864864529,51.3944707241424,51.593605041503906,3305400,0.0,0.0
2020-06-29 00:00:00-04:00,51.73843247965766,52.22721486212,50.96905548913065,52.20005798339844,2309600,0.0,0.0
2020-06-30 00:00:00-04:00,52.3177201153492,53.385798428793706,51.910401529226036,53.24097442626953,3317000,0.0,0.0
2020-07-01 00:00:00-04:00,53.34959507759707,55.15989695478176,52.996586764006345,55.060333251953125,1901600,0.0,0.0
2020-07-02 00:00:00-04:00,55.829712387154174,56.291337864914446,54.490089359149096,54.84309768676758,1509500,0.0,0.0
2020-07-06 00:00:00-04:00,55.9564286063606,56.14650946750106,53.72975821131802,53.93794250488281,3345900,0.0,0.0
2020-07-07 00:00:00-04:00,53.00564111561061,53.47632002609209,52.06428329464766,52.12764358520508,1762800,0.0,0.0
2020-07-08 00:00:00-04:00,52.20005360927395,52.34488107598067,51.72032471087692,52.028076171875,3393400,0.0,0.0
2020-07-09 00:00:00-04:00,51.87420457467708,52.145749181597616,50.97810357367458,51.331111907958984,2638000,0.0,0.0
2020-07-10 00:00:00-04:00,51.23154627245716,52.046183570361485,51.13198256082629,51.32206344604492,3866600,0.0,0.0
2020-07-13 00:00:00-04:00,51.69316950079802,52.000920951160246,51.113873465498955,51.6117057800293,1679900,0.0,0.0
2020-07-14 00:00:00-04:00,51.503088636629904,52.544010121033935,51.23154059881632,51.6117057800293,1745800,0.0,0.0
2020-07-15 00:00:00-04:00,52.50780287731154,52.8789146130561,51.88324999116877,52.24531173706055,2094600,0.0,0.0
2020-07-16 00:00:00-04:00,51.856107798879684,52.22721961499356,51.50309941926862,51.792747497558594,1733900,0.0,0.0
2020-07-17 00:00:00-04:00,51.847037411940256,52.046171695521814,51.31299829468855,51.57549285888672,2035900,0.0,0.0
2020-07-20 00:00:00-04:00,51.14102425281853,51.41256882376261,49.81950480878121,49.937171936035156,3426100,0.0,0.0
2020-07-21 00:00:00-04:00,50.0367489771124,50.55268479977439,49.294525391778414,49.39409255981445,2954900,0.0,0.0
2020-07-22 00:00:00-04:00,49.04107841513183,50.58888570045988,48.688070099482644,50.416908264160156,2916900,0.0,0.0
2020-07-23 00:00:00-04:00,50.181560335206925,50.61603231547858,48.941504675710135,49.62942123413086,2014500,0.0,0.0
2020-07-24 00:00:00-04:00,49.54795570920223,49.756139976327404,48.724268629326005,49.18589401245117,3184900,0.0,0.0
2020-07-27 00:00:00-04:00,48.950561156784914,48.950561156784914,47.71955540981302,48.271697998046875,2045700,0.0,0.0
2020-07-28 00:00:00-04:00,48.054464866507026,49.83761337234932,48.045414876123516,49.47555160522461,2456400,0.0,0.0
2020-07-29 00:00:00-04:00,49.11349916483814,49.62943848947554,47.67430871917188,48.507049560546875,3319300,0.0,0.0
2020-07-30 00:00:00-04:00,47.791964687388365,48.896249840814825,47.6923975403907,48.832889556884766,2100900,0.0,0.0
2020-07-31 00:00:00-04:00,48.706170845340424,48.86909828247773,47.592835660153284,48.543243408203125,2452200,0.0,0.0
2020-08-03 00:00:00-04:00,47.62903775867604,47.9729960556921,47.203619198213694,47.366546630859375,2292600,0.0,0.0
2020-08-04 00:00:00-04:00,47.38464810125356,48.60660388456018,46.78724864704032,48.389366149902344,4036200,0.0,0.0
2020-08-05 00:00:00-04:00,49.131589756919176,49.16779662161682,48.13592514787044,48.26264572143555,2921000,0.0,0.0
2020-08-06 00:00:00-04:00,48.10877743935952,48.91436128373467,48.10877743935952,48.55229949951172,2047600,0.0,0.0
2020-08-07 00:00:00-04:00,48.26264160248381,50.23587067270485,48.26264160248381,49.95527267456055,3007100,0.0,0.0
2020-08-10 00:00:00-04:00,50.036740019086636,50.66129634208912,49.6475248607414,50.109153747558594,2269200,0.0,0.0
2020-08-11 00:00:00-04:00,50.67035361882442,50.94189823389299,49.312627090604444,49.5570182800293,2467400,0.0,0.0
2020-08-12 00:00:00-04:00,49.74709334757087,50.03674136348781,48.94150958749707,49.6203727722168,2303300,0.0,0.0
2020-08-13 00:00:00-04:00,49.25831090898518,49.69278638470624,48.2716997309622,48.43462371826172,1841300,0.0,0.0
2020-08-14 00:00:00-04:00,48.507039146779114,49.855715570372396,48.00015337594253,49.23115921020508,2100100,0.0,0.0
2020-08-17 00:00:00-04:00,49.258316798701685,50.14536783589141,48.91436189753853,50.136314392089844,2656200,0.0,0.0
2020-08-18 00:00:00-04:00,50.199665925082115,50.28112964069158,49.28546507468839,50.118202209472656,2148200,0.0,0.0
2020-08-19 00:00:00-04:00,50.04579124521301,50.04579124521301,48.82383552793991,49.013919830322266,2642800,0.0,0.0
2020-08-20 00:00:00-04:00,48.91435832458093,50.24492787741961,48.80573772415898,50.00959014892578,1570600,0.0,0.0
2020-08-21 00:00:00-04:00,50.118211409791314,50.29924230580867,48.67902113841292,49.502708435058594,1969300,0.0,0.0
2020-08-24 00:00:00-04:00,49.42124552064424,50.706561796003925,48.841949406123845,50.60699462890625,2327200,0.0,0.0
2020-08-25 00:00:00-04:00,50.57078283476008,51.21344263630665,50.39880539653036,51.19533920288086,1784300,0.0,0.0
2020-08-26 00:00:00-04:00,50.87853344885228,50.87853344885228,49.44839676083075,49.71088790893555,1703500,0.0,0.0
2020-08-27 00:00:00-04:00,49.819511118032864,51.39447190069093,49.819511118032864,51.25870132446289,1802800,0.0,0.0
2020-08-28 00:00:00-04:00,51.55739014574778,51.64790729994278,50.76990989507141,51.620750427246094,1711600,0.0,0.0
2020-08-31 00:00:00-04:00,51.37636637405295,51.484986974063645,50.69750316193193,51.09577178955078,2143500,0.0,0.0
2020-09-01 00:00:00-04:00,51.303960308306415,51.439734343035454,50.471219570864115,51.394474029541016,2320300,0.0,0.0
2020-09-02 00:00:00-04:00,51.42162459017368,52.2815151948813,51.01430598890986,52.21815490722656,2137200,0.0,0.0
2020-09-03 00:00:00-04:00,52.41729874792687,53.494427286869794,51.62981827748755,51.95567321777344,1990800,0.0,0.0
2020-09-04 00:00:00-04:00,52.21815861621372,53.23193019644979,51.81989342939902,52.598323822021484,2128700,0.0,0.0
2020-09-08 00:00:00-04:00,52.32677851243827,52.45349909503619,51.43067753811779,51.94661331176758,2133700,0.0,0.0
2020-09-09 00:00:00-04:00,51.98281925763753,52.625475602494,51.14102859915579,51.44878005981445,2433000,0.0,0.0
2020-09-10 00:00:00-04:00,51.186289311028794,51.322063344703786,49.93717994100103,50.5164794921875,6098400,0.0,0.0
2020-09-11 00:00:00-04:00,50.4802642780873,50.67034513150892,49.10443454559816,49.484596252441406,2723900,0.0,0.0
2020-09-14 00:00:00-04:00,49.792355018165644,51.71127762529429,49.78330502742656,51.53024673461914,2311300,0.0,0.0
2020-09-15 00:00:00-04:00,51.43973140034361,51.964717168650495,50.63414413478117,50.98715591430664,2556500,0.0,0.0
2020-09-16 00:00:00-04:00,51.17722747463629,51.93755429090123,51.06860689168679,51.47592544555664,3449900,0.0,0.0
2020-09-17 00:00:00-04:00,51.005262319890576,51.883259978316396,50.13631810593696,50.48932647705078,3366100,0.0,0.0
2020-09-18 00:00:00-04:00,50.16346440887644,50.68845362162417,49.12254287944422,49.17685317993164,4987100,0.0,0.0
2020-09-21 00:00:00-04:00,48.49799183609327,48.814793302321135,46.968284448909245,47.09500503540039,4023200,0.0,0.0
2020-09-22 00:00:00-04:00,47.06784561530393,48.17213079042964,47.06784561530393,47.665245056152344,4262500,0.0,0.0
2020-09-23 00:00:00-04:00,47.520423330911775,48.25359681962432,46.307520959207714,46.38898468017578,3268200,0.0,0.0
2020-09-24 00:00:00-04:00,46.455847659543814,46.968764864702095,45.805536426739486,46.26350021362305,3578800,0.603,0.0
2020-09-25 00:00:00-04:00,46.16275282032062,47.24354767680019,45.89713297556166,47.2343864440918,2776000,0.0,0.0
2020-09-28 00:00:00-04:00,47.9946115658901,48.46173314276931,47.509167522246315,48.122840881347656,2193500,0.0,0.0
2020-09-29 00:00:00-04:00,47.90301417389266,48.049562454393815,46.37341671453602,46.794742584228516,2947700,0.0,0.0
2020-09-30 00:00:00-04:00,47.197743406017,47.58243477655017,46.42836415893681,47.01456069946289,3102100,0.0,0.0
2020-10-01 00:00:00-04:00,47.17942968941304,49.002127172045064,46.968766758232164,48.94717025756836,3141800,0.0,0.0
2020-10-02 00:00:00-04:00,47.91217639557873,50.779027410421364,47.65571427891902,50.45845413208008,6450200,0.0,0.0
2020-10-05 00:00:00-04:00,51.29195155114789,51.66748177095931,49.9913358853575,50.92557907104492,2751400,0.0,0.0
2020-10-06 00:00:00-04:00,51.11791494876932,51.43848817564767,50.25694086403411,50.5500373840332,2367100,0.0,0.0
2020-10-07 00:00:00-04:00,50.78818504634715,50.925572087054164,49.762347134325104,50.156192779541016,1748400,0.0,0.0
2020-10-08 00:00:00-04:00,50.54088377401795,51.47513031805872,50.37601653130567,51.46596908569336,2096200,0.0,0.0
2020-10-09 00:00:00-04:00,51.58504571787602,51.667479347333035,50.59584565837863,50.980533599853516,1666200,0.0,0.0
2020-10-12 00:00:00-04:00,51.05380511662221,51.108758535561584,50.11955856080179,50.696590423583984,1254300,0.0,0.0
2020-10-13 00:00:00-04:00,50.17451485887466,50.68743559365568,48.855580318849164,49.00212860107422,1864100,0.0,0.0
2020-10-14 00:00:00-04:00,48.97465604256382,49.10288536363491,48.05872832749952,48.37014389038086,1711800,0.0,0.0
2020-10-15 00:00:00-04:00,48.06788406752011,48.73651085242163,47.73814954477705,47.91217803955078,1820800,0.0,0.0
2020-10-16 00:00:00-04:00,48.095356803619694,48.2235896027416,47.28018179755629,47.4908447265625,2609100,0.0,0.0
2020-10-19 00:00:00-04:00,47.73814351257932,47.90301075311821,46.40089011175179,46.446685791015625,1738600,0.0,0.0
2020-10-20 00:00:00-04:00,46.92297174317241,47.06952002320588,46.419212248931515,46.62987518310547,1683500,0.0,0.0
2020-10-21 00:00:00-04:00,46.26350021362305,46.886331243303594,46.052837290934974,46.26350021362305,2626100,0.0,0.0
2020-10-22 00:00:00-04:00,46.355092848403366,46.703146288089975,45.89712908344224,46.48332214355469,3159000,0.0,0.0
2020-10-23 00:00:00-04:00,47.01456149295518,47.115310585665874,46.181064091730235,46.99624252319336,2574000,0.0,0.0
2020-10-26 00:00:00-04:00,46.77641506982951,46.977920228963505,45.62234800839386,46.437522888183594,2212200,0.0,0.0
2020-10-27 00:00:00-04:00,46.30013799758037,46.67566816178758,45.5124397277832,45.5124397277832,2135500,0.0,0.0
2020-10-28 00:00:00-04:00,44.32173550764479,44.32173550764479,41.71134327452961,42.35249328613281,6954800,0.0,0.0
2020-10-29 00:00:00-04:00,42.13266422474357,42.828767574581114,41.61058583886889,42.37080383300781,4435500,0.0,0.0
2020-10-30 00:00:00-04:00,42.35249280021128,43.17682552511206,42.260897945898016,43.030277252197266,2926500,0.0,0.0
2020-11-02 00:00:00-05:00,43.23178644819968,45.210190063073874,42.608955357036805,45.16439437866211,3289300,0.0,0.0
2020-11-03 00:00:00-05:00,45.796378528359035,48.516684531019216,45.796378528359035,48.11367416381836,3740200,0.0,0.0
2020-11-04 00:00:00-05:00,47.7473044997944,47.793100178823224,46.20854592531898,46.49248123168945,2851900,0.0,0.0
2020-11-05 00:00:00-05:00,46.785584557491305,48.10451907388761,46.44668882205315,47.68319320678711,3021600,0.0,0.0
2020-11-06 00:00:00-05:00,47.60075912773669,47.92133239443649,46.840537532439214,47.18859100341797,2433200,0.0,0.0
2020-11-09 00:00:00-05:00,52.7574296688681,61.75183864408292,52.739114191122674,54.29618835449219,10968000,0.0,0.0
2020-11-10 00:00:00-05:00,54.61676284664122,57.501932641666826,54.61676284664122,56.27458953857422,9555200,0.0,0.0
2020-11-11 00:00:00-05:00,55.87158163212069,56.28374973640082,54.03972649664132,54.58012390136719,4562400,0.0,0.0
2020-11-12 00:00:00-05:00,54.23207116978552,54.52516771584792,52.89481774162753,53.60008239746094,2484000,0.0,0.0
2020-11-13 00:00:00-05:00,53.76495978482261,55.34951437778987,53.47186318346375,55.093055725097656,1928000,0.0,0.0
2020-11-16 00:00:00-05:00,56.76003437858832,57.64848177293241,55.615124880837136,57.474456787109375,3103100,0.0,0.0
2020-11-17 00:00:00-05:00,56.64096368468134,57.639324921852904,55.79830846448801,57.24547576904297,3169600,0.0,0.0
2020-11-18 00:00:00-05:00,57.41949571999072,57.71259225069521,54.90069500713347,54.91901397705078,2116900,0.0,0.0
2020-11-19 00:00:00-05:00,54.58012224065966,55.14799633706339,53.63671799266836,54.827423095703125,3092600,0.0,0.0
2020-11-20 00:00:00-05:00,54.909861927219254,55.605965386255484,54.74499467487104,55.46857833862305,2894900,0.0,0.0
2020-11-23 00:00:00-05:00,55.87158533072217,56.21963880781997,54.99229564604136,55.25791549682617,2688800,0.0,0.0
2020-11-24 00:00:00-05:00,56.210473934695266,57.07144808575988,55.56932393755828,56.1280403137207,3999000,0.0,0.0
2020-11-25 00:00:00-05:00,55.87158403960974,56.01813231700336,55.03809005681109,55.36782455444336,1706700,0.0,0.0
2020-11-27 00:00:00-05:00,55.23959974999885,55.276234201842726,53.85654699377799,54.22291946411133,1470000,0.0,0.0
2020-11-30 00:00:00-05:00,54.1221588975591,54.35114078433267,52.72994860669748,53.05052185058594,5918900,0.0,0.0
2020-12-01 00:00:00-05:00,54.01224819909508,54.461050737455125,53.52680422656002,54.03056716918945,2048700,0.0,0.0
2020-12-02 00:00:00-05:00,54.03057287611062,55.78915226308268,53.75579178965791,55.28539276123047,2927800,0.0,0.0
2020-12-03 00:00:00-05:00,55.37697711828163,57.12639854480669,55.12967626816725,56.7417106628418,3164200,0.0,0.0
2020-12-04 00:00:00-05:00,57.17220352434685,58.21636400382739,57.071454415525146,58.042335510253906,3159500,0.0,0.0
2020-12-07 00:00:00-05:00,57.52941529331776,58.07897046985605,57.190519556932095,57.43782043457031,2013700,0.0,0.0
2020-12-08 00:00:00-05:00,57.0989186807169,57.56604015356338,56.705069588676174,57.14471435546875,2034700,0.0,0.0
2020-12-09 00:00:00-05:00,57.30043249482,57.529414397141714,55.60596432124741,56.1188850402832,2260600,0.0,0.0
2020-12-10 00:00:00-05:00,55.68840253237048,56.40282850236559,54.73583690170156,54.7633171081543,2850600,0.0,0.0
2020-12-11 00:00:00-05:00,54.323667457707295,54.94649850802225,53.59092257922862,53.984771728515625,2352400,0.0,0.0
2020-12-14 00:00:00-05:00,54.378622547178104,54.86406656817091,53.03221130371094,53.03221130371094,2201500,0.0,0.0
2020-12-15 00:00:00-05:00,53.316144516586284,54.341985939622305,52.565084167498135,54.33282470703125,3224600,0.0,0.0
2020-12-16 00:00:00-05:00,54.222919878313796,55.13884756715697,53.352787875115396,54.08552932739258,4229000,0.0,0.0
2020-12-17 00:00:00-05:00,54.497690042156115,55.13884003556699,53.7099917783073,54.625919342041016,3216400,0.0,0.0
2020-12-18 00:00:00-05:00,54.378615606703434,54.82742162656805,52.345258898586025,52.80322265625,5468700,0.0,0.0
2020-12-21 00:00:00-05:00,51.88730332145212,53.08716631955044,51.365224834923424,52.995574951171875,3801700,0.0,0.0
2020-12-22 00:00:00-05:00,53.01389225317691,53.12380259056527,52.455175839307245,52.986412048339844,2737400,0.0,0.0
2020-12-23 00:00:00-05:00,53.123800863577415,53.81990430305643,52.22619223378156,52.27198791503906,1332400,0.0,0.0
2020-12-24 00:00:00-05:00,52.647518763175626,53.37110241582667,52.253669610162355,53.30698776245117,638100,0.0,0.0
2020-12-28 00:00:00-05:00,53.47185730045496,54.451899608546306,53.23371415430962,54.42441940307617,1648200,0.0,0.0
2020-12-29 00:00:00-05:00,54.5160090066612,54.79078657695356,53.38941852267208,53.45353317260742,2182000,0.0,0.0
2020-12-30 00:00:00-05:00,53.481015235465364,54.18627994934503,53.4443772906955,54.00309371948242,1357300,0.0,0.0
2020-12-31 00:00:00-05:00,54.26497333719893,54.90349592374797,53.50615236108544,54.85722351074219,1423100,0.603,0.0
2021-01-04 00:00:00-05:00,54.94976721050815,55.597542189942345,52.950921022312954,53.21002960205078,4564500,0.0,0.0
2021-01-05 00:00:00-05:00,53.154504230389215,53.41361633733242,52.553001672680544,52.793601989746094,2481700,0.0,0.0
2021-01-06 00:00:00-05:00,53.30256920314503,54.64438809305209,53.02495235387559,54.23721694946289,2667600,0.0,0.0
2021-01-07 00:00:00-05:00,53.941094843072726,53.97811136639371,53.22854265454847,53.58019256591797,2243700,0.0,0.0
2021-01-08 00:00:00-05:00,53.66346598269218,54.03362054288977,53.29330789240541,53.9133186340332,2095600,0.0,0.0
2021-01-11 00:00:00-05:00,53.81153544015447,54.015119238940066,52.82136648077167,53.718994140625,2628800,0.0,0.0
2021-01-12 00:00:00-05:00,53.71899052512992,54.394526080825614,53.14524862702072,54.18168640136719,2550500,0.0,0.0
2021-01-13 00:00:00-05:00,54.32975749551561,55.31992654417176,54.0151241089274,55.12559509277344,1679700,0.0,0.0
2021-01-14 00:00:00-05:00,55.458727687005606,56.33785055278267,55.12558609322993,55.88440704345703,3212700,0.0,0.0
2021-01-15 00:00:00-05:00,55.94919070638591,57.07816989912085,55.59754434314863,56.9948844909668,3297400,0.0,0.0
2021-01-19 00:00:00-05:00,57.337277252805,57.337277252805,55.764110427193046,55.81038284301758,2090800,0.0,0.0
2021-01-20 00:00:00-05:00,55.810382581598674,57.77221227430148,55.41246381198159,57.068912506103516,2321300,0.0,0.0
2021-01-21 00:00:00-05:00,56.55069230191855,57.37429042219706,56.08799641141697,57.19846725463867,2282400,0.0,0.0
2021-01-22 00:00:00-05:00,56.91160015578539,57.568627538004606,56.615475039008004,56.967124938964844,1721700,0.0,0.0
2021-01-25 00:00:00-05:00,56.65248900635093,57.531608421463865,56.06949116457177,57.068912506103516,1626200,0.0,0.0
2021-01-26 00:00:00-05:00,57.19846963975655,58.39222240416091,57.0689118197385,57.95729064941406,2258400,0.0,0.0
2021-01-27 00:00:00-05:00,57.476089072066216,58.14237234185308,56.02322413218415,56.263824462890625,2372300,0.0,0.0
2021-01-28 00:00:00-05:00,56.31934412735981,58.660584194136696,56.10650444220641,57.70743179321289,2493700,0.0,0.0
2021-01-29 00:00:00-05:00,57.21697966450427,58.37371947467048,56.53218814364639,57.04115295410156,3771700,0.0,0.0
2021-02-01 00:00:00-05:00,57.24474316815483,57.53161239624023,55.865907691879734,57.531612396240234,2432400,0.0,0.0
2021-02-02 00:00:00-05:00,57.62414686014537,58.03131797460423,56.994880164106554,57.26324462890625,1897100,0.0,0.0
2021-02-03 00:00:00-05:00,56.976370899841754,58.49401283525301,56.53218327460598,58.373714447021484,2651400,0.0,0.0
2021-02-04 00:00:00-05:00,58.179384886986576,59.891361935365104,57.58713466509403,59.33612823486328,4483700,0.0,0.0
2021-02-05 00:00:00-05:00,59.678521405259346,60.27077165397496,59.058510529288284,60.11345672607422,3066400,0.0,0.0
2021-02-08 00:00:00-05:00,60.11344580786414,61.40899563919049,59.530451560847645,61.14988708496094,3881000,0.0,0.0
2021-02-09 00:00:00-05:00,62.47321267794946,62.47321267794946,60.81676023607567,61.020347595214844,1925700,0.0,0.0
2021-02-10 00:00:00-05:00,61.07585532356125,62.06602421079365,60.73345783538603,61.82542037963867,2179800,0.0,0.0
2021-02-11 00:00:00-05:00,62.36216176946497,62.76008058286698,60.25226929288876,62.704559326171875,3302600,0.0,0.0
2021-02-12 00:00:00-05:00,62.195578658855545,62.72305167385152,61.69586626672587,62.445438385009766,1974100,0.0,0.0
2021-02-16 00:00:00-05:00,62.44544416622659,62.46394889645771,61.57557358159629,62.167823791503906,1983200,0.0,0.0
2021-02-17 00:00:00-05:00,62.05677200857299,62.05677200857299,61.31646280277377,61.87169647216797,1479800,0.0,0.0
2021-02-18 00:00:00-05:00,61.58482900031983,61.89020293793681,61.214670856946626,61.529300689697266,1202000,0.0,0.0
2021-02-19 00:00:00-05:00,61.64035004678564,62.362154540876176,61.39049030025933,61.97349166870117,2193200,0.0,0.0
2021-02-22 00:00:00-05:00,61.825432045869114,62.55649251142705,61.40900850506602,61.89020919799805,2122200,0.0,0.0
2021-02-23 00:00:00-05:00,62.3899111977313,63.78725474187867,61.890198796641926,63.407840728759766,2543300,0.0,0.0
2021-02-24 00:00:00-05:00,63.55591533616555,64.59235679542215,63.14874064499691,64.1759262084961,2713700,0.0,0.0
2021-02-25 00:00:00-05:00,64.08339221922989,64.3147402055809,61.371993536788835,61.751407623291016,2885300,0.0,0.0
2021-02-26 00:00:00-05:00,61.75140519047834,61.917976016495906,60.49287162949671,60.52988815307617,3725400,0.0,0.0
2021-03-01 00:00:00-05:00,61.61259017256001,62.69529692689131,61.381242213420194,61.76990509033203,2725900,0.0,0.0
2021-03-02 00:00:00-05:00,61.39048923770272,62.380665251387484,61.01108226719758,62.001251220703125,2957800,0.0,0.0
2021-03-03 00:00:00-05:00,62.075284986202455,63.91681273133498,62.019756676075026,63.45411682128906,4312100,0.0,0.0
2021-03-04 00:00:00-05:00,63.48187611748244,63.89830666391476,61.95497823425558,62.66753387451172,2336100,0.0,0.0
2021-03-05 00:00:00-05:00,62.98216072947109,63.916808380999605,62.01050362061562,63.722476959228516,1889000,0.0,0.0
2021-03-08 00:00:00-05:00,64.09262862151789,66.30431413352657,63.50962735472003,65.63803100585938,3717600,0.0,0.0
2021-03-09 00:00:00-05:00,65.61953474609518,66.36909983134981,65.26788134990836,65.54550170898438,2493300,0.0,0.0
2021-03-10 00:00:00-05:00,65.85088727274588,66.56343588901242,64.11114608051463,66.09148406982422,1830900,0.0,0.0
2021-03-11 00:00:00-05:00,65.60102783302558,67.13718169645561,65.60102783302558,66.2673110961914,2377500,0.0,0.0
2021-03-12 00:00:00-05:00,66.65597143218562,68.00704263744569,66.65597143218562,67.96077728271484,2740800,0.0,0.0
2021-03-15 00:00:00-04:00,68.08107570112,69.87633808553767,67.50733023285785,69.45990753173828,3464500,0.0,0.0
2021-03-16 00:00:00-04:00,70.4500752020532,70.4500752020532,67.85898239780327,68.27540588378906,4730300,0.0,0.0
2021-03-17 00:00:00-04:00,68.28466093795842,68.78437335109666,67.63688244973666,68.3679428100586,2773900,0.0,0.0
2021-03-18 00:00:00-04:00,68.0995782587145,68.44197576178149,67.66465004910494,68.01629638671875,2998100,0.0,0.0
2021-03-19 00:00:00-04:00,67.80346392514794,67.82197571753633,66.05447373399436,66.10074615478516,4741400,0.0,0.0
2021-03-22 00:00:00-04:00,65.84163303694129,66.86881857861646,65.48073077204782,66.65597534179688,1873400,0.0,0.0
2021-03-23 00:00:00-04:00,66.86881550768442,66.99836979886669,66.05446618004792,66.45238494873047,2899500,0.0,0.0
2021-03-24 00:00:00-04:00,65.23087463451655,67.15569152759281,64.86997234958726,66.19328308105469,3121500,0.0,0.0
2021-03-25 00:00:00-04:00,65.94342173785999,66.9243347879862,65.36967627938625,66.7300033569336,2669100,0.0,0.0
2021-03-26 00:00:00-04:00,67.13408335248766,67.90863016963182,66.72347507372474,67.82464599609375,3082000,0.603,0.0
2021-03-29 00:00:00-04:00,67.44202866231004,67.88996558855904,66.81678945084482,67.45136260986328,2530900,0.0,0.0
2021-03-30 00:00:00-04:00,67.47003007611889,68.12326400637588,67.32071539507966,67.9646224975586,1344700,0.0,0.0
2021-03-31 00:00:00-04:00,67.33939485313566,67.80599263193051,66.6394981849434,66.84479522705078,2316700,0.0,0.0
2021-04-01 00:00:00-04:00,67.19940266677162,67.76865242966487,66.6581476266902,67.66600036621094,1753800,0.0,0.0
2021-04-05 00:00:00-04:00,67.95528679880003,68.07659963423119,66.50883112230126,67.33004760742188,2412300,0.0,0.0
2021-04-06 00:00:00-04:00,67.10608312865473,67.31138013149587,66.46217603876565,66.81678771972656,3748400,0.0,0.0
2021-04-07 00:00:00-04:00,67.09674600099785,67.71265121975915,66.61148043982554,67.5073471069336,1717700,0.0,0.0
2021-04-08 00:00:00-04:00,67.2927195598265,67.60067574459187,66.79812714656343,66.96610260009766,1482500,0.0,0.0
2021-04-09 00:00:00-04:00,66.98477153065019,67.27405985595803,66.52750773135662,66.90078735351562,1621000,0.0,0.0
2021-04-12 00:00:00-04:00,67.02208513552111,67.2180552911562,66.16354718139159,66.98475646972656,1713000,0.0,0.0
2021-04-13 00:00:00-04:00,66.57415767592352,67.38604025235527,66.26620859909136,67.32071685791016,1344200,0.0,0.0
2021-04-14 00:00:00-04:00,67.30206257444753,67.6660082528517,66.57416409792248,66.6208267211914,1089000,0.0,0.0
2021-04-15 00:00:00-04:00,66.91945082742265,67.51669539905774,66.80746480034723,67.40471649169922,1974100,0.0,0.0
2021-04-16 00:00:00-04:00,67.7406596527483,67.95529775589002,67.08742563399846,67.76866149902344,2071200,0.0,0.0
2021-04-19 00:00:00-04:00,68.05794987687774,68.20725745852373,67.47936608867212,68.1512680053711,1429400,0.0,0.0
2021-04-20 00:00:00-04:00,68.00195702171672,69.37374839334605,67.96462834824351,69.14044952392578,2100500,0.0,0.0
2021-04-21 00:00:00-04:00,69.27110263874657,70.1296407595389,68.72051361103827,69.86834716796875,1626800,0.0,0.0
2021-04-22 00:00:00-04:00,69.87765842841247,70.08296252453977,68.95379711555448,69.03778839111328,1688200,0.0,0.0
2021-04-23 00:00:00-04:00,69.11244409547821,69.90566582443601,68.63651960176196,69.59770965576172,2009000,0.0,0.0
2021-04-26 00:00:00-04:00,69.98965661598783,70.39093093204147,69.65370569465381,69.72836303710938,1609200,0.0,0.0
2021-04-27 00:00:00-04:00,69.75635664087122,69.75635664087122,68.9631419692326,69.41107177734375,2088500,0.0,0.0
2021-04-28 00:00:00-04:00,69.27109694107342,69.42973844866155,68.49654305854436,68.71117401123047,1747400,0.0,0.0
2021-04-29 00:00:00-04:00,69.12178973672282,69.61638220782065,68.13260479452717,68.627197265625,3295500,0.0,0.0
2021-04-30 00:00:00-04:00,68.52454368101507,69.39241575333595,68.22592141525502,69.27110290527344,1872900,0.0,0.0
2021-05-03 00:00:00-04:00,69.73768770918869,69.78434320223084,68.30056609678954,68.49653625488281,1641400,0.0,0.0
2021-05-04 00:00:00-04:00,68.54321375771713,69.00048472648336,67.06877012531426,67.49803924560547,2865100,0.0,0.0
2021-05-05 00:00:00-04:00,67.19006398912008,67.23672660366533,66.23820788194897,67.12474060058594,1971900,0.0,0.0
2021-05-06 00:00:00-04:00,67.46069732537183,68.84182255090646,67.36737920792478,68.66452026367188,1499600,0.0,0.0
2021-05-07 00:00:00-04:00,68.39389598414397,69.42974351229752,68.38456203604163,69.1031265258789,1593000,0.0,0.0
2021-05-10 00:00:00-04:00,69.55105538780789,70.24161802369768,69.21510445797692,69.61637878417969,1089600,0.0,0.0
2021-05-11 00:00:00-04:00,69.2150967545711,69.76568570818283,68.54319496968955,69.2337646484375,1464100,0.0,0.0
2021-05-12 00:00:00-04:00,69.53238498783595,69.53238498783595,66.83545109420592,67.17140197753906,2618700,0.0,0.0
2021-05-13 00:00:00-04:00,67.19005842966969,69.41106057577534,67.1060742740957,68.88847351074219,1951000,0.0,0.0
2021-05-14 00:00:00-04:00,69.0097943886187,69.39240790570312,68.61785404408025,69.12178039550781,1652100,0.0,0.0
2021-05-17 00:00:00-04:00,69.10312261215387,69.37374301434791,68.65518568492317,69.0284652709961,1709300,0.0,0.0
2021-05-18 00:00:00-04:00,68.60853210854262,69.86835176753216,68.32857772188028,69.51373291015625,2147900,0.0,0.0
2021-05-19 00:00:00-04:00,69.11244613245181,69.16844269549823,67.80597832329495,68.58985900878906,1792500,0.0,0.0
2021-05-20 00:00:00-04:00,68.54320626377311,69.70037380383508,68.37523078987488,69.5417251586914,1304700,0.0,0.0
2021-05-21 00:00:00-04:00,69.61637495952037,70.14829604924346,69.45773345129254,69.98965454101562,2522700,0.0,0.0
2021-05-24 00:00:00-04:00,70.48424949016031,71.61341510291302,70.33494192403336,71.09082794189453,2591900,0.0,0.0
2021-05-25 00:00:00-04:00,71.11881430753239,71.37078103035186,70.773529476886,71.07215881347656,2043500,0.0,0.0
2021-05-26 00:00:00-04:00,70.92285852112191,71.72540722659615,70.83887434296881,71.28680419921875,1902000,0.0,0.0
2021-05-27 00:00:00-04:00,71.55742325466741,71.81871682640966,71.37078702334175,71.56675720214844,8639200,0.0,0.0
2021-05-28 00:00:00-04:00,71.9400347817192,72.57460798096426,71.5760891209465,72.27598571777344,2286500,0.0,0.0
2021-06-01 00:00:00-04:00,73.00388053595354,73.95573672772365,72.63060094556126,73.92774200439453,2165200,0.0,0.0
2021-06-02 00:00:00-04:00,74.30102033005024,74.73028935979383,73.84374945773817,74.65563201904297,2736600,0.0,0.0
2021-06-03 00:00:00-04:00,74.41301050415834,74.59965388433484,73.93708590407142,74.19837951660156,2279100,0.0,0.0
2021-06-04 00:00:00-04:00,74.32901519118997,74.46899592542928,73.51713262837467,73.6104507446289,2774400,0.0,0.0
2021-06-07 00:00:00-04:00,73.89041692021026,74.4409988249856,73.61978938203181,74.1517105102539,2459400,0.0,0.0
2021-06-08 00:00:00-04:00,74.41299489822192,75.09423063349232,74.23569262388439,74.34767150878906,1471500,0.0,0.0
2021-06-09 00:00:00-04:00,74.71161721959707,74.71161721959707,73.89040787714684,74.0490493774414,1510000,0.0,0.0
2021-06-10 00:00:00-04:00,74.20769506963956,76.56868541202,73.9184067739708,75.40219116210938,3180300,0.0,0.0
2021-06-11 00:00:00-04:00,75.40218476968856,75.50483682455535,74.83293505441456,75.35552215576172,1974000,0.0,0.0
2021-06-14 00:00:00-04:00,74.8516036012908,75.5328393889045,74.6836281413118,75.50484466552734,1285100,0.0,0.0
2021-06-15 00:00:00-04:00,75.24354788590313,75.44885202764712,74.33835426413907,74.385009765625,1640600,0.0,0.0
2021-06-16 00:00:00-04:00,74.40366847038752,74.76761408771242,73.83441873668127,73.89974212646484,3237000,0.0,0.0
2021-06-17 00:00:00-04:00,73.88107206169124,73.89040600844766,73.11585218111739,73.71309661865234,2450900,0.0,0.0
2021-06-18 00:00:00-04:00,73.37714211599679,74.21701928979587,72.35996268085647,72.4439468383789,4093000,0.0,0.0
2021-06-21 00:00:00-04:00,72.89188599329991,74.4409865005395,72.67724794003304,74.05838012695312,1898200,0.0,0.0
2021-06-22 00:00:00-04:00,74.13305360389016,74.24503250848835,73.51714114973325,73.77843475341797,2144700,0.0,0.0
2021-06-23 00:00:00-04:00,73.84374979394016,74.13304521073789,73.5731222722731,73.759765625,1571400,0.0,0.0
2021-06-24 00:00:00-04:00,73.70377339673553,73.92773829183726,72.81723352411026,73.2558364868164,1921200,0.0,0.0
2021-06-25 00:00:00-04:00,73.25866136099079,73.91695196921324,73.00474414436961,73.88874053955078,2378700,0.603,0.0
2021-06-28 00:00:00-04:00,73.88874987506027,74.01100181065341,72.44990938184768,73.10820007324219,1358700,0.0,0.0
2021-06-29 00:00:00-04:00,73.01415433381165,73.5125754179503,72.88249620497615,72.93891906738281,1593800,0.0,0.0
2021-06-30 00:00:00-04:00,73.10818540940346,73.61601263011939,72.23359528064196,72.41227722167969,2074900,0.0,0.0
2021-07-01 00:00:00-04:00,72.52514170498345,74.0204050038561,72.30884210098777,73.37151336669922,1867600,0.0,0.0
2021-07-02 00:00:00-04:00,73.54078172555666,74.18026709598885,73.36210694877386,73.77588653564453,1661800,0.0,0.0
2021-07-06 00:00:00-04:00,73.73827124561204,74.34953797190246,72.99533923346131,74.20848083496094,2081300,0.0,0.0
2021-07-07 00:00:00-04:00,73.91695473863521,75.04546219122166,73.6630446873304,74.82916259765625,2264800,0.0,0.0
2021-07-08 00:00:00-04:00,74.48120791383161,75.59090300795664,73.8793401178482,75.57209777832031,1388200,0.0,0.0
2021-07-09 00:00:00-04:00,76.12692375762691,76.88866811233878,75.684932804681,76.84164428710938,1431400,0.0,0.0
2021-07-12 00:00:00-04:00,76.68178688910638,77.57518231113828,76.43727587393246,77.49995422363281,1266500,0.0,0.0
2021-07-13 00:00:00-04:00,77.3400860319129,77.3400860319129,75.91065176395843,76.40907287597656,1054700,0.0,0.0
2021-07-14 00:00:00-04:00,76.50309943538068,77.97015824613582,76.50309943538068,77.82909393310547,1556100,0.0,0.0
2021-07-15 00:00:00-04:00,77.81970522594266,78.41216686405915,77.58460037631745,78.26170349121094,1165900,0.0,0.0
2021-07-16 00:00:00-04:00,78.47799635601577,79.02344133203205,78.43097969073683,78.76953125,1985100,0.0,0.0
2021-07-19 00:00:00-04:00,77.92313917165737,78.33692593517429,76.7476151160565,77.49054718017578,1890600,0.0,0.0
2021-07-20 00:00:00-04:00,77.81969397749705,80.18014833549486,77.53756532879484,79.82278442382812,2260800,0.0,0.0
2021-07-21 00:00:00-04:00,79.96384432179622,80.37763107036649,79.51244711865517,79.66291046142578,1300400,0.0,0.0
2021-07-22 00:00:00-04:00,79.24912698299303,79.46542656726085,78.53441351938957,78.90117645263672,1587100,0.0,0.0
2021-07-23 00:00:00-04:00,79.27735017028031,79.8604055466717,78.96701007810626,79.76636505126953,1191900,0.0,0.0
2021-07-26 00:00:00-04:00,79.51245420646661,80.12372100792443,78.86356259742576,79.45602416992188,1210200,0.0,0.0
2021-07-27 00:00:00-04:00,79.54067525795907,80.23658361099086,78.91059597650013,79.7851791381836,1425100,0.0,0.0
2021-07-28 00:00:00-04:00,79.77576243039755,80.71618163007265,78.99521277270824,79.14568328857422,2267800,0.0,0.0
2021-07-29 00:00:00-04:00,79.48423437149435,79.95444401139271,79.16449526028173,79.43721771240234,1256400,0.0,0.0
2021-07-30 00:00:00-04:00,79.76636906513033,80.64095934855686,79.10807838935993,79.11747741699219,2843600,0.0,0.0
2021-08-02 00:00:00-04:00,79.71935326290271,80.39645641184626,78.73191714971921,78.91999816894531,1906400,0.0,0.0
2021-08-03 00:00:00-04:00,78.99521756168376,79.35257429628608,78.39334981139064,79.31495666503906,1066500,0.0,0.0
2021-08-04 00:00:00-04:00,79.2303211802528,79.41840215882014,78.75070535762781,78.9952163696289,975800,0.0,0.0
2021-08-05 00:00:00-04:00,79.7663662108236,79.86981290971875,78.74131259882806,79.57828521728516,1218500,0.0,0.0
2021-08-06 00:00:00-04:00,80.2083609222706,80.48108337332842,79.40900597252441,79.63470458984375,875200,0.0,0.0
2021-08-09 00:00:00-04:00,79.23973131733216,79.39960087453778,78.43097015462982,78.64726257324219,816000,0.0,0.0
2021-08-10 00:00:00-04:00,78.58143105822545,78.74130778527265,77.17080216843061,77.20841979980469,1430400,0.0,0.0
2021-08-11 00:00:00-04:00,77.59399922963313,77.63161686298973,76.63476751611456,77.0579605102539,1436600,0.0,0.0
2021-08-12 00:00:00-04:00,77.34009295881991,77.47175110681165,76.81346036685298,77.10498809814453,1057300,0.0,0.0
2021-08-13 00:00:00-04:00,77.2460395987521,77.8761187985818,76.94510571414466,77.73506164550781,735600,0.0,0.0
2021-08-16 00:00:00-04:00,77.48114190272219,78.36513829902091,77.06735513427095,77.70684051513672,707200,0.0,0.0
2021-08-17 00:00:00-04:00,77.25543710583256,77.69743526859895,76.74760988743047,77.62220001220703,758000,0.0,0.0
2021-08-18 00:00:00-04:00,77.35891007862644,77.59401495362543,76.79465981359509,76.86048889160156,1026100,0.0,0.0
2021-08-19 00:00:00-04:00,76.51251617659885,77.91373894945437,76.23038751167196,77.47174072265625,1119100,0.0,0.0
2021-08-20 00:00:00-04:00,77.26485643591063,78.10182907471479,76.73821672650621,77.59400177001953,1418800,0.0,0.0
2021-08-23 00:00:00-04:00,77.67863885379826,78.09242567428463,77.02034816196124,77.43412780761719,959100,0.0,0.0
2021-08-24 00:00:00-04:00,77.565782899832,77.565782899832,76.21157688383582,76.89807891845703,942300,0.0,0.0
2021-08-25 00:00:00-04:00,76.89809261189748,77.71626008805994,76.42788290314842,77.07677459716797,1876600,0.0,0.0
2021-08-26 00:00:00-04:00,77.42472304448093,78.32752471562354,77.26485348471013,77.85731506347656,1282500,0.0,0.0
2021-08-27 00:00:00-04:00,78.39336311229476,78.86357282041801,77.65983711559541,78.38395690917969,1013100,0.0,0.0
2021-08-30 00:00:00-04:00,78.41215670391371,79.49364030702405,78.25228714884278,79.33377075195312,1172200,0.0,0.0
2021-08-31 00:00:00-04:00,79.21152094724485,79.38079670856142,78.85415702067105,79.06105041503906,2131600,0.0,0.0
2021-09-01 00:00:00-04:00,78.99521334840902,80.51869504592398,78.75070234575941,80.46226501464844,2072400,0.0,0.0
2021-09-02 00:00:00-04:00,80.68798588188535,80.91368452471451,79.78517696090778,80.85726165771484,2007800,0.0,0.0
2021-09-03 00:00:00-04:00,80.5469085483537,80.72558332331148,79.42780736782068,80.490478515625,1227900,0.0,0.0
2021-09-07 00:00:00-04:00,80.38704617045377,80.38704617045377,77.67863395246336,78.37454223632812,1468700,0.0,0.0
2021-09-08 00:00:00-04:00,77.94196049976135,79.45603637011784,77.67864420488733,79.0140380859375,1452900,0.0,0.0
2021-09-09 00:00:00-04:00,78.55322339286664,78.69428772357219,77.4529345280572,77.55638122558594,1273700,0.0,0.0
2021-09-10 00:00:00-04:00,77.8196904767617,77.8196904767617,76.55012596437253,76.55953216552734,1411000,0.0,0.0
2021-09-13 00:00:00-04:00,77.0579685255166,78.06421700427441,76.87928654219442,77.06736755371094,1338800,0.0,0.0
2021-09-14 00:00:00-04:00,77.3494918354842,77.66923097179746,76.49370677976881,76.9074935913086,1322400,0.0,0.0
2021-09-15 00:00:00-04:00,76.96390812918793,77.65982354144955,76.70059188663683,77.09557342529297,1384500,0.0,0.0
2021-09-16 00:00:00-04:00,77.09558176693133,77.49996237598239,76.47490154962168,76.9074935913086,1602200,0.0,0.0
2021-09-17 00:00:00-04:00,76.6441758281662,77.29306746547914,75.4498464292415,75.47805786132812,4448400,0.0,0.0
2021-09-20 00:00:00-04:00,74.96082717245454,75.98588801736012,74.5752589614054,75.81661224365234,2692600,0.0,0.0
2021-09-21 00:00:00-04:00,76.31502341083734,77.02033784684355,75.83540758540087,75.89183044433594,1508400,0.0,0.0
2021-09-22 00:00:00-04:00,76.68178880582401,77.23663273604677,76.41847255589934,76.52191925048828,1649400,0.0,0.0
2021-09-23 00:00:00-04:00,77.22724060422033,78.3087171308499,77.0767700623548,77.51876831054688,1639000,0.0,0.0
2021-09-24 00:00:00-04:00,77.1521460725883,78.26054325983144,77.1521460725883,77.24687957763672,1283400,0.603,0.0
2021-09-27 00:00:00-04:00,77.51212467216861,78.10895216950661,75.84478776779792,75.87320709228516,1810700,0.0,0.0
2021-09-28 00:00:00-04:00,75.36164729561747,76.5363585221641,74.70797389992269,76.13847351074219,1662400,0.0,0.0
2021-09-29 00:00:00-04:00,76.31846653179514,78.16580222699514,76.31846653179514,77.25634765625,1426400,0.0,0.0
2021-09-30 00:00:00-04:00,77.55950940950147,77.67318672852399,75.90164771519129,76.6595230102539,1999900,0.0,0.0
2021-10-01 00:00:00-04:00,77.3226618261678,77.49318500991392,75.98689568220615,77.25634765625,1804700,0.0,0.0
2021-10-04 00:00:00-04:00,77.06686916961459,78.96156789401914,77.00055500336852,78.62052154541016,1796100,0.0,0.0
2021-10-05 00:00:00-04:00,78.99947200205362,79.29314802591831,77.95738902694067,78.80052947998047,2115600,0.0,0.0
2021-10-06 00:00:00-04:00,78.47843104158707,79.50157026140914,76.74478690698682,79.33104705810547,1496600,0.0,0.0
2021-10-07 00:00:00-04:00,79.57734375363486,80.21206607035471,79.0373549244147,79.22682189941406,1605800,0.0,0.0
2021-10-08 00:00:00-04:00,79.09420216716276,79.7099807443849,78.24158623160154,78.37422180175781,1092600,0.0,0.0
2021-10-11 00:00:00-04:00,78.76263109823033,78.92367876681716,77.42687215921217,78.3836898803711,1225600,0.0,0.0
2021-10-12 00:00:00-04:00,78.40263739233758,79.49209063432399,78.2889528637791,78.84789276123047,1389700,0.0,0.0
2021-10-13 00:00:00-04:00,78.69631176974802,79.78576498930654,78.11842807661789,79.60576629638672,1064700,0.0,0.0
2021-10-14 00:00:00-04:00,80.06996721965699,80.8752199828868,80.0131285691522,80.75205993652344,982600,0.0,0.0
2021-10-15 00:00:00-04:00,81.13101159471789,81.34890516257398,79.66261696066549,80.12682342529297,1540300,0.0,0.0
2021-10-18 00:00:00-04:00,79.66261092124714,80.6952255690055,79.58682845911926,80.3447036743164,2212900,0.0,0.0
2021-10-19 00:00:00-04:00,80.42996267731706,80.42996267731706,79.49208882805293,79.57734680175781,803800,0.0,0.0
2021-10-20 00:00:00-04:00,79.83312987228403,80.78995477942738,79.48261522390152,80.75205993652344,941200,0.0,0.0
2021-10-21 00:00:00-04:00,80.86573555909466,80.86573555909466,80.13627256201207,80.60994720458984,792600,0.0,0.0
2021-10-22 00:00:00-04:00,80.95100407104273,81.55730711430996,80.61943322358447,80.91311645507812,1341700,0.0,0.0
2021-10-25 00:00:00-04:00,81.06468735180104,81.21626672413127,80.14575728323028,80.77101135253906,1037800,0.0,0.0
2021-10-26 00:00:00-04:00,80.7331147343504,81.91730145075967,80.22154520553734,81.48152160644531,947000,0.0,0.0
2021-10-27 00:00:00-04:00,81.13100844793075,83.15833574589334,81.13100844793075,82.56150817871094,2257500,0.0,0.0
2021-10-28 00:00:00-04:00,82.66571623467188,83.4425425058772,82.38150850445169,83.37622833251953,2357500,0.0,0.0
2021-10-29 00:00:00-04:00,83.16780539429256,83.40464274628872,81.48152460451234,81.85099029541016,1978200,0.0,0.0
2021-11-01 00:00:00-04:00,81.67099701877598,81.8415202126457,79.71945942159141,80.65733337402344,1272200,0.0,0.0
2021-11-02 00:00:00-04:00,80.94154314693621,81.15942948322208,79.25526220265888,79.9752426147461,1571200,0.0,0.0
2021-11-03 00:00:00-04:00,80.09839682784936,80.55312050463694,79.63419040534627,80.16471099853516,1292700,0.0,0.0
2021-11-04 00:00:00-04:00,80.28786297045002,80.4204913104151,78.76262983314916,79.14157104492188,1145600,0.0,0.0
2021-11-05 00:00:00-04:00,80.06050054950218,80.93206027081959,79.69103485834148,80.01313018798828,1543100,0.0,0.0
2021-11-08 00:00:00-05:00,80.12681682608476,80.28786449514321,78.98999316917799,80.27838897705078,977700,0.0,0.0
2021-11-09 00:00:00-05:00,80.44890440296139,81.19731125060487,80.00364905570623,81.14994812011719,967400,0.0,0.0
2021-11-10 00:00:00-05:00,81.0362619587944,81.4530979737895,80.7994246280384,80.9888916015625,791700,0.0,0.0
2021-11-11 00:00:00-05:00,81.14995077139113,81.50046541371891,80.60995469011446,81.48152160644531,621500,0.0,0.0
2021-11-12 00:00:00-05:00,81.71836231475399,82.3815040121694,81.25415589886077,81.88888549804688,927500,0.0,0.0
2021-11-15 00:00:00-05:00,81.91730160788443,83.38568880242713,81.79414156341227,83.36674499511719,768500,0.0,0.0
2021-11-16 00:00:00-05:00,83.3667502388531,83.45200821866378,81.96466989555599,82.12572479248047,1227900,0.0,0.0
2021-11-17 00:00:00-05:00,81.8320374528307,82.69412886435828,79.34051116681863,82.5804443359375,1512300,0.0,0.0
2021-11-18 00:00:00-05:00,82.65624071627713,83.43306698748245,82.27729948521781,83.37622833251953,1275900,0.0,0.0
2021-11-19 00:00:00-05:00,83.25306048196431,83.25306048196431,80.96995224637433,81.50994110107422,1511300,0.0,0.0
2021-11-22 00:00:00-05:00,81.47205521669021,81.84152093538687,80.71417274219796,80.73312377929688,1581800,0.0,0.0
2021-11-23 00:00:00-05:00,80.9794326782831,82.552028977983,80.70470047550667,82.09730529785156,881800,0.0,0.0
2021-11-24 00:00:00-05:00,82.04046054722569,83.44254090696792,81.95520256641502,83.19622802734375,1067900,0.0,0.0
2021-11-26 00:00:00-05:00,81.89835966804618,82.210986731145,79.59630014216907,79.83313751220703,1231100,0.0,0.0
2021-11-29 00:00:00-05:00,80.62891482654832,82.21098672360817,80.20261045160025,81.68047332763672,1837300,0.0,0.0
2021-11-30 00:00:00-05:00,81.08362365371579,82.19202783509621,80.56258587189235,80.81836700439453,3748200,0.0,0.0
2021-12-01 00:00:00-05:00,81.84151641966056,81.94572543484594,78.25106122403491,78.30790710449219,2299000,0.0,0.0
2021-12-02 00:00:00-05:00,78.71525956547086,81.32047046143441,78.33632558094722,81.00785064697266,2023400,0.0,0.0
2021-12-03 00:00:00-05:00,81.02679839513428,81.31100612504939,79.68156389263547,80.5625991821289,1395500,0.0,0.0
2021-12-06 00:00:00-05:00,81.32047556740126,82.47624308479332,80.65733382514495,81.6236343383789,1081600,0.0,0.0
2021-12-07 00:00:00-05:00,81.87941532665775,82.40992871923108,79.29314808245702,81.6141586303711,2564600,0.0,0.0
2021-12-08 00:00:00-05:00,81.79415326089314,83.20570923537434,81.32995402454124,82.97834014892578,1475900,0.0,0.0
2021-12-09 00:00:00-05:00,82.93096962080027,82.93096962080027,81.88888669772273,82.06887817382812,1573400,0.0,0.0
2021-12-10 00:00:00-05:00,82.53308656202749,82.82676257822159,81.7183654580348,82.28677368164062,1344600,0.0,0.0
2021-12-13 00:00:00-05:00,82.20150191625001,83.70779117774764,81.83203623899065,83.33832550048828,1853800,0.0,0.0
2021-12-14 00:00:00-05:00,83.52779282255915,83.69831599950095,81.62362577902839,82.47623443603516,2905400,0.0,0.0
2021-12-15 00:00:00-05:00,82.85517756755974,84.83514156983537,82.56150156674035,84.53199005126953,2099100,0.0,0.0
2021-12-16 00:00:00-05:00,85.26146021577517,85.26146021577517,82.82677214094396,83.48991394042969,1673700,0.0,0.0
2021-12-17 00:00:00-05:00,83.51832937213139,83.96357753378241,82.69413276453838,83.0351791381836,2847200,0.0,0.0
2021-12-20 00:00:00-05:00,82.09731344675599,82.90255909884792,81.38680130178606,82.16362762451172,1338200,0.0,0.0
2021-12-21 00:00:00-05:00,82.61833814209454,84.03936220486405,82.61833814209454,83.3478012084961,1195300,0.0,0.0
2021-12-22 00:00:00-05:00,83.48043286016124,84.20041320996293,83.19622514523262,83.79305267333984,1307400,0.0,0.0
2021-12-23 00:00:00-05:00,83.9446377861451,84.41831252493265,82.95939346214264,83.53727722167969,1276000,0.0,0.0
2021-12-27 00:00:00-05:00,83.72673811597384,84.70251407793728,83.27201444743588,84.67408752441406,986100,0.0,0.0
2021-12-28 00:00:00-05:00,84.56041445574887,85.39407937495169,84.40883507351049,85.16671752929688,752500,0.0,0.0
2021-12-29 00:00:00-05:00,85.36565753014891,85.90564641496825,84.52251711749595,85.7824935913086,668800,0.0,0.0
2021-12-30 00:00:00-05:00,85.68776029837974,86.34143377322074,85.47934947742618,85.77302551269531,793800,0.0,0.0
2021-12-31 00:00:00-05:00,85.92846228145461,86.97753197062137,85.89031336670072,86.30994415283203,1113400,0.603,0.0
2022-01-03 00:00:00-05:00,86.57698949956634,86.96801046482904,85.06060815895214,86.84402465820312,1430500,0.0,0.0
2022-01-04 00:00:00-05:00,87.28272259879358,88.722813315735,87.14920502516055,87.97892761230469,1551500,0.0,0.0
2022-01-05 00:00:00-05:00,87.97893073435749,88.21735602090047,86.0715284420137,86.27180480957031,1949500,0.0,0.0
2022-01-06 00:00:00-05:00,86.82495183207831,87.21596551215109,86.0715270655122,86.51976776123047,1509700,0.0,0.0
2022-01-07 00:00:00-05:00,86.06198588584967,86.59606345373045,85.28949031730471,85.49930572509766,1426700,0.0,0.0
2022-01-10 00:00:00-05:00,85.19412202085883,86.41485827916773,84.8221791695354,85.52791595458984,1698900,0.0,0.0
2022-01-11 00:00:00-05:00,85.76633821044199,86.51976293498052,84.65050969578795,86.35763549804688,1969900,0.0,0.0
2022-01-12 00:00:00-05:00,86.18596487194603,87.32086415211363,85.89985165191237,86.7677230834961,1095900,0.0,0.0
2022-01-13 00:00:00-05:00,87.1015211885148,87.86447768511695,86.96800361970537,87.23503875732422,1509300,0.0,0.0
2022-01-14 00:00:00-05:00,86.80587019573217,86.99661477983678,85.64236097542253,86.62467193603516,1379600,0.0,0.0
2022-01-18 00:00:00-05:00,86.46254652318831,86.4816173439648,85.00337770619491,86.07152557373047,1363400,0.0,0.0
2022-01-19 00:00:00-05:00,86.27180553349955,86.9203226093848,85.0224593499027,85.08921813964844,1650700,0.0,0.0
2022-01-20 00:00:00-05:00,84.84124922152637,86.10967343437342,84.2404201462545,84.25949096679688,1902300,0.0,0.0
2022-01-21 00:00:00-05:00,84.67912280050164,84.95569699675107,83.78264142480778,83.98291778564453,1070900,0.0,0.0
2022-01-24 00:00:00-05:00,83.95430920208372,84.51699665166669,81.58913447736673,84.24995422363281,2786400,0.0,0.0
2022-01-25 00:00:00-05:00,83.20088997661773,84.39301646695965,81.75126736587353,83.56330108642578,3154000,0.0,0.0
2022-01-26 00:00:00-05:00,83.80172047639225,85.2418039363609,82.88616826949648,83.34394073486328,2131100,0.0,0.0
2022-01-27 00:00:00-05:00,83.94476736471184,84.98430534414861,82.52375476736697,82.65727233886719,2949800,0.0,0.0
2022-01-28 00:00:00-05:00,82.70495326868509,84.7840217745356,81.21718201215104,84.77448272705078,2692600,0.0,0.0
2022-01-31 00:00:00-05:00,84.23088911334742,85.04153367253669,83.35348576166402,84.62191009521484,3499500,0.0,0.0
2022-02-01 00:00:00-05:00,84.14505055701669,85.02245381546486,83.5823631290767,84.02106475830078,1971400,0.0,0.0
2022-02-02 00:00:00-05:00,84.69818519451654,88.25549319796845,84.6314264142129,87.74049377441406,3965700,0.0,0.0
2022-02-03 00:00:00-05:00,87.77864953313481,88.12198250894352,87.07291276115552,87.34947967529297,2247000,0.0,0.0
2022-02-04 00:00:00-05:00,86.85356106991487,87.19689405664104,85.19412315151311,85.94754791259766,1718900,0.0,0.0
2022-02-07 00:00:00-05:00,85.7186541334944,86.4911569892715,85.12736409523586,85.40393829345703,2600200,0.0,0.0
2022-02-08 00:00:00-05:00,85.70911738916958,85.78540794453849,83.10551027844043,83.1531982421875,1830400,0.0,0.0
2022-02-09 00:00:00-05:00,84.41208611896359,86.25272952691846,84.38347625024419,86.1382827758789,2114600,0.0,0.0
2022-02-10 00:00:00-05:00,84.9175509751981,85.83310320288945,82.3616316109989,82.94338989257812,1953800,0.0,0.0
2022-02-11 00:00:00-05:00,83.22949256244347,83.60144268893997,81.74172116110557,82.38069915771484,2174400,0.0,0.0
2022-02-14 00:00:00-05:00,82.64774543503094,83.38209212153824,81.33163318677292,81.94200134277344,1588400,0.0,0.0
2022-02-15 00:00:00-05:00,82.57145067454442,83.2008896755628,82.07552198170558,82.323486328125,1370800,0.0,0.0
2022-02-16 00:00:00-05:00,82.67635730763782,82.89570450355123,81.25533731601378,82.23765563964844,1048100,0.0,0.0
2022-02-17 00:00:00-05:00,81.83709529383148,82.02783989405225,80.7308057172011,80.99784088134766,1453300,0.0,0.0
2022-02-18 00:00:00-05:00,80.82617413631655,81.7703362570436,80.33978450241852,80.45423126220703,3433500,0.0,0.0
2022-02-22 00:00:00-05:00,80.36839105162449,81.48422690399698,80.00598724151645,80.74034118652344,2123800,0.0,0.0
2022-02-23 00:00:00-05:00,81.07413750249117,81.68450566169575,79.7866423940491,79.85340118408203,1096500,0.0,0.0
2022-02-24 00:00:00-05:00,78.86155555342988,81.05506397546509,78.18442856600839,80.71173095703125,2081900,0.0,0.0
2022-02-25 00:00:00-05:00,81.41746851075347,83.31533173199378,81.21719214555183,83.21996307373047,1513200,0.0,0.0
2022-02-28 00:00:00-05:00,82.03735900474165,82.82893260211536,80.54004868588557,81.35070037841797,1969800,0.0,0.0
2022-03-01 00:00:00-05:00,81.51284005714922,82.05644943228957,79.243026618783,79.75802612304688,1919400,0.0,0.0
2022-03-02 00:00:00-05:00,80.13950111017677,82.09459124737533,80.01552258838753,81.54144287109375,2354100,0.0,0.0
2022-03-03 00:00:00-05:00,82.0373605958908,82.74310460722278,81.25532603092854,82.67634582519531,1346300,0.0,0.0
2022-03-04 00:00:00-05:00,81.90384674890299,84.63143244037413,81.8370879638458,84.50745391845703,2325200,0.0,0.0
2022-03-07 00:00:00-05:00,84.66958477881273,86.16689525517454,83.60144417473022,83.70634460449219,1720600,0.0,0.0
2022-03-08 00:00:00-05:00,83.29625507477864,83.74449578014448,81.86570334760891,82.09459686279297,1364500,0.0,0.0
2022-03-09 00:00:00-05:00,83.34393850095428,84.54560392361708,83.06736430896734,83.71588134765625,1157700,0.0,0.0
2022-03-10 00:00:00-05:00,82.84801584573663,83.63005044412932,82.39977517175022,83.44884490966797,718200,0.0,0.0
2022-03-11 00:00:00-05:00,84.135511432665,84.61236197828094,82.65727183079078,82.78125762939453,931000,0.0,0.0
2022-03-14 00:00:00-04:00,82.97199646458192,83.64912337868218,81.86569968582972,82.38069915771484,1286300,0.0,0.0
2022-03-15 00:00:00-04:00,83.49653640742699,83.99245779093472,82.64774298823731,83.34394073486328,1291800,0.0,0.0
2022-03-16 00:00:00-04:00,83.95430776592426,84.95569684447513,82.35208960594008,84.13551330566406,1613700,0.0,0.0
2022-03-17 00:00:00-04:00,83.73497053892356,85.22274212285662,83.73497053892356,85.1845932006836,1129400,0.0,0.0
2022-03-18 00:00:00-04:00,85.83309559339887,86.2336482932226,84.69818900106998,84.87939453125,2992800,0.0,0.0
2022-03-21 00:00:00-04:00,84.96522001977928,85.5183683553178,84.39300086543244,84.77448272705078,815400,0.0,0.0
2022-03-22 00:00:00-04:00,85.55652409866602,85.81402746818222,83.67773178305379,84.02106475830078,1434300,0.0,0.0
2022-03-23 00:00:00-04:00,84.01153201553666,84.23088648469329,83.19135570884596,83.39163208007812,1342100,0.0,0.0
2022-03-24 00:00:00-04:00,83.25810825032225,84.0973625919472,83.03875379762927,84.02106475830078,1102700,0.0,0.0
2022-03-25 00:00:00-04:00,84.79427910568191,85.53387989968343,84.08349992278961,85.50505828857422,854400,0.625,0.0
2022-03-28 00:00:00-04:00,85.6395364169881,86.61925866991811,85.25532888182268,86.52320861816406,1195300,0.0,0.0
2022-03-29 00:00:00-04:00,87.36845911398333,89.35672522571949,87.14754472831777,89.212646484375,2144400,0.0,0.0
2022-03-30 00:00:00-04:00,88.6459462330683,89.00133948536244,87.137937703946,87.88713836669922,916900,0.0,0.0
2022-03-31 00:00:00-04:00,88.36739540169458,88.66515275858386,86.34070781220812,86.36952209472656,2414000,0.0,0.0
2022-04-01 00:00:00-04:00,86.8785926567054,88.66515142751912,86.38873520494771,88.52108001708984,1141500,0.0,0.0
2022-04-04 00:00:00-04:00,88.54028979616876,88.7708113880354,86.53280925455523,87.45491027832031,870300,0.0,0.0
2022-04-05 00:00:00-04:00,87.35885413170242,88.76121276642137,86.79215368365999,87.21478271484375,1139500,0.0,0.0
2022-04-06 00:00:00-04:00,87.21478375833325,89.03975678977226,86.52321163653977,88.96292114257812,1136100,0.0,0.0
2022-04-07 00:00:00-04:00,88.06003960040431,88.53069002736795,86.91702409248555,88.04083251953125,1162900,0.0,0.0
2022-04-08 00:00:00-04:00,88.19450543690118,88.53068429152299,87.46451183247284,88.14647674560547,1177400,0.0,0.0
2022-04-11 00:00:00-04:00,88.22333012756162,88.7324020714908,86.12940644986122,86.30229949951172,992100,0.0,0.0
2022-04-12 00:00:00-04:00,86.17742685796816,87.12833487550904,85.5146690100293,86.69610595703125,1335700,0.0,0.0
2022-04-13 00:00:00-04:00,86.99386736068998,87.5797822592841,86.24466662560893,86.79216003417969,860800,0.0,0.0
2022-04-14 00:00:00-04:00,87.03228328877029,87.61819814992056,86.50399699489728,86.85939025878906,1650100,0.0,0.0
2022-04-18 00:00:00-04:00,87.02267591714904,87.54135500609321,85.56269603312614,86.08137512207031,1121200,0.0,0.0
2022-04-19 00:00:00-04:00,86.70570377666581,87.75266915406041,86.70570377666581,87.36846160888672,1261100,0.0,0.0
2022-04-20 00:00:00-04:00,87.59897674616458,89.47198564273566,87.5317409803276,89.11659240722656,1361000,0.0,0.0
2022-04-21 00:00:00-04:00,89.72173432638081,90.5957994059695,89.25107657076008,89.55844116210938,1410100,0.0,0.0
2022-04-22 00:00:00-04:00,89.41435891161706,89.46238760419881,87.43569989016231,87.55096435546875,1620500,0.0,0.0
2022-04-25 00:00:00-04:00,87.55095998650083,87.83911014316324,85.52427237360008,86.7153091430664,1512000,0.0,0.0
2022-04-26 00:00:00-04:00,86.50399706443986,87.35885501110383,85.42822472426917,85.57229614257812,1398900,0.0,0.0
2022-04-27 00:00:00-04:00,84.08350156016562,84.81349516467937,82.52746429668483,82.69075012207031,2333300,0.0,0.0
2022-04-28 00:00:00-04:00,82.98851497590842,83.09417223445355,81.24997747594269,82.65233612060547,2154600,0.0,0.0
2022-04-29 00:00:00-04:00,82.35457251248438,82.47944418049597,78.04186124743129,78.28199005126953,2796400,0.0,0.0
2022-05-02 00:00:00-04:00,78.71421877513058,79.24250507354736,74.96821530690067,76.84121704101562,2658300,0.0,0.0
2022-05-03 00:00:00-04:00,76.68753150112505,77.73449689956735,76.30333127637697,77.03331756591797,1454700,0.0,0.0
2022-05-04 00:00:00-04:00,76.9084554615702,77.30227022998037,74.63203169019499,77.06214141845703,1803000,0.0,0.0
2022-05-05 00:00:00-04:00,77.06213668330045,77.06213668330045,74.13256243146624,74.7472915649414,1909500,0.0,0.0
2022-05-06 00:00:00-04:00,74.2382218536577,74.27664334163923,72.27876993549685,73.45059967041016,1828300,0.0,0.0
2022-05-09 00:00:00-04:00,72.79745007376661,72.95112869974447,70.00234724030715,70.36734771728516,2214200,0.0,0.0
2022-05-10 00:00:00-04:00,70.98207362550944,71.51035258028337,69.02262176905231,69.91590118408203,3045800,0.0,0.0
2022-05-11 00:00:00-04:00,70.14643313503151,72.26917112761916,69.93511859065757,70.91484832763672,2020000,0.0,0.0
2022-05-12 00:00:00-04:00,70.8956251947997,71.41430428677074,70.06958152923283,71.19338989257812,1979000,0.0,0.0
2022-05-13 00:00:00-04:00,71.62561330673815,72.1731066404316,70.64589109365738,72.00021362304688,1569500,0.0,0.0
2022-05-16 00:00:00-04:00,71.95219820442685,72.22114129186602,71.05891876220421,71.38549041748047,1069200,0.0,0.0
2022-05-17 00:00:00-04:00,72.25957053749188,72.84547813908682,71.0781334729473,72.8262710571289,2010400,0.0,0.0
2022-05-18 00:00:00-04:00,72.87429049220216,72.97994774991777,70.63628832880707,70.84760284423828,1347900,0.0,0.0
2022-05-19 00:00:00-04:00,70.24247603097676,71.04931263365685,69.53169681367854,70.44418334960938,1910800,0.0,0.0
2022-05-20 00:00:00-04:00,71.38549332264131,71.8273294597226,70.07919199207497,71.09733581542969,2265900,0.0,0.0
2022-05-23 00:00:00-04:00,71.59681262361441,72.97034982033927,70.70353308549055,72.8262710571289,2051200,0.0,0.0
2022-05-24 00:00:00-04:00,72.71100008286143,73.34494365307233,71.33746300888744,73.2104721069336,1931000,0.0,0.0
2022-05-25 00:00:00-04:00,72.76863969155701,73.50823323304415,72.13469608901087,73.22968292236328,2027500,0.0,0.0
2022-05-26 00:00:00-04:00,73.73874760114956,74.14216954864287,73.24889013258154,73.34494018554688,1556100,0.0,0.0
2022-05-27 00:00:00-04:00,73.55625737912392,75.18913032347947,73.39297155031828,75.04505157470703,1164100,0.0,0.0
2022-05-31 00:00:00-04:00,74.13257324703726,74.87216682460122,73.64270837827908,73.79639434814453,3846500,0.0,0.0
2022-06-01 00:00:00-04:00,74.06533203851423,74.5263752580169,72.32680176870446,73.90204620361328,1783100,0.0,0.0
2022-06-02 00:00:00-04:00,73.54664375130018,74.79531636073337,73.13362194923987,74.76649475097656,2177800,0.0,0.0
2022-06-03 00:00:00-04:00,74.15177052937925,74.37269224982649,72.84546927076372,73.06639099121094,1601400,0.0,0.0
2022-06-06 00:00:00-04:00,73.52744715015719,73.53704702662844,70.81879437081696,70.93405151367188,1833400,0.0,0.0
2022-06-07 00:00:00-04:00,70.66509867123777,72.9127079131191,70.42496988584848,72.85507202148438,2265900,0.0,0.0
2022-06-08 00:00:00-04:00,72.46127164781296,72.9703435496792,70.9052343295287,71.22220611572266,1443400,0.0,0.0
2022-06-09 00:00:00-04:00,71.0012810950729,71.25101709638648,69.25314374217658,69.368408203125,1859800,0.0,0.0
2022-06-10 00:00:00-04:00,68.36948095364045,70.22327581932608,67.94685186670165,69.39723205566406,1910100,0.0,0.0
2022-06-13 00:00:00-04:00,68.465523406955,68.56157346290122,66.18910703561664,66.59252166748047,1829600,0.0,0.0
2022-06-14 00:00:00-04:00,66.65976161112759,67.1688335348356,65.75687490680018,66.06423950195312,1539800,0.0,0.0
2022-06-15 00:00:00-04:00,66.54449630416899,67.35133293640632,65.55516675494992,66.41963195800781,2153400,0.0,0.0
2022-06-16 00:00:00-04:00,65.00767402584346,66.43883973196604,64.81557390233775,66.02581787109375,1594300,0.0,0.0
2022-06-17 00:00:00-04:00,67.33211408019102,67.82197888426072,66.1891059748943,67.61066436767578,4488700,0.0,0.0
2022-06-21 00:00:00-04:00,67.95644717008464,69.48366274798559,67.78355414917613,68.4463119506836,2555500,0.0,0.0
2022-06-22 00:00:00-04:00,68.12934419406872,69.5124884426062,67.8796081873829,68.54236602783203,2335600,0.0,0.0
2022-06-23 00:00:00-04:00,68.77288740981882,70.3097102766012,68.55197301579827,69.7910385131836,1980700,0.0,0.0
2022-06-24 00:00:00-04:00,70.25124901572285,70.2900038660163,69.23395452278213,69.5827407836914,3067200,0.625,0.0
2022-06-27 00:00:00-04:00,69.40834306719225,71.7142010693083,69.07893794906056,70.92943572998047,1932300,0.0,0.0
2022-06-28 00:00:00-04:00,71.19102309257227,72.06298122186851,70.17372875275228,70.28999328613281,1343200,0.0,0.0
2022-06-29 00:00:00-04:00,70.0284040389058,70.20279715333383,69.45678668100521,70.14466857910156,1065200,0.0,0.0
2022-06-30 00:00:00-04:00,69.59242536069712,71.24915626170588,68.99173632039303,69.97027587890625,1946900,0.0,0.0
2022-07-01 00:00:00-04:00,70.03809458450858,70.90036959686044,69.61179866227397,70.65815734863281,1165800,0.0,0.0
2022-07-05 00:00:00-04:00,70.17372811739692,70.24154724665549,68.34260423568463,70.00902557373047,2014500,0.0,0.0
2022-07-06 00:00:00-04:00,70.24155591330324,70.88099983240724,69.43740943021122,70.0574722290039,1023700,0.0,0.0
2022-07-07 00:00:00-04:00,70.1349790515863,70.9778803490144,69.34052316121884,69.67961883544922,1270100,0.0,0.0
2022-07-08 00:00:00-04:00,69.58273046945413,69.7377498476495,68.62357208999545,69.1467514038086,1644800,0.0,0.0
2022-07-11 00:00:00-04:00,68.95299014328296,69.35022183078459,68.44919185290246,68.99174499511719,1067500,0.0,0.0
2022-07-12 00:00:00-04:00,68.41041922880711,69.62148031501071,68.41041922880711,69.0692367553711,968000,0.0,0.0
2022-07-13 00:00:00-04:00,68.52668740911942,69.09830472426539,67.69347674603189,68.5848159790039,865900,0.0,0.0
2022-07-14 00:00:00-04:00,67.29624940243004,68.29416267120887,67.29624940243004,67.86787414550781,1126900,0.0,0.0
2022-07-15 00:00:00-04:00,68.8657906809058,69.42772489113402,68.08101794188657,69.09831237792969,1134600,0.0,0.0
2022-07-18 00:00:00-04:00,69.32114823674355,69.54397936522052,68.34260868651583,68.6623306274414,1213000,0.0,0.0
2022-07-19 00:00:00-04:00,69.13706554001593,70.37719108287573,68.86578900148176,70.30937194824219,1018800,0.0,0.0
2022-07-20 00:00:00-04:00,69.64086213197885,70.50313713420981,69.27270218001735,69.92182922363281,1507200,0.0,0.0
2022-07-21 00:00:00-04:00,69.91214114838037,70.42562988987456,69.39864501515558,70.41593933105469,1523600,0.0,0.0
2022-07-22 00:00:00-04:00,70.61940658460107,71.40417194887394,70.54189688667171,71.02632141113281,1087400,0.0,0.0
2022-07-25 00:00:00-04:00,70.90036445341728,71.9273419460467,70.64846166385001,71.21039581298828,1393100,0.0,0.0
2022-07-26 00:00:00-04:00,71.29759878456741,71.65607559782703,70.97788421245124,71.24916076660156,1065300,0.0,0.0
2022-07-27 00:00:00-04:00,72.65398998409553,73.85536815781184,72.0145534390043,73.3515625,2112800,0.0,0.0
2022-07-28 00:00:00-04:00,73.83598219604873,75.45395826941156,73.83598219604873,75.32801055908203,1761600,0.0,0.0
2022-07-29 00:00:00-04:00,75.52177081866775,76.41311744822825,75.38613256037759,75.94806671142578,1817400,0.0,0.0
2022-08-01 00:00:00-04:00,75.57021950569147,76.20966337261667,74.01037207583808,74.09757232666016,1730800,0.0,0.0
2022-08-02 00:00:00-04:00,74.06850145669974,74.66919048445025,72.9833953313841,73.17716217041016,1897900,0.0,0.0
2022-08-03 00:00:00-04:00,73.38062210098593,74.2332139622748,71.96610343043918,72.1889419555664,2073100,0.0,0.0
2022-08-04 00:00:00-04:00,71.68513528945324,72.62492000015246,71.0553819624323,72.59585571289062,2387600,0.0,0.0
2022-08-05 00:00:00-04:00,72.25676065269538,72.9252614405617,71.65607160785899,72.87682342529297,1402600,0.0,0.0
2022-08-08 00:00:00-04:00,73.2740400357882,73.96192187144001,73.012454083758,73.39030456542969,1139700,0.0,0.0
2022-08-09 00:00:00-04:00,73.50656900794652,75.11485434489634,73.38061391971821,75.04703521728516,1601300,0.0,0.0
2022-08-10 00:00:00-04:00,75.84149972100312,76.29685994078704,75.05673438410906,76.18059539794922,1149400,0.0,0.0
2022-08-11 00:00:00-04:00,76.56813648234395,77.4013472266866,76.10309309445537,76.18059539794922,1194500,0.0,0.0
2022-08-12 00:00:00-04:00,76.5681396991134,77.49823390569688,76.5681396991134,77.46916961669922,914800,0.0,0.0
2022-08-15 00:00:00-04:00,77.50792200694849,77.78888911123146,76.97505208645813,77.4885482788086,758300,0.0,0.0
2022-08-16 00:00:00-04:00,77.23664358665673,78.13767345377231,77.19788873958677,77.67262268066406,847700,0.0,0.0
2022-08-17 00:00:00-04:00,77.00412351934614,78.36050623673323,76.94598755164995,78.06016540527344,808600,0.0,0.0
2022-08-18 00:00:00-04:00,78.011715648454,78.37019242762547,76.39373964596221,76.6650161743164,1032700,0.0,0.0
2022-08-19 00:00:00-04:00,76.36467826187146,76.79097418933304,75.66710579574573,76.0158920288086,1031500,0.0,0.0
2022-08-22 00:00:00-04:00,75.41520598190051,75.79306390917787,72.78962596158412,74.33979034423828,966700,0.0,0.0
2022-08-23 00:00:00-04:00,74.22352400020011,74.33009798371947,72.64430275890722,72.9833984375,891700,0.0,0.0
2022-08-24 00:00:00-04:00,72.91556971357024,74.57230043260888,72.91556971357024,74.31070709228516,1444700,0.0,0.0
2022-08-25 00:00:00-04:00,74.65950113876717,75.40551900378125,74.4076057222843,75.2795639038086,900700,0.0,0.0
2022-08-26 00:00:00-04:00,75.40552178705266,75.49271465173096,73.64221684793165,73.66159057617188,1250800,0.0,0.0
2022-08-29 00:00:00-04:00,73.26436827769534,73.26436827769534,72.37302152843552,72.39240264892578,895300,0.0,0.0
2022-08-30 00:00:00-04:00,72.34394938399252,72.64429758512489,71.25884328977772,71.42354583740234,950800,0.0,0.0
2022-08-31 00:00:00-04:00,72.07267410047537,72.28582205600081,70.88099400982819,70.9003677368164,1831600,0.0,0.0
2022-09-01 00:00:00-04:00,70.38687653888262,71.9370333550562,69.80556865678388,71.88858795166016,1327600,0.0,0.0
2022-09-02 00:00:00-04:00,72.38270152505942,72.90588082596773,71.30727863848078,71.50105285644531,1103900,0.0,0.0
2022-09-06 00:00:00-04:00,71.90797502847649,72.80900490750054,71.57856251989377,72.58616638183594,1205100,0.0,0.0
2022-09-07 00:00:00-04:00,72.55709779833397,73.88442353044606,72.55709779833397,73.8747329711914,972000,0.0,0.0
2022-09-08 00:00:00-04:00,73.52594676027387,74.57230540791878,73.11903197232228,74.38822174072266,785200,0.0,0.0
2022-09-09 00:00:00-04:00,74.48510928220976,75.42489400527356,73.99100160879523,74.81452178955078,1443700,0.0,0.0
2022-09-12 00:00:00-04:00,75.05672804247469,75.49270710575024,74.80482525014199,75.1439208984375,1339200,0.0,0.0
2022-09-13 00:00:00-04:00,74.20414098357311,74.36885093044896,72.3923980935199,72.65398406982422,1049300,0.0,0.0
2022-09-14 00:00:00-04:00,72.26644487881366,72.3730188623891,70.8519261961312,71.89828491210938,1955400,0.0,0.0
2022-09-15 00:00:00-04:00,72.0242305849364,72.0242305849364,70.60971194229481,70.65815734863281,947800,0.0,0.0
2022-09-16 00:00:00-04:00,70.76473853747993,70.91006737956634,69.495548592838,70.83255767822266,2838700,0.0,0.0
2022-09-19 00:00:00-04:00,70.0090292802065,70.23186040596883,68.65263923149313,70.03809356689453,1078200,0.0,0.0
2022-09-20 00:00:00-04:00,69.31145873913555,69.41803272107698,67.30594159345864,67.68379211425781,2127900,0.0,0.0
2022-09-21 00:00:00-04:00,68.2360269151356,68.36197460851464,66.5405413751091,66.55023193359375,1643500,0.0,0.0
2022-09-22 00:00:00-04:00,66.34677782701499,67.11216197524138,65.61045057221449,66.695556640625,1753200,0.0,0.0
2022-09-23 00:00:00-04:00,66.40712879207923,68.54835049558523,66.15292547691217,66.86666107177734,1989600,0.625,0.0
2022-09-26 00:00:00-04:00,66.59289733448801,66.59289733448801,64.12902441869542,64.80365753173828,2452900,0.0,0.0
2022-09-27 00:00:00-04:00,65.10675707586331,65.8302795346087,64.13881062794633,64.19747924804688,1370100,0.0,0.0
2022-09-28 00:00:00-04:00,64.98943899724372,66.16270704346687,64.20725532679074,65.87916564941406,1823300,0.0,0.0
2022-09-29 00:00:00-04:00,65.38052599941392,65.67383925955926,64.1192588402584,64.74500274658203,1298100,0.0,0.0
2022-09-30 00:00:00-04:00,65.4880804296162,66.17248553784952,65.04809932336089,65.72273254394531,2496000,0.0,0.0
2022-10-03 00:00:00-04:00,66.53423890475285,67.00354307781886,65.69339418026631,66.5733413696289,3118900,0.0,0.0
2022-10-04 00:00:00-04:00,66.67112476025767,67.5315207797728,66.0649320782059,66.95466613769531,1727600,0.0,0.0
2022-10-05 00:00:00-04:00,66.15293062137033,66.20181243526294,64.16814099904424,65.048095703125,1218500,0.0,0.0
2022-10-06 00:00:00-04:00,64.53968065555247,65.0089848514146,62.78955061885197,63.01442337036133,2078600,0.0,0.0
2022-10-07 00:00:00-04:00,62.57444986122383,62.83843253941536,60.75587931537556,61.13719177246094,2391700,0.0,0.0
2022-10-10 00:00:00-04:00,61.50872940609089,61.6847203469735,60.62877470167784,60.71677017211914,2514000,0.0,0.0
2022-10-11 00:00:00-04:00,60.491894069469424,62.007368310211724,60.325682474102095,61.64561080932617,2322200,0.0,0.0
2022-10-12 00:00:00-04:00,61.66516430928119,61.67494365567536,60.43323147429277,60.609222412109375,1924000,0.0,0.0
2022-10-13 00:00:00-04:00,59.699937647875906,62.68200053984026,59.396841312468275,62.515785217285156,2133900,0.0,0.0
2022-10-14 00:00:00-04:00,63.18064125571252,63.53262312584116,60.355010678169975,60.45278549194336,1816100,0.0,0.0
2022-10-17 00:00:00-04:00,61.68472122753711,62.95576402893424,61.37184926810791,62.75044250488281,1984700,0.0,0.0
2022-10-18 00:00:00-04:00,63.53262391865688,64.19747774170143,62.96554118087802,63.561954498291016,1483800,0.0,0.0
2022-10-19 00:00:00-04:00,62.730893305454494,63.23930745872016,61.772718702682546,62.21269607543945,1472500,0.0,0.0
2022-10-20 00:00:00-04:00,62.60378116424702,63.17086391293435,61.880266168016576,62.193138122558594,1281900,0.0,0.0
2022-10-21 00:00:00-04:00,62.14425416998036,63.07309444056275,61.420735425498755,62.7797737121582,1266600,0.0,0.0
2022-10-24 00:00:00-04:00,63.40551637094124,63.620617239547826,62.20291408957592,62.72111129760742,1560500,0.0,0.0
2022-10-25 00:00:00-04:00,63.07309104973973,65.13609300609787,62.98509185216683,64.73522186279297,1937400,0.0,0.0
2022-10-26 00:00:00-04:00,63.77705650621013,65.31208569674433,61.84115616159951,62.41801452636719,3778800,0.0,0.0
2022-10-27 00:00:00-04:00,62.897103884840966,62.99487497509583,60.550560421443905,60.85365676879883,2897100,0.0,0.0
2022-10-28 00:00:00-04:00,60.540776375329635,61.86070836968369,60.29634493893752,61.72382736206055,2671600,0.0,0.0
2022-10-31 00:00:00-04:00,61.225187794993126,62.1246974593346,60.96120138468838,61.61627960205078,2219100,0.0,0.0
2022-11-01 00:00:00-04:00,62.095363069309116,62.42778998596056,61.665165065883436,61.841156005859375,1600200,0.0,0.0
2022-11-02 00:00:00-04:00,61.49895471056443,62.66244334767688,60.43323343246667,60.47233963012695,1848900,0.0,0.0
2022-11-03 00:00:00-04:00,59.64127670171511,60.706998024754554,58.72221574770228,60.012813568115234,1671100,0.0,0.0
2022-11-04 00:00:00-04:00,60.44300890253981,60.44300890253981,57.99869439263533,59.89548110961914,2285400,0.0,0.0
2022-11-07 00:00:00-05:00,60.36479364500822,60.36479364500822,58.350677117205855,58.84931564331055,2022600,0.0,0.0
2022-11-08 00:00:00-05:00,59.26973396379246,59.47505920603491,58.35067310082587,58.72220993041992,1742200,0.0,0.0
2022-11-09 00:00:00-05:00,58.74176547156467,59.00574814469633,58.09646288920085,58.35067367553711,2375400,0.0,0.0
2022-11-10 00:00:00-05:00,60.276796695426754,62.61356074646348,60.276796695426754,62.54512023925781,2137300,0.0,0.0
2022-11-11 00:00:00-05:00,62.75043987692648,63.092642402680916,60.951424320686435,61.381622314453125,2304800,0.0,0.0
2022-11-14 00:00:00-05:00,61.12741814719275,61.83138192457855,60.198577880859375,60.198577880859375,1581900,0.0,0.0
2022-11-15 00:00:00-05:00,61.22518731997992,61.51850430813354,60.13013549033342,60.912315368652344,1989400,0.0,0.0
2022-11-16 00:00:00-05:00,60.95142803904546,61.596726933926035,60.13013819740399,60.17902374267578,2077500,0.0,0.0
2022-11-17 00:00:00-05:00,59.49461107551752,60.41367567804641,59.29906890706505,60.40389633178711,2170600,0.0,0.0
2022-11-18 00:00:00-05:00,61.23496518447235,61.841154109283046,60.75587792262456,61.528282165527344,1999500,0.0,0.0
2022-11-21 00:00:00-05:00,61.32296186739214,62.15402728514381,60.96120064484945,61.41095733642578,2046700,0.0,0.0
2022-11-22 00:00:00-05:00,61.66516380389008,61.76293488866341,61.234965809268516,61.557613372802734,1496300,0.0,0.0
2022-11-23 00:00:00-05:00,61.32296288524913,62.05625722945835,60.92209545960388,61.117637634277344,1148200,0.0,0.0
2022-11-25 00:00:00-05:00,61.547838740859476,62.11491775512695,61.30340729528793,62.11491775512695,801200,0.0,0.0
2022-11-28 00:00:00-05:00,61.83137882779153,62.30068674596774,60.6092216253344,60.80476379394531,1797600,0.0,0.0
2022-11-29 00:00:00-05:00,60.72654882441624,62.21269245836328,60.482117379288006,62.1638069152832,1542100,0.0,0.0
2022-11-30 00:00:00-05:00,61.567389817410515,63.49351068043389,61.303403425290995,63.41529083251953,2310000,0.0,0.0
2022-12-01 00:00:00-05:00,63.76727577087219,64.34413039334854,62.29090777281319,63.2099723815918,1211100,0.0,0.0
2022-12-02 00:00:00-05:00,62.53533885033322,63.053532310746185,62.26157683045132,62.68199920654297,1234400,0.0,0.0
2022-12-05 00:00:00-05:00,62.22246874633293,62.50601012087517,61.459843822818684,61.5673942565918,1330500,0.0,0.0
2022-12-06 00:00:00-05:00,61.72383180902225,61.782492970956916,59.768380177002655,60.32568359375,1838100,0.0,0.0
2022-12-07 00:00:00-05:00,60.18879932271019,61.09808458082537,60.18879932271019,60.57988739013672,1551500,0.0,0.0
2022-12-08 00:00:00-05:00,60.70699766790218,61.997595480728656,60.579892264141485,61.31318664550781,1870700,0.0,0.0
2022-12-09 00:00:00-05:00,61.24474150069949,62.04647633194952,61.1665253787308,61.33273696899414,1704200,0.0,0.0
2022-12-12 00:00:00-05:00,61.45984479213094,62.14425360261299,60.462564021953305,62.124698638916016,2251000,0.0,0.0
2022-12-13 00:00:00-05:00,64.13881228953427,64.13881228953427,62.046479631835716,62.730892181396484,1860200,0.0,0.0
2022-12-14 00:00:00-05:00,62.721109008951046,63.904156283662715,62.13447131499222,62.50600814819336,1722300,0.0,0.0
2022-12-15 00:00:00-05:00,61.89982033786478,62.32024272071497,61.176301621181615,61.36206817626953,1802300,0.0,0.0
2022-12-16 00:00:00-05:00,59.426170237710316,60.05191412459953,58.4875544073765,59.475059509277344,6664000,0.0,0.0
2022-12-19 00:00:00-05:00,59.25018282225311,59.25018282225311,57.6173825035354,58.321346282958984,2854600,0.0,0.0
2022-12-20 00:00:00-05:00,57.85203332578184,58.15512966402176,57.32406423266392,57.63693618774414,3096300,0.0,0.0
2022-12-21 00:00:00-05:00,58.09646188666256,58.350672668612034,57.45116304516208,57.79336929321289,2961600,0.0,0.0
2022-12-22 00:00:00-05:00,57.54893969662105,57.88136660921407,56.8547552917064,57.70537567138672,3978600,0.0,0.0
2022-12-23 00:00:00-05:00,57.50983125103002,58.48755705091796,57.33384030867196,58.11602020263672,2517100,0.0,0.0
2022-12-27 00:00:00-05:00,58.116020914038664,58.272456894746554,57.49027699120708,58.145355224609375,2641500,0.0,0.0
2022-12-28 00:00:00-05:00,58.38978685139315,58.61466334122218,57.39250607276354,57.47072219848633,2040300,0.0,0.0
2022-12-29 00:00:00-05:00,57.930256015654535,58.604885502501816,57.54894353483963,58.50711441040039,4038800,0.0,0.0
2022-12-30 00:00:00-05:00,58.2848027529739,58.650378514121684,57.701855786719406,58.294681549072266,2267100,0.625,0.0
2023-01-03 00:00:00-05:00,58.729418611406544,58.91714965407724,57.60304743175906,58.136592864990234,2186500,0.0,0.0
2023-01-04 00:00:00-05:00,58.57133207427845,59.6285403862802,58.45276767764024,59.134517669677734,2646700,0.0,0.0
2023-01-05 00:00:00-05:00,58.462648523225134,58.75906517885412,56.69405000029423,56.78297424316406,2632900,0.0,0.0
2023-01-06 00:00:00-05:00,56.94106098529377,58.98631478848583,56.90153826226244,58.6503791809082,2691300,0.0,0.0
2023-01-09 00:00:00-05:00,58.18599774751142,58.92703185793636,57.68209621082399,57.89946365356445,7408900,0.0,0.0
2023-01-10 00:00:00-05:00,58.047672271728516,58.363846525553356,57.5536495289904,58.047672271728516,2802400,0.0,0.0
2023-01-11 00:00:00-05:00,58.383605101854364,60.705510374298974,58.294680861640636,60.65610885620117,2258100,0.0,0.0
2023-01-12 00:00:00-05:00,61.04144750453517,61.16001567385572,60.17197021075042,60.7845573425293,2077900,0.0,0.0
2023-01-13 00:00:00-05:00,60.03363902089659,60.4486200638622,59.45069206300994,59.89531326293945,2144300,0.0,0.0
2023-01-17 00:00:00-05:00,60.656110085823805,61.2390570570215,60.05340175316754,60.636348724365234,3148500,0.0,0.0
2023-01-18 00:00:00-05:00,60.82408117594439,61.04144861881133,59.70758872690807,60.00400161743164,2376000,0.0,0.0
2023-01-19 00:00:00-05:00,59.78662782936593,60.863597508169136,59.677945997162574,59.98423767089844,1932700,0.0,0.0
2023-01-20 00:00:00-05:00,59.97435878003371,60.646229978724776,59.20368077618559,60.59682846069336,2211700,0.0,0.0
2023-01-23 00:00:00-05:00,60.74503347188662,60.99204483299665,60.073162268139804,60.86359786987305,1965100,0.0,0.0
2023-01-24 00:00:00-05:00,60.932760054269345,62.246862289547224,60.46838126366472,61.85164260864258,2325000,0.0,0.0
2023-01-25 00:00:00-05:00,61.60463295976693,62.0393753746442,61.10073143327066,61.39714431762695,2118000,0.0,0.0
2023-01-26 00:00:00-05:00,61.71331872984148,62.177701303677885,61.29834144444291,61.48606872558594,4090300,0.0,0.0
2023-01-27 00:00:00-05:00,61.407027829530286,62.92861499777342,61.407027829530286,62.602561950683594,2430600,0.0,0.0
2023-01-30 00:00:00-05:00,62.14806214349724,62.592679593820094,61.1896568226528,61.3181037902832,2269100,0.0,0.0
2023-01-31 00:00:00-05:00,61.347743025311,62.889095306396484,61.26869757900667,62.889095306396484,9337300,0.0,0.0
2023-02-01 00:00:00-05:00,62.592678004863046,63.76845450737346,62.03937496282924,63.23490905761719,2327100,0.0,0.0
2023-02-02 00:00:00-05:00,63.936422116664545,66.2484524601005,63.887024365569744,65.55681610107422,2333500,0.0,0.0
2023-02-03 00:00:00-05:00,64.23283590316876,64.51936998418297,63.20526774517629,63.95618438720703,1817300,0.0,0.0
2023-02-06 00:00:00-05:00,63.18550876769416,63.37323605073632,62.671724669316596,63.21514892578125,1990000,0.0,0.0
2023-02-07 00:00:00-05:00,62.75076518121305,64.45020833881615,62.404950779641744,63.966060638427734,2324800,0.0,0.0
2023-02-08 00:00:00-05:00,64.07474846098734,64.62805906085599,63.53132796489149,64.45021057128906,2436800,0.0,0.0
2023-02-09 00:00:00-05:00,64.49960790894164,65.19124426979207,63.106463929003475,63.57084274291992,2305900,0.0,0.0
2023-02-10 00:00:00-05:00,64.2624761829078,64.82566178095969,62.96813530243908,64.04510498046875,2644300,0.0,0.0
2023-02-13 00:00:00-05:00,64.3711591243822,65.70501890274005,64.15378793092468,65.33943939208984,2357600,0.0,0.0
2023-02-14 00:00:00-05:00,65.24063928095589,65.78406728892985,64.68733624606493,65.50741577148438,1838100,0.0,0.0
2023-02-15 00:00:00-05:00,65.14183921141888,65.86311573320029,64.97387328791802,65.7939453125,1459700,0.0,0.0
2023-02-16 00:00:00-05:00,65.13195558785031,66.03108058408266,64.7762586155154,65.20111846923828,1545500,0.0,0.0
2023-02-17 00:00:00-05:00,65.1615929932124,65.1615929932124,64.02534678100707,65.0924301147461,5156000,0.0,0.0
2023-02-21 00:00:00-05:00,64.3513984206017,64.78614083741464,63.294190074597324,63.62024688720703,1942500,0.0,0.0
2023-02-22 00:00:00-05:00,64.05499037753574,64.18343357638824,63.264550977026595,63.51156234741211,1691400,0.0,0.0
2023-02-23 00:00:00-05:00,63.80797716498239,64.22295444608415,63.16574611288384,63.877140045166016,983300,0.0,0.0
2023-02-24 00:00:00-05:00,63.07682130897947,63.610362984339964,62.5037531421738,62.908851623535156,1365400,0.0,0.0
2023-02-27 00:00:00-05:00,63.70917328157422,63.87713919719204,61.81212407703664,62.05913543701172,1815500,0.0,0.0
2023-02-28 00:00:00-05:00,61.98997328674332,62.711246014061345,61.76271951609084,61.77260208129883,2803000,0.0,0.0
2023-03-01 00:00:00-05:00,61.248937527479825,61.60463071428582,59.490214108761634,60.21148681640625,1849700,0.0,0.0
2023-03-02 00:00:00-05:00,59.806389176179806,60.82407854064677,59.58902174273065,60.65610885620117,1245300,0.0,0.0
2023-03-03 00:00:00-05:00,61.071089540579294,62.09865392588251,60.636347138052734,61.82200241088867,1461800,0.0,0.0
2023-03-06 00:00:00-05:00,62.22710241901973,62.62232210939045,61.733079690603475,61.9504508972168,1259300,0.0,0.0
2023-03-07 00:00:00-05:00,61.92080668523498,62.04925364937781,60.251011227755384,60.42885971069336,1533500,0.0,0.0
2023-03-08 00:00:00-05:00,60.36957702003811,61.703440672859095,60.20161109843901,61.19953536987305,1187400,0.0,0.0
2023-03-09 00:00:00-05:00,61.27857885265575,61.56511293582763,59.91507508540187,60.1324462890625,1515000,0.0,0.0
2023-03-10 00:00:00-05:00,60.231250055126544,60.32017429687414,57.267113688999125,57.771018981933594,2171400,0.0,0.0
2023-03-13 00:00:00-04:00,57.53388655218039,59.44081458715514,57.45484487548986,58.53181457519531,2187400,0.0,0.0
2023-03-14 00:00:00-04:00,59.34201147575347,59.88543572302325,58.77882586706188,59.20368194580078,2369700,0.0,0.0
2023-03-15 00:00:00-04:00,58.78870352837544,59.54949896750455,58.2946808096496,59.25308609008789,1612800,0.0,0.0
2023-03-16 00:00:00-04:00,58.818344263002736,58.818344263002736,57.41532153720846,58.20575714111328,1362600,0.0,0.0
2023-03-17 00:00:00-04:00,58.1958784745785,58.40336711436018,56.81261333784543,56.891658782958984,3106100,0.0,0.0
2023-03-20 00:00:00-04:00,56.93117624641776,57.5635247143993,56.397634582242205,57.4647216796875,2357200,0.0,0.0
2023-03-21 00:00:00-04:00,57.73149560904475,58.00814712732454,56.49643880373247,56.74345016479492,2079700,0.0,0.0
2023-03-22 00:00:00-04:00,56.51620128801283,56.703928569276925,55.14281869626845,55.29102325439453,2050200,0.0,0.0
2023-03-23 00:00:00-04:00,55.40959179041921,55.7652849937318,54.589512240803835,54.797000885009766,2986600,0.0,0.0
2023-03-24 00:00:00-04:00,54.599998474121094,56.02000045776367,54.599998474121094,55.9900016784668,2421500,0.663,0.0
2023-03-27 00:00:00-04:00,56.41999816894531,56.880001068115234,56.099998474121094,56.18000030517578,1675500,0.0,0.0
2023-03-28 00:00:00-04:00,55.599998474121094,56.41999816894531,55.470001220703125,55.91999816894531,1373600,0.0,0.0
2023-03-29 00:00:00-04:00,56.5099983215332,57.65999984741211,56.380001068115234,57.58000183105469,1774300,0.0,0.0
2023-03-30 00:00:00-04:00,58.189998626708984,58.709999084472656,58.119998931884766,58.529998779296875,1324500,0.0,0.0
2023-03-31 00:00:00-04:00,58.72999954223633,60.08000183105469,58.72999954223633,60.0,2366800,0.0,0.0
2023-04-03 00:00:00-04:00,59.88999938964844,60.709999084472656,59.279998779296875,59.630001068115234,1674300,0.0,0.0
2023-04-04 00:00:00-04:00,59.869998931884766,59.869998931884766,58.5,59.38999938964844,1476800,0.0,0.0
2023-04-05 00:00:00-04:00,59.27000045776367,59.95000076293945,59.04999923706055,59.61000061035156,1438000,0.0,0.0
2023-04-06 00:00:00-04:00,60.02000045776367,60.18000030517578,59.33000183105469,60.13999938964844,1054600,0.0,0.0
2023-04-10 00:00:00-04:00,59.779998779296875,60.130001068115234,59.34000015258789,60.099998474121094,1462400,0.0,0.0
2023-04-11 00:00:00-04:00,60.279998779296875,60.7599983215332,59.849998474121094,60.27000045776367,1420300,0.0,0.0
2023-04-12 00:00:00-04:00,60.849998474121094,61.15999984741211,59.68000030517578,59.810001373291016,1887900,0.0,0.0
2023-04-13 00:00:00-04:00,59.83000183105469,60.33000183105469,59.2599983215332,60.040000915527344,1378400,0.0,0.0
2023-04-14 00:00:00-04:00,60.310001373291016,60.52000045776367,59.470001220703125,60.040000915527344,1489100,0.0,0.0
